0.7 0.00412026 -0.000888781 0.0396278 -1.86026 
0.733333 0.00429545 -0.00103043 0.0414424 -1.84185 
0.766667 0.00451886 -0.00102109 0.0415308 -1.82679 
0.8 0.0047551 -0.00103028 0.0399589 -1.81429 
0.833333 0.00491903 -0.00103709 0.0356138 -1.80616 
0.866667 0.00510596 -0.00107111 0.030554 -1.80028 
0.9 0.00527678 -0.0010423 0.0257868 -1.79581 
0.933333 0.0052889 -0.000995385 0.0221255 -1.79154 
0.966667 0.00525194 -0.00112239 0.0181781 -1.78887 
1 0.00539265 -0.00120476 0.0176851 -1.78339 
1.03333 0.00542602 -0.00136408 0.0179513 -1.77718 
1.06667 0.00551022 -0.00132597 0.0205174 -1.76817 
1.1 0.00549357 -0.00141061 0.0244105 -1.75674 
1.13333 0.00550877 -0.00150878 0.0275713 -1.74487 
1.16667 0.0055432 -0.00150127 0.0336974 -1.72845 
1.2 0.00551478 -0.00154284 0.0369427 -1.71338 
1.23333 0.00564525 -0.0014611 0.0395141 -1.69803 
1.26667 0.0056969 -0.00138252 0.0402505 -1.68399 
1.3 0.00574225 -0.00132125 0.0397255 -1.67119 
1.33333 0.00585985 -0.00125102 0.0370105 -1.66116 
1.36667 0.00605857 -0.00112814 0.0354579 -1.65065 
1.4 0.00617231 -0.00121422 0.0283425 -1.64723 
1.43333 0.00628622 -0.00130212 0.0230165 -1.64407 
1.46667 0.00648013 -0.00122989 0.0191429 -1.64097 
1.5 0.00649581 -0.00131378 0.0167952 -1.63736 
1.53333 0.00651793 -0.00146228 0.0170065 -1.63152 
1.56667 0.00657307 -0.00147905 0.0203223 -1.62193 
1.6 0.00659682 -0.00156629 0.0232915 -1.61165 
1.63333 0.00659184 -0.0015967 0.0286928 -1.59751 
1.66667 0.00668042 -0.00166936 0.0332072 -1.58262 
1.7 0.00662434 -0.00175874 0.0358646 -1.56841 
1.73333 0.00655544 -0.00180627 0.0388427 -1.55294 
1.76667 0.00660835 -0.001701 0.0424788 -1.5357 
1.8 0.00665936 -0.00168161 0.0441058 -1.51962 
1.83333 0.00673877 -0.00159102 0.0430257 -1.5062 
1.86667 0.00680292 -0.00149054 0.0419837 -1.49309 
1.9 0.00685455 -0.00145959 0.0389527 -1.48267 
1.93333 0.00704142 -0.00145961 0.0354675 -1.4738 
1.96667 0.00715229 -0.00152808 0.0305916 -1.46773 
2 0.00723073 -0.00165802 0.0258103 -1.46318 
2.03333 0.00737585 -0.00176587 0.0211641 -1.46006 
2.06667 0.00760249 -0.00181266 0.0211453 -1.45303 
2.1 0.00742872 -0.00198815 0.0186716 -1.4489 
2.13333 0.00744437 -0.00201439 0.0228381 -1.43776 
2.16667 0.00752333 -0.001991 0.0267962 -1.42547 
2.2 0.00755939 -0.00209927 0.0318383 -1.41059 
2.23333 0.00756638 -0.00217006 0.0369633 -1.39393 
2.26667 0.0075697 -0.00207492 0.0418458 -1.37584 
2.3 0.00758763 -0.00220178 0.0430066 -1.36052 
2.33333 0.00757029 -0.00208733 0.0461555 -1.34247 
2.36667 0.00762692 -0.00208674 0.0431163 -1.33067 
2.4 0.00768886 -0.00208702 0.0393652 -1.32073 
2.43333 0.00767847 -0.0019455 0.0377442 -1.30952 
2.46667 0.00782347 -0.00181614 0.0341738 -1.30115 
2.5 0.00788107 -0.00182394 0.0312107 -1.29326 
2.53333 0.00798975 -0.0018809 0.027309 -1.28746 
2.56667 0.00809603 -0.00193013 0.0230786 -1.28335 
2.6 0.0082188 -0.00204606 0.023284 -1.27542 
2.63333 0.00824961 -0.00221298 0.0235456 -1.26735 
2.66667 0.00819049 -0.00230519 0.0266834 -1.25579 
2.7 0.00819314 -0.00231852 0.0292567 -1.24386 
2.73333 0.00821108 -0.00236455 0.0336393 -1.22894 
2.76667 0.0081511 -0.00248475 0.039606 -1.21068 
2.8 0.0079134 -0.00258161 0.0427835 -1.19373 
2.83333 0.0080718 -0.00259773 0.0470068 -1.17448 
2.86667 0.00808122 -0.00256439 0.0481572 -1.15745 
2.9 0.00810841 -0.00249163 0.0492172 -1.14015 
2.93333 0.00806851 -0.00237265 0.0471429 -1.12619 
2.96667 0.00817578 -0.00225392 0.0429305 -1.11545 
3 0.00831004 -0.00230591 0.0392312 -1.10551 
3.03333 0.00839105 -0.00223193 0.0355783 -1.09674 
3.06667 0.00847827 -0.00225603 0.0309977 -1.09029 
3.1 0.00858741 -0.00231981 0.0272375 -1.0844 
3.13333 0.00864343 -0.00230714 0.0275487 -1.07495 
3.16667 0.00881411 -0.00249834 0.0278783 -1.06538 
3.2 0.00888769 -0.00268826 0.0306602 -1.0528 
3.23333 0.00897136 -0.00273189 0.0333191 -1.03944 
3.26667 0.0089008 -0.00285204 0.0367538 -1.02428 
3.3 0.00887942 -0.00296489 0.0427674 -1.00493 
3.33333 0.00881554 -0.00302245 0.0461741 -0.986654 
3.36667 0.00878196 -0.00298611 0.0482415 -0.968823 
3.4 0.00883149 -0.00292099 0.0483786 -0.95258 
3.43333 0.00884677 -0.00289291 0.048375 -0.936458 
3.46667 0.00883532 -0.0028008 0.0457673 -0.923412 
3.5 0.0089015 -0.00272186 0.0428967 -0.911545 
3.53333 0.00902725 -0.00268771 0.0378306 -0.903226 
3.56667 0.00906601 -0.00265167 0.0345911 -0.89444 
3.6 0.00921313 -0.00268042 0.0306767 -0.88753 
3.63333 0.00924669 -0.0027037 0.0267134 -0.881983 
3.66667 0.00932843 -0.00278731 0.025829 -0.874123 
3.7 0.0093354 -0.00291078 0.0275058 -0.863534 
3.73333 0.00931413 -0.00294877 0.0282074 -0.853537 
3.76667 0.00931127 -0.00305704 0.0305448 -0.841375 
3.8 0.00927115 -0.00321227 0.0339506 -0.827173 
3.83333 0.00920761 -0.00326633 0.0397041 -0.809065 
3.86667 0.00913255 -0.00332972 0.0449214 -0.789671 
3.9 0.00911709 -0.00318759 0.0501039 -0.768579 
3.93333 0.00901693 -0.00310036 0.051188 -0.750598 
3.96667 0.00902914 -0.00305889 0.0500253 -0.734908 
4 0.00911658 -0.00296405 0.0475328 -0.721176 
4.03333 0.00916733 -0.00286985 0.0434625 -0.710136 
4.06667 0.00919679 -0.00274733 0.0396049 -0.700202 
4.1 0.00929384 -0.0027294 0.0359942 -0.691263 
4.13333 0.00936237 -0.00277628 0.03247 -0.683425 
4.16667 0.00939425 -0.00275989 0.0290916 -0.67659 
4.2 0.00944982 -0.00281072 0.028749 -0.667297 
4.23333 0.00944496 -0.00292731 0.028618 -0.657869 
4.26667 0.00938145 -0.00304179 0.0314946 -0.644934 
4.3 0.009354 -0.00311503 0.0340305 -0.631442 
4.33333 0.00918367 -0.00315558 0.0384569 -0.614873 
4.36667 0.00915683 -0.00321933 0.0435634 -0.596026 
4.4 0.00915329 -0.00319399 0.0479471 -0.576331 
4.43333 0.00911732 -0.00322681 0.0512753 -0.556419 
4.46667 0.00910022 -0.00316954 0.0541825 -0.535896 
