0.166667 0.040652 -0.012011 0.938754 2.053190 0.876467 0.351663 
0.200000 0.059122 -0.003240 0.543996 2.043260 0.878284 0.352141 
0.233333 0.065900 -0.002984 -0.084452 2.099510 0.873750 0.355788 
0.266667 0.056297 0.002203 -0.549319 2.051010 0.875136 0.357097 
0.300000 0.047042 0.004892 -0.587599 2.025180 0.873986 0.358598 
0.333333 0.049526 -0.000878 -0.437505 2.016480 0.872508 0.359274 
0.366667 0.057729 -0.011070 -0.393008 2.020710 0.871914 0.361132 
0.400000 0.063396 -0.009254 -0.343003 1.988290 0.872311 0.363846 
0.433333 0.064969 -0.003574 -0.123332 1.974070 0.871608 0.365724 
0.466667 0.066390 -0.011198 0.189461 1.996760 0.869507 0.367202 
0.500000 0.066358 -0.022576 0.501510 1.988590 0.870102 0.369382 
0.533333 0.058100 -0.025601 0.760726 2.015510 0.870283 0.372896 
0.566667 0.046329 -0.019024 0.907560 2.053490 0.869761 0.373914 
0.600000 0.042904 -0.012596 1.005091 2.080840 0.869260 0.375904 
0.633333 0.044908 -0.008379 1.119483 2.101480 0.870086 0.375303 
0.666667 0.041699 -0.004752 1.131377 2.160320 0.867655 0.380554 
0.700000 0.043084 0.000306 0.940522 2.192710 0.868185 0.378509 
0.733333 0.060345 0.003979 0.583733 2.205380 0.867145 0.380162 
0.766667 0.078623 0.002698 0.098707 2.238640 0.865677 0.383042 
0.800000 0.080867 -0.001236 -0.414072 2.220980 0.862845 0.384667 
0.833333 0.073646 -0.011895 -0.738013 2.202080 0.862376 0.386824 
0.866667 0.068794 -0.021118 -0.746664 2.170720 0.861090 0.389068 
0.900000 0.067321 -0.022389 -0.541010 2.145980 0.860891 0.391240 
0.933333 0.068231 -0.016292 -0.303078 2.139370 0.859839 0.394307 
0.966667 0.073737 -0.011962 -0.053670 2.139350 0.859830 0.395335 
1.000000 0.081021 -0.018456 0.285998 2.118620 0.857812 0.398532 
1.033330 0.081023 -0.035719 0.644817 2.157220 0.856705 0.400429 
1.066670 0.072454 -0.036499 0.880989 2.174600 0.857698 0.404555 
1.100000 0.057667 -0.019708 0.999107 2.209070 0.857001 0.406575 
1.133330 0.046498 -0.002190 1.102897 2.247100 0.855234 0.408172 
1.166670 0.050533 0.002693 1.193327 2.272360 0.855051 0.408775 
1.200000 0.068652 -0.006754 1.099649 2.321170 0.854107 0.410071 
1.233330 0.081964 -0.017440 0.731099 2.370140 0.851087 0.412228 
1.266670 0.077831 -0.007649 0.258989 2.357930 0.851280 0.415305 
1.300000 0.063918 0.009957 -0.092922 2.382280 0.848332 0.417796 
1.333330 0.060808 0.014848 -0.222862 2.363530 0.847110 0.416699 
1.366670 0.074845 -0.005151 -0.209603 2.344960 0.845243 0.418267 
1.400000 0.090742 -0.030641 -0.297239 2.357960 0.843001 0.421362 
1.433330 0.094388 -0.033502 -0.527453 2.344910 0.843131 0.424414 
1.466670 0.083451 -0.019815 -0.572664 2.320010 0.840798 0.427991 
1.500000 0.070911 -0.013461 -0.256776 2.276760 0.839109 0.429664 
1.533330 0.072633 -0.028419 0.177771 2.316300 0.838401 0.430696 
1.566670 0.085707 -0.037671 0.523643 2.306600 0.838079 0.433947 
1.600000 0.086013 -0.032858 0.801025 2.330080 0.836497 0.438048 
1.633330 0.072242 -0.017049 1.015990 2.367150 0.834757 0.440265 
1.666670 0.062834 -0.003077 1.181134 2.406740 0.834361 0.441290 
1.700000 0.062645 -0.000572 1.326153 2.434560 0.832517 0.442849 
1.733330 0.061373 -0.010497 1.273672 2.482480 0.830140 0.444321 
1.766670 0.058738 -0.018623 0.824784 2.544560 0.829313 0.445764 
1.800000 0.066729 -0.010558 0.181903 2.543080 0.828695 0.448003 
1.833330 0.082801 0.000699 -0.247365 2.540460 0.826487 0.448944 
1.866670 0.095203 0.001294 -0.359942 2.518380 0.823343 0.450409 
1.900000 0.099710 -0.012379 -0.324824 2.526040 0.820580 0.452920 
1.933330 0.098597 -0.020195 -0.252857 2.502050 0.819305 0.454425 
1.966670 0.090953 -0.020084 -0.188824 2.493690 0.816326 0.458674 
2.000000 0.082447 -0.018241 -0.169389 2.505500 0.813991 0.459558 
2.033330 0.082157 -0.018702 -0.097938 2.482540 0.814257 0.461732 
2.066670 0.083944 -0.030475 0.161725 2.490890 0.809918 0.464436 
2.100000 0.081639 -0.042586 0.529490 2.485740 0.810016 0.466396 
2.133330 0.075542 -0.044936 0.801202 2.536710 0.808112 0.470024 
2.166670 0.074847 -0.026960 0.936053 2.544870 0.807893 0.472565 
2.200000 0.074977 -0.012670 1.050749 2.590050 0.805377 0.474121 
2.233330 0.074372 -0.009698 1.200122 2.619230 0.802655 0.474955 
2.266670 0.075046 -0.010421 1.252253 2.658040 0.801926 0.477514 
2.300000 0.080249 -0.007132 1.001897 2.709700 0.799384 0.478450 
2.333330 0.088299 -0.004541 0.465669 2.742070 0.796379 0.479924 
2.366670 0.093907 -0.008663 -0.104519 2.725480 0.794800 0.480834 
2.400000 0.093935 -0.023577 -0.489813 2.732120 0.790330 0.482961 
2.433330 0.093169 -0.028788 -0.558480 2.712030 0.788772 0.484144 
2.466670 0.093884 -0.014315 -0.349471 2.658980 0.787790 0.488508 
2.500000 0.091713 -0.008130 -0.147565 2.703900 0.782349 0.488313 
2.533330 0.092769 -0.010960 -0.085912 2.671790 0.781759 0.490067 
2.566670 0.097541 -0.026230 0.016498 2.677610 0.778719 0.491875 
2.600000 0.097809 -0.034093 0.240425 2.669790 0.775799 0.494894 
2.633330 0.088383 -0.036631 0.496633 2.699770 0.774004 0.497608 
2.666670 0.079172 -0.034145 0.783361 2.715870 0.771604 0.498743 
2.700000 0.077049 -0.030312 1.046779 2.716910 0.770071 0.502280 
2.733330 0.077476 -0.032429 1.109407 2.813750 0.768236 0.502274 
2.766670 0.082114 -0.021368 1.018172 2.800610 0.765261 0.506005 
2.800000 0.083664 -0.012762 0.970496 2.854080 0.764070 0.506350 
2.833330 0.083861 -0.004854 0.922087 2.874630 0.759943 0.507318 
2.866670 0.083482 -0.004740 0.704868 2.917640 0.758398 0.508644 
2.900000 0.086473 -0.007475 0.313275 2.927190 0.755098 0.508953 
2.933330 0.092933 -0.015071 -0.131535 2.931930 0.752711 0.509789 
2.966670 0.097732 -0.023562 -0.483376 2.923340 0.749439 0.511740 
3.000000 0.097166 -0.027474 -0.582649 2.900910 0.746508 0.512277 
3.033330 0.096500 -0.024468 -0.387103 2.874270 0.742938 0.515475 
3.066670 0.103014 -0.022592 -0.128579 2.868040 0.741733 0.516077 
3.100000 0.110923 -0.032368 -0.076740 2.880540 0.737234 0.517778 
3.133330 0.109642 -0.044746 -0.098960 2.876980 0.733550 0.519887 
3.166670 0.101179 -0.041522 0.194448 2.863520 0.731384 0.522731 
3.200000 0.092394 -0.024082 0.778223 2.856540 0.728837 0.525979 
3.233330 0.085049 -0.020651 1.192800 2.941270 0.725089 0.525032 
3.266670 0.083175 -0.022759 1.268235 2.956500 0.723351 0.526988 
3.300000 0.084251 -0.025638 1.226375 3.001350 0.720753 0.529047 
3.333330 0.088326 -0.025020 1.099132 3.035950 0.717527 0.529927 
3.366670 0.096457 -0.030600 0.680137 3.076370 0.714717 0.530147 
3.400000 0.107198 -0.031910 0.085650 3.107400 0.712270 0.532014 
3.433330 0.112083 -0.008326 -0.160183 3.076960 0.707326 0.533486 
