0.7 0.00384734 0.00131308 -0.0179773 -0.495621 
0.733333 0.00406503 0.00137394 -0.0175705 -0.50375 
0.766667 0.00425007 0.0014884 -0.015779 -0.507293 
0.8 0.00439327 0.00157893 -0.0145982 -0.511208 
0.833333 0.00455452 0.00164187 -0.0137844 -0.514909 
0.866667 0.00472127 0.00174013 -0.0146755 -0.520395 
0.9 0.00480768 0.00184087 -0.0192922 -0.530663 
0.933333 0.00484149 0.00191423 -0.0246775 -0.54346 
0.966667 0.00485117 0.0019537 -0.0305632 -0.558645 
1 0.00481086 0.00203945 -0.0355515 -0.574724 
1.03333 0.00479611 0.00205334 -0.0390405 -0.590694 
1.06667 0.00474627 0.00194854 -0.0427891 -0.608137 
1.1 0.00484955 0.00191697 -0.0427496 -0.622356 
1.13333 0.00499079 0.00186213 -0.0398969 -0.633239 
1.16667 0.00503671 0.00180566 -0.0357627 -0.641658 
1.2 0.00519658 0.00184461 -0.0300529 -0.646838 
1.23333 0.0053281 0.00190247 -0.0239828 -0.64969 
1.26667 0.00544076 0.00192809 -0.0212536 -0.654463 
1.3 0.00549575 0.00202142 -0.0198402 -0.659879 
1.33333 0.00561384 0.00206162 -0.0224218 -0.66954 
1.36667 0.00557887 0.00216708 -0.0248414 -0.67987 
1.4 0.00558567 0.00225328 -0.0282458 -0.692169 
1.43333 0.00560855 0.00229874 -0.0334089 -0.707679 
1.46667 0.00570684 0.00238033 -0.0384443 -0.72476 
1.5 0.00577721 0.00240783 -0.0422553 -0.742073 
1.53333 0.00581427 0.00236452 -0.0443549 -0.758637 
1.56667 0.00593435 0.00228441 -0.0433549 -0.772241 
1.6 0.00609081 0.00221668 -0.0403851 -0.783187 
1.63333 0.00621157 0.00220434 -0.0353639 -0.790721 
1.66667 0.00635198 0.00222353 -0.0309152 -0.797258 
1.7 0.00650607 0.00231177 -0.0277116 -0.803781 
1.73333 0.00660768 0.00236738 -0.0267515 -0.811885 
1.76667 0.00672004 0.00249789 -0.0261388 -0.820079 
1.8 0.00677029 0.0026638 -0.0284932 -0.831571 
1.83333 0.00680522 0.00277922 -0.0324866 -0.845783 
1.86667 0.00677647 0.00291308 -0.0373278 -0.862327 
1.9 0.00674554 0.00297353 -0.0418663 -0.880127 
1.93333 0.00674209 0.0029879 -0.045341 -0.898184 
1.96667 0.00678757 0.00294139 -0.0488335 -0.91742 
2 0.00685396 0.00290865 -0.0490755 -0.933984 
2.03333 0.0069758 0.00281343 -0.047958 -0.949023 
2.06667 0.00709767 0.00271905 -0.0456021 -0.962228 
2.1 0.00727126 0.00272588 -0.041027 -0.972028 
2.13333 0.00737213 0.00273454 -0.0373206 -0.981329 
2.16667 0.00745424 0.00277726 -0.0334224 -0.989167 
2.2 0.00745043 0.00282332 -0.0297901 -0.99602 
2.23333 0.00748576 0.00291112 -0.02883 -1.00482 
2.26667 0.00747288 0.00301416 -0.031093 -1.0171 
2.3 0.00745516 0.00318912 -0.0348898 -1.03194 
2.33333 0.00742817 0.00331552 -0.0406131 -1.05033 
2.36667 0.00736868 0.00330134 -0.0446874 -1.06868 
2.4 0.00727959 0.00327953 -0.0485563 -1.08814 
2.43333 0.00719784 0.0031372 -0.050015 -1.10605 
2.46667 0.00722837 0.00295371 -0.0485899 -1.12104 
2.5 0.00726366 0.00283571 -0.0463775 -1.13462 
2.53333 0.00742886 0.00271153 -0.0408724 -1.14358 
2.56667 0.0075576 0.00267402 -0.0368877 -1.1525 
2.6 0.00775884 0.00265567 -0.0319431 -1.15896 
2.63333 0.00787637 0.00273685 -0.029678 -1.16694 
2.66667 0.00804377 0.00285238 -0.0285644 -1.17551 
2.7 0.00816797 0.00296505 -0.0290496 -1.18561 
2.73333 0.00817838 0.00306554 -0.0338332 -1.20094 
2.76667 0.00815741 0.00317842 -0.03813 -1.21729 
2.8 0.00812395 0.00334806 -0.0428239 -1.23554 
2.83333 0.00811421 0.00334562 -0.0474324 -1.25525 
2.86667 0.00818246 0.00327806 -0.048699 -1.27256 
2.9 0.00824793 0.00317275 -0.0497519 -1.29004 
2.93333 0.00836627 0.0030234 -0.0484416 -1.30507 
2.96667 0.00840054 0.00291153 -0.0460437 -1.31839 
3 0.00852529 0.00281968 -0.042531 -1.32959 
3.03333 0.00856665 0.00272637 -0.0388825 -1.33946 
3.06667 0.00867107 0.00268586 -0.0341884 -1.34688 
3.1 0.00876556 0.00283043 -0.0311604 -1.3547 
3.13333 0.00884348 0.00289695 -0.0302962 -1.36407 
3.16667 0.00896019 0.00301353 -0.0321334 -1.37634 
3.2 0.00901982 0.00320758 -0.0356236 -1.39117 
3.23333 0.00899424 0.00335245 -0.0393086 -1.40739 
3.26667 0.00895426 0.00339683 -0.0464049 -1.42887 
3.3 0.0089679 0.00333471 -0.0505947 -1.44929 
3.33333 0.0088965 0.00327736 -0.0525436 -1.46845 
3.36667 0.0089011 0.0031522 -0.0527012 -1.48615 
3.4 0.00889663 0.00302061 -0.0508396 -1.50152 
3.43333 0.00887484 0.00290588 -0.0485901 -1.51581 
3.46667 0.00890573 0.00282411 -0.042677 -1.52503 
3.5 0.00890048 0.00280548 -0.0373796 -1.533 
3.53333 0.00900195 0.00271498 -0.0338766 -1.54133 
3.56667 0.00899843 0.00274388 -0.0338692 -1.55261 
3.6 0.00896329 0.00291412 -0.0370979 -1.56771 
3.63333 0.00889352 0.00310223 -0.0403184 -1.58388 
3.66667 0.00890257 0.00325257 -0.0458106 -1.6038 
3.7 0.00886368 0.00338738 -0.0507131 -1.62486 
3.73333 0.00890753 0.00344177 -0.0534134 -1.64495 
3.76667 0.00894589 0.00342166 -0.0565953 -1.66651 
3.8 0.00882135 0.00335144 -0.0584546 -1.68757 
3.83333 0.00886557 0.00321623 -0.0574412 -1.70586 
3.86667 0.0088459 0.00309758 -0.0551227 -1.72227 
3.9 0.0088538 0.00299195 -0.0500105 -1.73461 
3.93333 0.00890626 0.00292293 -0.0443662 -1.74462 
3.96667 0.00890867 0.00291119 -0.0415191 -1.75604 
4 0.00887176 0.00298689 -0.0372995 -1.7649 
4.03333 0.00881025 0.00309684 -0.0345217 -1.77406 
4.06667 0.00870122 0.0031946 -0.0368514 -1.78831 
4.1 0.00881718 0.00339318 -0.0416979 -1.80632 
4.13333 0.00885276 0.00352255 -0.04693 -1.8264 
4.16667 0.00882763 0.00363445 -0.0524191 -1.84852 
4.2 0.00886311 0.00367942 -0.0561335 -1.87038 
4.23333 0.00890283 0.00370178 -0.0575418 -1.89075 
4.26667 0.00889655 0.00365122 -0.0586252 -1.91121 
4.3 0.00895862 0.00359214 -0.0555446 -1.92711 
4.33333 0.00908236 0.00347192 -0.0509452 -1.9402 
4.36667 0.00915653 0.00334712 -0.0466588 -1.95212 
4.4 0.00919321 0.00330132 -0.041159 -1.96118 
4.43333 0.0092581 0.00324332 -0.0366732 -1.96961 
4.46667 0.00916611 0.00326194 -0.0350223 -1.97988 
4.5 0.00920976 0.00342003 -0.0340425 -1.9904 
4.53333 0.00930571 0.00358903 -0.0355771 -2.00356 
4.56667 0.00923791 0.00374023 -0.0408256 -2.02161 
4.6 0.00930795 0.00387472 -0.0455789 -2.04083 
4.63333 0.00935994 0.00399422 -0.050669 -2.06203 
4.66667 0.00936175 0.00398809 -0.054039 -2.0829 
4.7 0.00941354 0.00383818 -0.0550355 -2.10209 
4.73333 0.00952856 0.00378163 -0.0543234 -2.1196 
4.76667 0.00962282 0.00371998 -0.0533028 -2.1365 
4.8 0.00987102 0.00375693 -0.0495638 -2.14985 
4.83333 0.00990164 0.00367515 -0.0433647 -2.15906 
4.86667 0.00992364 0.00368992 -0.040082 -2.16964 
4.9 0.00998202 0.00372752 -0.0371192 -2.1795 
4.93333 0.00997253 0.00379048 -0.0361944 -2.19078 
4.96667 0.00993376 0.00389903 -0.0381479 -2.20515 
5 0.00982801 0.00402623 -0.0401053 -2.22018 
5.03333 0.00977221 0.00410316 -0.0432425 -2.23725 
5.06667 0.00961531 0.00417736 -0.047957 -2.25723 
5.1 0.00966299 0.00420409 -0.0495848 -2.27514 
5.13333 0.00964767 0.00416125 -0.0519699 -2.29448 
5.16667 0.00969068 0.00408619 -0.0526198 -2.31257 
5.2 0.00975458 0.00402818 -0.0512 -2.32843 
5.23333 0.00978245 0.00394523 -0.0494138 -2.34339 
5.26667 0.00988157 0.00387023 -0.0439778 -2.35345 
5.3 0.0100066 0.00380397 -0.0392826 -2.36256 
5.33333 0.0100226 0.00387697 -0.0373504 -2.37338 
5.36667 0.00997798 0.00393572 -0.0357136 -2.3839 
5.4 0.00991408 0.00401406 -0.0362145 -2.39639 
5.43333 0.00992513 0.00414745 -0.0387419 -2.41145 
5.46667 0.00986567 0.00422089 -0.043178 -2.4296 
5.5 0.00978398 0.00430206 -0.0485872 -2.45037 
5.53333 0.0096081 0.00423153 -0.051581 -2.4701 
5.56667 0.00943852 0.00415155 -0.0541207 -2.4903 
5.6 0.00938068 0.00400083 -0.0547197 -2.50904 
5.63333 0.00935817 0.00388582 -0.0524652 -2.52462 
5.66667 0.00938504 0.00378309 -0.0501263 -2.53935 
5.7 0.00943823 0.00362872 -0.0480253 -2.55358 
5.73333 0.00952727 0.00355447 -0.0432797 -2.56398 
5.76667 0.00954789 0.00353991 -0.0392532 -2.57366 
5.8 0.00968241 0.00359764 -0.0371014 -2.5842 
5.83333 0.00957151 0.00369249 -0.0369204 -2.59636 
5.86667 0.00952739 0.00381154 -0.0379338 -2.60986 
5.9 0.00957582 0.00393335 -0.0409683 -2.62609 
5.93333 0.00946072 0.00405106 -0.0450734 -2.64459 
5.96667 0.00932657 0.00416255 -0.0486192 -2.6638 
6 0.00920649 0.00408832 -0.0544386 -2.68687 
6.03333 0.00914099 0.00402031 -0.0575891 -2.70874 
6.06667 0.0091184 0.00389034 -0.0561128 -2.72619 
6.1 0.00910639 0.0036988 -0.0548187 -2.74337 
6.13333 0.00913631 0.00362574 -0.0520831 -2.75841 
6.16667 0.00916731 0.00360058 -0.0473608 -2.7702 
6.2 0.00924959 0.0036323 -0.0427895 -2.78059 
