0.276 20 50 
0.37 20 50 
0.464 20 50 
0.542 20 50 
0.62 20 50 
0.698 20 50 
0.808 20 50 
0.901 20 50 
0.979 20 50 
1.057 20 50 
1.135 20 50 
1.213 20 50 
1.307 20 50 
1.385 20 50 
1.48 20 50 
1.557 20 50 
1.62 20 50 
1.682 20 50 
1.76 20 50 
1.823 20 50 
1.917 20 50 
1.995 20 50 
2.073 20 50 
2.167 20 50 
2.23 20 50 
2.293 20 50 
2.354 20 50 
2.432 20 50 
2.494 20 50 
2.558 20 50 
2.65 20 50 
2.745 20 50 
2.807 20 50 
2.901 20 50 
2.995 20 50 
3.072 20 50 
3.152 20 50 
3.229 20 50 
3.324 20 50 
3.402 20 50 
3.496 20 50 
3.558 20 50 
3.635 20 50 
3.729 20 50 
3.792 20 50 
3.871 20 50 
3.949 20 50 
4.026 20 50 
4.12 20 50 
4.198 20 50 
4.26 20 50 
4.338 20 50 
4.417 20 50 
4.479 20 50 
4.557 20 50 
4.636 20 50 
4.73 20 50 
4.791 20 50 
4.854 20 50 
4.933 20 50 
4.994 20 50 
5.057 20 50 
5.121 20 50 
5.182 20 50 
5.261 20 50 
5.339 20 50 
5.418 20 50 
5.495 20 50 
5.558 20 50 
5.62 20 50 
5.699 20 50 
5.761 20 50 
5.839 20 50 
5.917 20 50 
5.994 20 50 
6.073 20 50 
6.182 20 50 
6.261 20 50 
6.322 20 50 
6.386 20 50 
6.448 20 50 
6.557 20 50 
6.652 20 50 
6.729 20 50 
6.823 20 50 
6.902 20 50 
6.963 20 50 
7.026 20 50 
7.121 20 50 
7.182 20 50 
7.245 20 50 
7.339 20 50 
7.449 20 50 
7.526 20 50 
7.59 20 50 
7.681 20 50 
7.776 20 50 
7.838 20 50 
7.917 20 50 
7.995 20 50 
8.089 20 50 
8.15 20 50 
8.229 20 50 
8.292 20 50 
8.386 20 50 
8.448 20 50 
8.527 20 50 
8.604 20 50 
8.699 20 50 
8.791 20 50 
8.855 20 50 
8.932 20 50 
8.995 20 50 
9.073 20 50 
9.183 20 50 
9.262 20 50 
9.339 20 50 
9.431 20 50 
9.494 20 50 
9.558 20 50 
9.636 20 50 
9.73 20 50 
9.808 20 50 
9.902 20 50 
9.994 20 50 
10.073 20 50 
10.136 20 50 
10.214 20 50 
10.277 20 50 
10.355 20 50 
10.432 20 50 
10.542 20 50 
10.621 20 50 
10.699 20 50 
10.793 20 50 
10.854 20 50 
10.933 20 50 
10.995 20 50 
11.058 20 50 
11.121 20 50 
11.182 20 50 
11.245 20 50 
11.339 20 50 
11.433 20 50 
11.541 20 50 
11.636 20 50 
11.729 20 50 
11.792 20 50 
11.87 20 50 
11.963 20 50 
12.058 20 50 
12.136 20 50 
12.229 20 50 
12.307 20 50 
12.401 20 50 
12.48 20 50 
12.558 20 50 
12.636 20 50 
12.73 20 50 
12.84 20 50 
12.931 20 50 
12.995 20 50 
13.057 20 50 
13.135 20 50 
13.245 20 50 
13.339 20 50 
13.432 20 50 
13.527 20 50 
13.588 20 50 
13.651 20 50 
13.73 20 50 
13.808 20 50 
13.885 20 50 
13.964 20 50 
14.026 20 50 
14.12 20 50 
14.214 20 50 
14.293 20 50 
14.355 20 50 
14.417 20 50 
14.479 20 50 
14.573 20 50 
14.667 20 50 
14.761 20 50 
