0.7 0.00555601 0.000248121 -0.00918005 0.0659815 
0.733333 0.00590378 0.000139591 -0.00802854 0.0616105 
0.766667 0.00620578 -3.88108e-005 -0.00602428 0.0608672 
0.8 0.00645237 -0.000265743 -0.00242101 0.0629078 
0.833333 0.0066262 -0.000330034 0.00332593 0.0690005 
0.866667 0.00674506 -0.000435023 0.00842171 0.0761878 
0.9 0.00689052 -0.000412856 0.0127422 0.0841846 
0.933333 0.00702464 -0.000317008 0.0157449 0.0920431 
0.966667 0.00708362 -0.000165286 0.0146963 0.096078 
1 0.00710766 4.50957e-005 0.0111705 0.0968174 
1.03333 0.00725315 0.000159276 0.00541472 0.0937426 
1.06667 0.00729739 0.000323233 -0.000570184 0.0884815 
1.1 0.00738446 0.00043638 -0.00590362 0.0819935 
1.13333 0.00741244 0.000481379 -0.0104576 0.0746489 
1.16667 0.00749809 0.000482398 -0.0128098 0.0683861 
1.2 0.00764445 0.000389525 -0.0121751 0.0648653 
1.23333 0.00771407 0.000202965 -0.0105835 0.0626858 
1.26667 0.0077952 2.86011e-005 -0.00793498 0.0622843 
1.3 0.00788328 -2.01189e-005 -0.00390872 0.0643922 
1.33333 0.00799968 -0.000212482 0.00220319 0.0703042 
1.36667 0.00810555 -0.000303903 0.00819618 0.0781131 
1.4 0.00824288 -0.000294444 0.0121246 0.0854824 
1.43333 0.00833211 -0.000228646 0.013876 0.0915914 
1.46667 0.00845753 -8.26275e-005 0.0128769 0.0950373 
1.5 0.00856861 0.000119535 0.0107338 0.0967999 
1.53333 0.00867071 0.000332118 0.00818965 0.0973745 
1.56667 0.00879506 0.000398386 0.00156109 0.0922796 
1.6 0.00897259 0.000498116 -0.00468295 0.0854291 
1.63333 0.00908028 0.000490769 -0.0103897 0.0771316 
1.66667 0.0091946 0.000444985 -0.013868 0.0695623 
1.7 0.0093696 0.00046378 -0.0131535 0.0657831 
1.73333 0.00946445 0.000373064 -0.0112441 0.0636526 
1.76667 0.00947984 0.000194014 -0.00811171 0.0636022 
1.8 0.00951687 5.75105e-005 -0.00398826 0.0657659 
1.83333 0.00957681 -5.26547e-005 -0.000305543 0.0687837 
1.86667 0.00969641 -0.000163654 0.00545945 0.0754872 
1.9 0.00975867 -0.000239341 0.0106397 0.0834222 
1.93333 0.00978188 -0.000210764 0.0137672 0.0906606 
1.96667 0.00991851 -3.32053e-005 0.0141753 0.0957314 
2 0.0100607 0.000118546 0.0117965 0.0976484 
2.03333 0.0101778 0.000254434 0.00886431 0.0981193 
2.06667 0.0102348 0.000392998 0.00402037 0.095356 
2.1 0.0103577 0.000471693 -0.00153466 0.0901386 
2.13333 0.0104784 0.000504283 -0.00822967 0.0817238 
2.16667 0.0106853 0.000550514 -0.0111803 0.0754975 
2.2 0.0107653 0.000490713 -0.0126137 0.0700787 
2.23333 0.0108406 0.000267901 -0.0116852 0.0669701 
2.26667 0.0110038 9.95424e-005 -0.00990408 0.0651776 
2.3 0.0110296 -2.08473e-006 -0.0036206 0.0692937 
2.33333 0.0111381 -8.77392e-005 0.00207587 0.0748112 
2.36667 0.0112561 -7.07417e-005 0.00976636 0.0845815 
2.4 0.0113723 -0.000135342 0.0151417 0.0941823 
2.43333 0.0113719 -0.000179793 0.0161504 0.10042 
2.46667 0.0114888 -0.000126761 0.0161403 0.105792 
2.5 0.0116035 -1.1704e-005 0.013714 0.108308 
2.53333 0.0117066 6.07966e-005 0.0109271 0.109589 
2.56667 0.011841 0.000205597 0.0065977 0.108121 
2.6 0.0120682 0.000382799 0.0015467 0.104358 
2.63333 0.0122233 0.000447611 -0.0054021 0.0966705 
2.66667 0.0122766 0.000447682 -0.00975756 0.0897284 
2.7 0.0122753 0.000369202 -0.00982121 0.0864007 
2.73333 0.0122961 0.000192403 -0.00845422 0.0847407 
2.76667 0.0123175 2.01395e-005 -0.00537118 0.085562 
2.8 0.0123554 -9.55195e-005 -0.00219027 0.0875265 
2.83333 0.0123279 -0.000206022 0.00185236 0.0915686 
2.86667 0.0123469 -0.000260798 0.00864052 0.100199 
2.9 0.0123243 -0.000371227 0.0121027 0.107166 
2.93333 0.0123833 -0.00035966 0.0153585 0.115044 
2.96667 0.0124783 -0.000194222 0.0145751 0.119239 
3 0.0125681 -0.000102095 0.0121211 0.1212 
3.03333 0.0126907 4.19764e-005 0.00889183 0.121429 
3.06667 0.0127288 0.000159362 0.00452595 0.119239 
3.1 0.0128123 0.000213972 -0.00311946 0.111722 
3.13333 0.012872 0.000309125 -0.0103039 0.102201 
3.16667 0.0129819 0.000319397 -0.0141246 0.0942566 
3.2 0.0130565 0.000242609 -0.0149112 0.0886199 
3.23333 0.0132 0.000121772 -0.0129287 0.0859898 
3.26667 0.0133368 4.02741e-005 -0.00976614 0.0854135 
3.3 0.0134762 -0.000117213 -0.00595885 0.0866525 
3.33333 0.0133768 -0.00027863 -0.00115983 0.0903312 
3.36667 0.0133542 -0.000350328 0.00535844 0.0976392 
3.4 0.0133704 -0.00033242 0.00872403 0.103398 
3.43333 0.0134383 -0.000366069 0.0103849 0.108267 
3.46667 0.0134571 -0.000212894 0.0113309 0.112845 
3.5 0.0134938 -5.1779e-005 0.00820263 0.112929 
3.53333 0.0135678 8.92706e-005 0.00578953 0.112815 
3.56667 0.0136768 0.00018529 0.00142398 0.109592 
3.6 0.013719 0.000261683 -0.00540297 0.102007 
3.63333 0.0137042 0.000357646 -0.0098123 0.0950012 
3.66667 0.0136798 0.000433725 -0.0127883 0.0882174 
3.7 0.0136678 0.000381821 -0.0139529 0.0825799 
3.73333 0.0137023 0.000290542 -0.012365 0.0798033 
3.76667 0.0137987 0.000164939 -0.010293 0.0781276 
3.8 0.0139083 2.36803e-005 -0.00706444 0.0785078 
3.83333 0.013919 -8.36356e-005 -0.00105545 0.0832463 
3.86667 0.0140398 -0.000173812 0.00610295 0.0913447 
3.9 0.0141216 -0.000226839 0.0122147 0.100594 
3.93333 0.0142142 -0.000215874 0.0147007 0.1076 
3.96667 0.0142656 -0.00014088 0.0149322 0.112773 
4 0.014332 -7.81844e-005 0.0146232 0.117386 
4.03333 0.0143158 8.81144e-005 0.0124588 0.119706 
4.06667 0.0144133 0.000252235 0.00697605 0.117386 
4.1 0.0145294 0.000396658 0.0015657 0.113325 
4.13333 0.0146661 0.000434807 -0.002719 0.108789 
4.16667 0.0147151 0.000537046 -0.00707402 0.102742 
4.2 0.0147963 0.000443911 -0.00998718 0.0969448 
4.23333 0.0148726 0.000318884 -0.00815184 0.0957823 
4.26667 0.0148892 0.000198993 -0.00530098 0.0964303 
4.3 0.0149546 7.35526e-005 -0.000313562 0.100551 
4.33333 0.0150175 -6.87347e-005 0.00624932 0.108193 
4.36667 0.0150625 -0.00017872 0.0114959 0.11647 
4.4 0.0151631 -0.000284127 0.0155526 0.125091 
4.43333 0.0152487 -0.000290606 0.0206231 0.13626 
4.46667 0.0152365 -0.000155585 0.0211127 0.143713 
4.5 0.0152227 -3.40553e-005 0.0202509 0.149733 
4.53333 0.0152276 0.000149084 0.0177259 0.153503 
4.56667 0.0152812 0.000307877 0.0131489 0.154008 
4.6 0.015345 0.000436767 0.00655471 0.150607 
4.63333 0.0153767 0.000581998 -0.000726122 0.144197 
4.66667 0.015495 0.000646634 -0.00594762 0.137791 
4.7 0.0155399 0.000585435 -0.0074096 0.134083 
4.73333 0.015635 0.000528562 -0.00853618 0.130283 
4.76667 0.0157213 0.000338692 -0.00697607 0.12928 
4.8 0.0157823 0.000151248 -0.00262398 0.132092 
4.83333 0.015927 -2.12647e-005 0.00374316 0.138733 
4.86667 0.0160086 -0.000135138 0.00995355 0.147312 
4.9 0.0162065 -0.000278248 0.0151649 0.156782 
4.93333 0.0164916 -0.000196796 0.0180351 0.165225 
4.96667 0.0166723 -2.65614e-005 0.0184519 0.171728 
5 0.0168555 6.7956e-005 0.0156164 0.174532 
5.03333 0.0169175 0.0002683 0.0115347 0.174919 
5.06667 0.0170095 0.00046523 0.00570255 0.171879 
5.1 0.0171049 0.000645389 0.000125074 0.167196 
5.13333 0.0171509 0.000750307 -0.00598374 0.160027 
5.16667 0.0171831 0.000786879 -0.00971279 0.15363 
5.2 0.0172284 0.000664682 -0.0102169 0.149797 
5.23333 0.0174312 0.000483435 -0.00949857 0.14724 
5.26667 0.0175659 0.000264458 -0.00631084 0.147837 
5.3 0.0176795 8.17305e-005 -0.00158654 0.15131 
5.33333 0.0176768 -9.45634e-005 0.00554624 0.159201 
5.36667 0.0177025 -0.000251179 0.0130655 0.169926 
5.4 0.0176473 -0.000303133 0.0174579 0.179466 
5.43333 0.0176613 -0.000197083 0.0184833 0.186496 
5.46667 0.0176054 -3.8588e-006 0.0176613 0.191687 
5.5 0.0175944 0.000139697 0.0165382 0.196248 
5.53333 0.0176493 0.000265272 0.012953 0.197529 
5.56667 0.0176129 0.000392659 0.00680515 0.194589 
5.6 0.0176052 0.000520461 0.000255761 0.189126 
5.63333 0.0175358 0.000616585 -0.00521304 0.182756 
5.66667 0.0174468 0.00053534 -0.00688091 0.179049 
5.7 0.0174212 0.000371726 -0.00709085 0.176508 
5.73333 0.0174388 0.000200808 -0.00605948 0.175361 
5.76667 0.0174636 -1.28684e-005 -0.00105917 0.179244 
5.8 0.0174944 -0.000202315 0.00408827 0.184968 
5.83333 0.0176289 -0.000386364 0.0104324 0.193819 
5.86667 0.0177093 -0.000513787 0.0162674 0.204185 
5.9 0.0177795 -0.000499808 0.0189764 0.212805 
5.93333 0.0178541 -0.000366167 0.0184265 0.218481 
5.96667 0.0177554 -0.000142247 0.0162997 0.222113 
6 0.0177366 6.62026e-005 0.0133074 0.224014 
6.03333 0.0177457 0.0002615 0.00855958 0.222845 
6.06667 0.017761 0.000433967 0.002888 0.219003 
6.1 0.0177649 0.000535852 -0.00271019 0.213357 
6.13333 0.0178084 0.000590331 -0.0066633 0.207788 
6.16667 0.01783 0.000497827 -0.0073909 0.204708 
6.2 0.0180211 0.000304668 -0.00577495 0.204151 
6.23333 0.0181026 0.000157595 -0.00356731 0.204833 
6.26667 0.0182053 6.36526e-005 0.00116326 0.209228 
6.3 0.0182577 -5.44327e-005 0.0066175 0.216054 
6.33333 0.018312 -0.000196372 0.0125756 0.225293 
6.36667 0.0183641 -0.000262712 0.0179904 0.235877 
6.4 0.0183123 -0.000225462 0.0188746 0.242917 
6.43333 0.0183338 -0.00014807 0.0189567 0.249306 
