0.7 0.00368687 0.000827008 -0.0217392 -0.822397 
0.733333 0.00397902 0.000930733 -0.0203402 -0.831854 
0.766667 0.00426436 0.00099919 -0.0175772 -0.835547 
0.8 0.00445771 0.00114861 -0.0157351 -0.839194 
0.833333 0.00464253 0.00128193 -0.0134187 -0.841497 
0.866667 0.0047444 0.00133594 -0.0129849 -0.845288 
0.9 0.00490778 0.00144088 -0.0137397 -0.850408 
0.933333 0.00487318 0.00156767 -0.0183686 -0.860448 
0.966667 0.00488287 0.00170792 -0.0226375 -0.871615 
1 0.00494763 0.0017978 -0.0273624 -0.884746 
1.03333 0.00493066 0.00183713 -0.0324502 -0.899878 
1.06667 0.00492546 0.00171865 -0.0351726 -0.913912 
1.1 0.00500276 0.00157439 -0.034395 -0.924719 
1.13333 0.00507466 0.00155897 -0.0319421 -0.933289 
1.16667 0.00518139 0.00143082 -0.0290664 -0.940542 
1.2 0.00539858 0.00139226 -0.0243852 -0.944705 
1.23333 0.00545412 0.00140578 -0.0199656 -0.947616 
1.26667 0.00563171 0.00149173 -0.0166822 -0.950395 
1.3 0.0056954 0.00163064 -0.0167926 -0.956086 
1.33333 0.00581901 0.00175338 -0.01786 -0.962944 
1.36667 0.00583428 0.00191552 -0.0219232 -0.973693 
1.4 0.00593762 0.00204328 -0.0261638 -0.986007 
1.43333 0.00587181 0.00211673 -0.030853 -1.00026 
1.46667 0.00589848 0.00208543 -0.03648 -1.01719 
1.5 0.005804 0.00205935 -0.0383258 -1.03153 
1.53333 0.00587906 0.00201288 -0.036648 -1.04232 
1.56667 0.00588779 0.00177375 -0.0354567 -1.05313 
1.6 0.00607416 0.00179053 -0.0329702 -1.06202 
1.63333 0.00618209 0.00176254 -0.0301977 -1.06973 
1.66667 0.0063857 0.00171681 -0.0274749 -1.07659 
1.7 0.00649382 0.00173721 -0.0251669 -1.08302 
1.73333 0.006575 0.00183782 -0.0241384 -1.0902 
1.76667 0.00670286 0.00186379 -0.021849 -1.09554 
1.8 0.00676225 0.00198338 -0.0227858 -1.10393 
1.83333 0.00676159 0.00213953 -0.0250242 -1.11417 
1.86667 0.00675849 0.0022364 -0.0296775 -1.128 
1.9 0.00673716 0.00237997 -0.0343565 -1.14342 
1.93333 0.00663818 0.00241217 -0.0388582 -1.16018 
1.96667 0.00665232 0.00238468 -0.0412674 -1.17598 
2 0.00662241 0.00222366 -0.041069 -1.1895 
2.03333 0.00670926 0.00211816 -0.0385332 -1.2002 
2.06667 0.00672511 0.0019888 -0.0367882 -1.21098 
2.1 0.00679807 0.00191376 -0.0324932 -1.21817 
2.13333 0.00682115 0.00191573 -0.0285682 -1.22437 
2.16667 0.00695253 0.00185294 -0.0244438 -1.22903 
2.2 0.00705249 0.00188972 -0.0217122 -1.23395 
2.23333 0.00714308 0.00196981 -0.0218132 -1.24131 
2.26667 0.00718312 0.00194973 -0.0242129 -1.25141 
2.3 0.00726495 0.00213399 -0.0294029 -1.26561 
2.33333 0.00712648 0.00221021 -0.0318093 -1.27825 
2.36667 0.00709873 0.00227166 -0.0366545 -1.29457 
2.4 0.00700267 0.00232134 -0.0402736 -1.31106 
2.43333 0.00699042 0.00232555 -0.0429319 -1.32762 
2.46667 0.00698867 0.00223709 -0.0429277 -1.34193 
2.5 0.00701892 0.0022007 -0.0421162 -1.35528 
2.53333 0.0070787 0.00214604 -0.040296 -1.36717 
2.56667 0.00729347 0.00201853 -0.0375911 -1.37741 
2.6 0.00742497 0.00197754 -0.0326897 -1.38415 
2.63333 0.0075353 0.00197798 -0.0283141 -1.38989 
2.66667 0.00759984 0.00200816 -0.0246664 -1.39502 
2.7 0.00766042 0.00211527 -0.0244548 -1.40299 
2.73333 0.00770245 0.00231181 -0.0273037 -1.4145 
2.76667 0.00768271 0.00242243 -0.0309571 -1.42792 
2.8 0.00774325 0.00261545 -0.0357485 -1.44389 
2.83333 0.00783503 0.00264702 -0.0404046 -1.46131 
2.86667 0.00789887 0.00267222 -0.0445573 -1.47968 
2.9 0.00780671 0.00269431 -0.0466845 -1.49704 
2.93333 0.0077549 0.00275467 -0.0457 -1.51144 
2.96667 0.00778902 0.00267374 -0.0462008 -1.52726 
3 0.00784795 0.00259973 -0.0456811 -1.54205 
3.03333 0.00797359 0.00251757 -0.0419387 -1.55286 
3.06667 0.00815817 0.00250266 -0.0399593 -1.5645 
3.1 0.00829526 0.00255035 -0.0366703 -1.57394 
3.13333 0.00838916 0.002646 -0.0339677 -1.58297 
3.16667 0.00847644 0.00269154 -0.03224 -1.59226 
3.2 0.0084581 0.00283095 -0.0342019 -1.60532 
3.23333 0.00843999 0.00286726 -0.0376114 -1.62074 
3.26667 0.00848909 0.00302425 -0.0420508 -1.63852 
3.3 0.00833552 0.00314234 -0.0467555 -1.65809 
3.33333 0.0083156 0.00314122 -0.0517252 -1.67954 
3.36667 0.00830358 0.00310891 -0.0545643 -1.70014 
3.4 0.00829349 0.00305575 -0.0565368 -1.72065 
3.43333 0.00828589 0.00296963 -0.0545073 -1.7371 
3.46667 0.00838641 0.00286192 -0.0513485 -1.75154 
3.5 0.00852177 0.00279501 -0.0480395 -1.76475 
3.53333 0.00851422 0.00270753 -0.0442213 -1.77626 
3.56667 0.0085871 0.00281039 -0.0381396 -1.78382 
3.6 0.00861162 0.00296507 -0.0348714 -1.79268 
3.63333 0.00872581 0.00313211 -0.0367519 -1.80652 
3.66667 0.00878434 0.0031618 -0.039437 -1.82194 
3.7 0.00882014 0.00329382 -0.042419 -1.83861 
3.73333 0.00873965 0.00349527 -0.0461376 -1.85714 
3.76667 0.00865987 0.00361127 -0.0498852 -1.87694 
3.8 0.00858756 0.00362147 -0.0533602 -1.89767 
3.83333 0.0085149 0.00355442 -0.0559245 -1.91848 
3.86667 0.00858185 0.0034233 -0.0552233 -1.9363 
3.9 0.00865758 0.00337613 -0.0541865 -1.95348 
3.93333 0.00878436 0.00328127 -0.0505009 -1.96719 
3.96667 0.00883846 0.00329258 -0.0463811 -1.97916 
4 0.00885843 0.00327864 -0.0408213 -1.98806 
4.03333 0.00894476 0.0033533 -0.036583 -1.99666 
4.06667 0.00896327 0.00346659 -0.0339698 -2.00577 
4.1 0.00901325 0.00357336 -0.0357585 -2.01921 
4.13333 0.00909414 0.0037661 -0.0387445 -2.03465 
4.16667 0.0091231 0.00394897 -0.0428051 -2.05236 
4.2 0.00902228 0.00405216 -0.0467032 -2.07123 
4.23333 0.00895425 0.0041044 -0.0504898 -2.09127 
4.26667 0.00890699 0.00414978 -0.0528934 -2.11094 
4.3 0.00904996 0.00402399 -0.0546607 -2.13065 
4.33333 0.0090793 0.003836 -0.0543915 -2.14856 
4.36667 0.00913437 0.00371387 -0.0504004 -2.16197 
4.4 0.00920445 0.00370102 -0.0470595 -2.17483 
4.43333 0.00926764 0.00366446 -0.0427372 -2.18542 
4.46667 0.009395 0.00361813 -0.0390806 -2.19534 
4.5 0.00945859 0.00370672 -0.036523 -2.20535 
4.53333 0.00950772 0.00381773 -0.0356655 -2.21651 
4.56667 0.00949923 0.0039356 -0.035517 -2.22823 
4.6 0.00938309 0.00403896 -0.0384503 -2.24353 
4.63333 0.00920504 0.00412199 -0.0417702 -2.26027 
4.66667 0.00916832 0.00408659 -0.046975 -2.28033 
4.7 0.00909825 0.00407607 -0.0503831 -2.30001 
4.73333 0.00902916 0.00407749 -0.0514885 -2.31811 
4.76667 0.00900823 0.00392197 -0.0522823 -2.33621 
4.8 0.00910261 0.00377421 -0.0514398 -2.35265 
4.83333 0.00915232 0.00373304 -0.0473064 -2.36491 
4.86667 0.00925048 0.00366302 -0.0431559 -2.37578 
4.9 0.00930372 0.00363017 -0.0385373 -2.38472 
4.93333 0.00939839 0.00365208 -0.036359 -2.39499 
4.96667 0.00944938 0.00378191 -0.0348096 -2.40528 
5 0.00956212 0.00390325 -0.0351002 -2.41723 
5.03333 0.00933315 0.00404536 -0.0393354 -2.43393 
5.06667 0.00926769 0.00416416 -0.0435335 -2.45199 
5.1 0.0092536 0.00419211 -0.0496768 -2.47376 
5.13333 0.00923323 0.00419955 -0.0528969 -2.49412 
5.16667 0.00927866 0.00421546 -0.0544649 -2.5136 
5.2 0.00939487 0.00413984 -0.0553103 -2.53275 
5.23333 0.0094212 0.0040866 -0.0539898 -2.54963 
5.26667 0.00942046 0.00400921 -0.0513438 -2.5645 
5.3 0.00957755 0.00401714 -0.0480202 -2.5777 
5.33333 0.00974335 0.0040751 -0.0454276 -2.59064 
5.36667 0.00989772 0.00413127 -0.0445329 -2.60473 
5.4 0.00984836 0.00427261 -0.0411249 -2.61555 
5.43333 0.00990448 0.00438578 -0.040424 -2.62843 
5.46667 0.0100036 0.00441999 -0.0445377 -2.64676 
5.5 0.00997441 0.00458296 -0.0482988 -2.66605 
5.53333 0.00998728 0.00473345 -0.0495449 -2.68362 
5.56667 0.0100211 0.00474166 -0.0511515 -2.70203 
5.6 0.0099899 0.00471967 -0.0530916 -2.72137 
5.63333 0.0100025 0.00465115 -0.0545783 -2.74082 
5.66667 0.00996703 0.00457028 -0.0533079 -2.75752 
5.7 0.0099434 0.00443361 -0.0511955 -2.77279 
5.73333 0.00999282 0.00436246 -0.0468654 -2.78475 
5.76667 0.010095 0.00427873 -0.0433149 -2.79618 
5.8 0.0101418 0.00425356 -0.0403932 -2.80716 
5.83333 0.0101133 0.00438772 -0.0378571 -2.81764 
5.86667 0.0100618 0.00440707 -0.0388577 -2.83144 
5.9 0.0100095 0.00447515 -0.0409093 -2.84681 
5.93333 0.00982459 0.00460433 -0.0434166 -2.86341 
5.96667 0.00966566 0.00462082 -0.0475859 -2.8828 
6 0.00962575 0.00460673 -0.050826 -2.90249 
6.03333 0.00945479 0.00453402 -0.0534101 -2.92248 
6.06667 0.00939753 0.00438638 -0.0527522 -2.93951 
6.1 0.00946467 0.00426551 -0.0501993 -2.95408 
