0.7 0.00417143 -0.000757479 0.0229417 0.516887 
0.733333 0.00444843 -0.000732149 0.0229086 0.527402 
0.766667 0.00464309 -0.000726892 0.0220796 0.534739 
0.8 0.00492225 -0.000744384 0.0192965 0.538761 
0.833333 0.00514735 -0.00076478 0.0162931 0.541611 
0.866667 0.0053205 -0.000753999 0.0114172 0.541215 
0.9 0.00546783 -0.000834994 0.00826779 0.541198 
0.933333 0.00557521 -0.00097042 0.00869423 0.544443 
0.966667 0.00568775 -0.0011055 0.0107914 0.549806 
1 0.0057633 -0.001178 0.0140158 0.55721 
1.03333 0.00581433 -0.00123993 0.0183878 0.56704 
1.06667 0.00577546 -0.00134653 0.0227968 0.578375 
1.1 0.00581094 -0.00133207 0.0280638 0.592193 
1.13333 0.00586261 -0.00132407 0.0330225 0.607402 
1.16667 0.00594354 -0.00122945 0.034976 0.620716 
1.2 0.00605233 -0.00115043 0.0333534 0.630459 
1.23333 0.00611516 -0.0010552 0.0307712 0.638529 
1.26667 0.00622223 -0.00105261 0.0282085 0.645761 
1.3 0.00631451 -0.00101296 0.0238624 0.650033 
1.33333 0.00648408 -0.000973542 0.0177375 0.650757 
1.36667 0.00664189 -0.00100032 0.0130575 0.651145 
1.4 0.00669128 -0.00103264 0.0104096 0.652372 
1.43333 0.00685034 -0.00118571 0.0118161 0.657502 
1.46667 0.0068869 -0.00129654 0.0133784 0.663285 
1.5 0.00697253 -0.00138881 0.0159806 0.670816 
1.53333 0.00693951 -0.00147523 0.020063 0.680962 
1.56667 0.00697611 -0.00155681 0.025541 0.694116 
1.6 0.00702014 -0.00161237 0.0312463 0.709365 
1.63333 0.00706323 -0.00156558 0.0344054 0.723509 
1.66667 0.00718952 -0.0014756 0.0347705 0.735409 
1.7 0.00723594 -0.00133534 0.0324386 0.744246 
1.73333 0.00741976 -0.00128509 0.0303699 0.752617 
1.76667 0.007572 -0.00121477 0.0261914 0.757808 
1.8 0.00767235 -0.00112997 0.0222279 0.76186 
1.83333 0.0078246 -0.00111343 0.0169684 0.76306 
1.86667 0.00791357 -0.00110514 0.0126599 0.76363 
1.9 0.00803377 -0.00118326 0.0114393 0.76641 
1.93333 0.00806085 -0.00127095 0.0130548 0.77213 
1.96667 0.00815877 -0.00139925 0.0154427 0.7793 
2 0.00819739 -0.00145918 0.0181069 0.787593 
2.03333 0.00824425 -0.00149121 0.0217644 0.797946 
2.06667 0.00823186 -0.00154358 0.0280032 0.812565 
2.1 0.0082639 -0.00160213 0.0329783 0.827773 
2.13333 0.00837354 -0.00165803 0.0361011 0.842452 
2.16667 0.00849546 -0.00157345 0.0360444 0.854418 
2.2 0.00864781 -0.00150872 0.0340976 0.864135 
2.23333 0.00874869 -0.00147942 0.0322061 0.873268 
2.26667 0.00892542 -0.001404 0.0273651 0.878289 
2.3 0.00908343 -0.00133994 0.0215846 0.880587 
2.33333 0.00928684 -0.00137737 0.0188535 0.884558 
2.36667 0.00948701 -0.00152626 0.0190398 0.891062 
2.4 0.00956714 -0.00166658 0.0205662 0.899211 
2.43333 0.00974806 -0.00185074 0.0240181 0.910141 
2.46667 0.00977974 -0.00193765 0.0271015 0.921787 
2.5 0.00981384 -0.00203428 0.0306832 0.935049 
2.53333 0.00988181 -0.00209375 0.0354172 0.950865 
2.56667 0.0099388 -0.00206196 0.0386514 0.966488 
2.6 0.0101194 -0.00208424 0.0407449 0.981844 
2.63333 0.0102604 -0.00200993 0.0402854 0.994883 
2.66667 0.0104679 -0.00196134 0.0376149 1.00516 
2.7 0.010667 -0.00187229 0.0334856 1.01282 
2.73333 0.0107999 -0.00187164 0.0289333 1.01861 
2.76667 0.0109721 -0.00198373 0.028396 1.02762 
2.8 0.0111175 -0.0020544 0.0260172 1.03428 
2.83333 0.0111508 -0.00210069 0.0256415 1.04251 
2.86667 0.0111191 -0.00209042 0.0262747 1.0518 
2.9 0.011076 -0.00214071 0.0287565 1.06349 
2.93333 0.0110979 -0.0023006 0.0336877 1.0789 
2.96667 0.0111965 -0.002322 0.036365 1.09329 
3 0.0112279 -0.0023633 0.0396254 1.10926 
3.03333 0.0111509 -0.00235215 0.0422088 1.12551 
3.06667 0.0110836 -0.00229247 0.0430158 1.14054 
3.1 0.0109733 -0.00221885 0.0410849 1.1526 
3.13333 0.0109472 -0.00207948 0.0373397 1.16187 
3.16667 0.0108952 -0.00190469 0.0325185 1.16862 
3.2 0.0109193 -0.00182657 0.028272 1.17445 
3.23333 0.0109804 -0.00178485 0.0244283 1.17934 
3.26667 0.0110102 -0.0017998 0.0226232 1.18535 
3.3 0.0110211 -0.00195288 0.0233634 1.19376 
3.33333 0.0108421 -0.00201705 0.0246693 1.20309 
3.36667 0.0106892 -0.00213648 0.0278927 1.21512 
3.4 0.0105943 -0.00221 0.0321299 1.22942 
3.43333 0.0104092 -0.00231181 0.0375173 1.24649 
3.46667 0.0103035 -0.00230136 0.0427604 1.26519 
3.5 0.010254 -0.0022113 0.0427925 1.27948 
3.53333 0.0102162 -0.00207617 0.0424793 1.29337 
3.56667 0.0102555 -0.00189876 0.0406601 1.30538 
3.6 0.0104342 -0.00188413 0.0383951 1.31626 
3.63333 0.0105395 -0.00186535 0.0347945 1.32481 
3.66667 0.0105036 -0.00174105 0.0296464 1.33033 
3.7 0.0105409 -0.00170343 0.0251885 1.33495 
3.73333 0.0106414 -0.00177643 0.0231296 1.34092 
3.76667 0.0107572 -0.00193806 0.024933 1.35076 
3.8 0.0108016 -0.00207945 0.026365 1.36076 
3.83333 0.0108653 -0.00216985 0.0287612 1.37238 
3.86667 0.0109866 -0.00232355 0.0337008 1.38779 
3.9 0.0110579 -0.00244071 0.0399747 1.40643 
3.93333 0.0110189 -0.00253798 0.044984 1.42567 
3.96667 0.0109841 -0.00255741 0.0483219 1.44461 
4 0.0109923 -0.00246233 0.0477174 1.46 
