0.7 0.00445493 -0.00055344 0.0238578 0.583703 
0.733333 0.00472455 -0.000556871 0.0236349 0.595194 
0.766667 0.00490648 -0.000554426 0.0209582 0.600393 
0.8 0.00512814 -0.000469992 0.0166694 0.602189 
0.833333 0.00525893 -0.000461657 0.0128606 0.603002 
0.866667 0.00542295 -0.000552716 0.00943957 0.603124 
0.9 0.00552231 -0.000592192 0.00823121 0.604806 
0.933333 0.00552279 -0.000702245 0.00902029 0.608458 
0.966667 0.00559015 -0.000830592 0.0122632 0.615288 
1 0.00568373 -0.000954914 0.0162178 0.62404 
1.03333 0.00574337 -0.00101409 0.0214581 0.635634 
1.06667 0.00574789 -0.00105023 0.0270021 0.649334 
1.1 0.00567683 -0.000993566 0.0314327 0.663567 
1.13333 0.00572839 -0.000930406 0.0330894 0.676001 
1.16667 0.00587079 -0.000855458 0.0319992 0.685744 
1.2 0.00599551 -0.000732344 0.0290049 0.692876 
1.23333 0.00605756 -0.000691037 0.0265617 0.69966 
1.26667 0.00607069 -0.000663494 0.0221975 0.703362 
1.3 0.00620409 -0.000597882 0.0178291 0.705605 
1.33333 0.00632417 -0.00062586 0.0134176 0.70634 
1.36667 0.00644743 -0.000661677 0.0112868 0.708297 
1.4 0.00646937 -0.000698417 0.0105582 0.711199 
1.43333 0.0065673 -0.000781076 0.0121505 0.716599 
1.46667 0.00662558 -0.000881056 0.0141678 0.72303 
1.5 0.00678209 -0.000932068 0.0208289 0.735616 
1.53333 0.00676832 -0.00112823 0.0250574 0.74755 
1.56667 0.00692132 -0.00119097 0.0295001 0.761147 
1.6 0.00704952 -0.00115305 0.0327551 0.774823 
1.63333 0.00729057 -0.00108953 0.0339521 0.787154 
1.66667 0.00743054 -0.000966244 0.033084 0.797447 
1.7 0.00752497 -0.000883137 0.0306002 0.805543 
1.73333 0.00768284 -0.000761297 0.0259648 0.810271 
1.76667 0.00780906 -0.000776433 0.0210007 0.813066 
1.8 0.00795053 -0.000743983 0.0161207 0.814306 
1.83333 0.008074 -0.000764625 0.0134113 0.816481 
1.86667 0.00811655 -0.000865836 0.0121943 0.819515 
1.9 0.00805064 -0.000997566 0.0131248 0.824678 
1.93333 0.00807086 -0.00112795 0.0151344 0.831425 
1.96667 0.00810322 -0.0012127 0.0176956 0.839493 
2 0.00810881 -0.00131425 0.0200244 0.848141 
2.03333 0.00816786 -0.00133495 0.025059 0.860759 
2.06667 0.00821965 -0.00136661 0.0309343 0.876047 
2.1 0.00824673 -0.00134192 0.0337172 0.889644 
2.13333 0.00834205 -0.0012561 0.0337829 0.900961 
2.16667 0.00830628 -0.00112645 0.0324661 0.910667 
2.2 0.00847933 -0.000943132 0.02962 0.918129 
2.23333 0.00853256 -0.000891776 0.022182 0.919222 
2.26667 0.00877809 -0.000784055 0.0185447 0.922323 
2.3 0.00885031 -0.000852047 0.0147035 0.92397 
2.33333 0.0088983 -0.00092904 0.013942 0.927972 
2.36667 0.00881825 -0.00108925 0.0154553 0.934406 
2.4 0.00882582 -0.00123364 0.0179806 0.942539 
2.43333 0.00886789 -0.00125606 0.0207099 0.951754 
2.46667 0.00885015 -0.00134629 0.0258005 0.964667 
2.5 0.00883205 -0.00136284 0.0313146 0.979776 
2.53333 0.00889898 -0.00143408 0.0361579 0.995932 
2.56667 0.00901316 -0.00140033 0.0376099 1.0097 
2.6 0.00907667 -0.00129457 0.0373902 1.02198 
2.63333 0.00926938 -0.001218 0.0364223 1.0333 
2.66667 0.00934527 -0.0011112 0.0344817 1.04315 
2.7 0.00943004 -0.00104383 0.0310867 1.05063 
2.73333 0.00960805 -0.0010173 0.0272068 1.05641 
2.76667 0.00967511 -0.0010175 0.0231896 1.06074 
2.8 0.00973667 -0.00105338 0.0184559 1.06288 
2.83333 0.00992104 -0.00120312 0.0187919 1.06943 
2.86667 0.0100274 -0.00140162 0.0216665 1.07909 
2.9 0.0102129 -0.00162563 0.0261005 1.09155 
2.93333 0.010292 -0.00188706 0.0322302 1.10748 
2.96667 0.0104128 -0.00196669 0.0380303 1.12507 
3 0.0104487 -0.00203636 0.0417994 1.1422 
3.03333 0.0105444 -0.00197781 0.0434159 1.15804 
3.06667 0.01061 -0.00190288 0.0438251 1.17299 
3.1 0.0107162 -0.0018234 0.0422144 1.1857 
3.13333 0.0107411 -0.00174205 0.0384112 1.19528 
3.16667 0.0107588 -0.00168137 0.0339039 1.20277 
3.2 0.0108385 -0.00167302 0.0290514 1.20834 
3.23333 0.0110393 -0.001674 0.0252063 1.21348 
3.26667 0.0111098 -0.00173487 0.023269 1.2196 
3.3 0.0111512 -0.00188659 0.023998 1.22822 
3.33333 0.0113168 -0.00204826 0.0280777 1.24103 
3.36667 0.011319 -0.00212662 0.0319129 1.25492 
3.4 0.0113354 -0.00224201 0.0354238 1.2697 
3.43333 0.0113811 -0.00230047 0.039771 1.28664 
3.46667 0.0114608 -0.0022827 0.0436265 1.30445 
3.5 0.0115571 -0.00232366 0.0447565 1.32032 
3.53333 0.0116808 -0.002217 0.0473973 1.33836 
3.56667 0.0115949 -0.00213636 0.0450497 1.35139 
3.6 0.0115667 -0.00200248 0.0419481 1.36274 
3.63333 0.0115119 -0.0018927 0.0363376 1.3701 
3.66667 0.0113817 -0.00174202 0.0298676 1.37458 
3.7 0.011369 -0.00178463 0.0263472 1.38038 
3.73333 0.0113001 -0.00183557 0.02498 1.38755 
3.76667 0.0112954 -0.00195624 0.0262615 1.39739 
3.8 0.0112668 -0.00206376 0.0282098 1.40844 
3.83333 0.0112715 -0.00218969 0.0311528 1.42132 
3.86667 0.0113169 -0.00227465 0.0365071 1.43802 
3.9 0.0113832 -0.00236408 0.0419767 1.45665 
3.93333 0.0114552 -0.002349 0.0453925 1.47467 
3.96667 0.0114417 -0.00228607 0.0452157 1.48959 
