0.7 0.00440004 -0.000590585 0.022679 0.264634 
0.733333 0.00465943 -0.000570605 0.0224884 0.27431 
0.766667 0.00485629 -0.000563602 0.0212894 0.281107 
0.8 0.00506918 -0.000505735 0.0175193 0.284017 
0.833333 0.00521801 -0.000481641 0.0130641 0.284342 
0.866667 0.0053621 -0.000537399 0.00995195 0.28489 
0.9 0.00547945 -0.000583156 0.00973511 0.287887 
0.933333 0.00550288 -0.000679494 0.0114029 0.293091 
0.966667 0.00552128 -0.000746438 0.0143647 0.300385 
1 0.00558435 -0.000816041 0.0178826 0.309323 
1.03333 0.00569733 -0.000833493 0.0233496 0.321739 
1.06667 0.00582475 -0.000926246 0.029001 0.336195 
1.1 0.00591119 -0.000985429 0.0317175 0.34907 
1.13333 0.00604409 -0.000986041 0.0330925 0.361267 
1.16667 0.00623347 -0.000957418 0.0324283 0.371514 
1.2 0.00644617 -0.000891108 0.0295482 0.378924 
1.23333 0.00659981 -0.000828743 0.0238401 0.382035 
1.26667 0.00676803 -0.000725762 0.0193216 0.384648 
1.3 0.00686179 -0.00070939 0.0156995 0.386812 
1.33333 0.00702756 -0.000743128 0.0139886 0.390026 
1.36667 0.00714416 -0.000864035 0.0158825 0.396924 
1.4 0.00723959 -0.000977857 0.018363 0.405147 
1.43333 0.00730882 -0.000996169 0.0194777 0.412583 
1.46667 0.00740301 -0.00112143 0.0243267 0.4248 
1.5 0.00751025 -0.00116228 0.0277576 0.436959 
1.53333 0.00762025 -0.00120279 0.0318478 0.45104 
1.56667 0.00775033 -0.00122177 0.0340004 0.464197 
1.6 0.00787459 -0.00117307 0.0350983 0.476826 
1.63333 0.00805186 -0.00111912 0.0331468 0.486222 
1.66667 0.00822762 -0.00101476 0.0294228 0.492875 
1.7 0.00847308 -0.000983011 0.0254403 0.497981 
1.73333 0.00865721 -0.00104979 0.0239377 0.504688 
1.76667 0.00881127 -0.00113148 0.0221563 0.510564 
1.8 0.00892544 -0.00119858 0.0218163 0.517548 
1.83333 0.00906846 -0.00131946 0.025297 0.528929 
1.86667 0.00917951 -0.0014078 0.0271099 0.539502 
1.9 0.00921102 -0.0014698 0.0283712 0.550027 
1.93333 0.00921373 -0.00148763 0.0297679 0.561133 
1.96667 0.00933166 -0.001527 0.0322404 0.573974 
2 0.00939295 -0.00154369 0.0335557 0.586274 
2.03333 0.00947177 -0.00151103 0.0336895 0.597617 
2.06667 0.00946175 -0.00139408 0.0312014 0.60591 
2.1 0.00955211 -0.00124197 0.0264186 0.610664 
2.13333 0.00970443 -0.00124061 0.0243438 0.617021 
2.16667 0.00987198 -0.00126064 0.0225385 0.623005 
2.2 0.00997759 -0.00132618 0.0207722 0.628433 
2.23333 0.0101339 -0.00145781 0.022931 0.637905 
2.26667 0.0102669 -0.00162421 0.0252324 0.648265 
2.3 0.0103486 -0.0016708 0.0276689 0.659552 
2.33333 0.0104407 -0.00170014 0.030201 0.671764 
2.36667 0.0105128 -0.00171803 0.0310193 0.682797 
2.4 0.0106231 -0.00173782 0.0334621 0.696021 
2.43333 0.0106205 -0.00171186 0.03524 0.709273 
2.46667 0.0106871 -0.00156945 0.0328262 0.718171 
2.5 0.0107051 -0.00146801 0.0292409 0.72488 
2.53333 0.0106472 -0.00136353 0.0240691 0.728522 
2.56667 0.010642 -0.00126669 0.0186581 0.730158 
2.6 0.0105794 -0.00132867 0.0176231 0.735155 
2.63333 0.0106223 -0.00144559 0.0190934 0.742765 
2.66667 0.0106514 -0.0016869 0.022795 0.753499 
2.7 0.0105747 -0.00182367 0.0257461 0.764581 
2.73333 0.0105284 -0.00196012 0.0302319 0.778459 
2.76667 0.0105032 -0.00202455 0.0340635 0.793059 
2.8 0.0105751 -0.00203403 0.0372261 0.808147 
2.83333 0.0106626 -0.00202058 0.0394456 0.823175 
2.86667 0.0107323 -0.00191568 0.0391199 0.83594 
2.9 0.010828 -0.00183966 0.0384143 0.848147 
2.93333 0.0108906 -0.00166079 0.0333935 0.855025 
2.96667 0.0109772 -0.00157375 0.0273502 0.859022 
3 0.0110503 -0.0015415 0.0243383 0.864583 
3.03333 0.0111432 -0.00164587 0.0239295 0.872213 
3.06667 0.0111632 -0.00179723 0.0256339 0.882202 
3.1 0.0112534 -0.00201281 0.0302436 0.896188 
3.13333 0.0112727 -0.00219402 0.0337551 0.910415 
3.16667 0.0112818 -0.00231096 0.0370001 0.925497 
3.2 0.0113959 -0.00238189 0.0401524 0.941551 
3.23333 0.011506 -0.00232195 0.0428461 0.958115 
3.26667 0.0117024 -0.00236281 0.0452012 0.975177 
3.3 0.0117633 -0.00231094 0.0462405 0.991471 
3.33333 0.01184 -0.00220344 0.0435171 1.00367 
3.36667 0.0118599 -0.0021165 0.0390076 1.01285 
3.4 0.0119273 -0.00198547 0.0332577 1.01907 
3.43333 0.0120669 -0.00196935 0.0307207 1.02716 
3.46667 0.0122701 -0.00205101 0.0301189 1.03669 
3.5 0.0123921 -0.00212781 0.0288672 1.04525 
3.53333 0.0124527 -0.00226833 0.0303105 1.05658 
3.56667 0.0124223 -0.00234369 0.0336594 1.07063 
3.6 0.0124003 -0.00236735 0.0367351 1.08548 
3.63333 0.0123887 -0.00244281 0.0394442 1.10093 
3.66667 0.0125237 -0.00250625 0.0445348 1.12008 
3.7 0.0126077 -0.00253712 0.0472096 1.13809 
