0.224 25 -30 
0.304 25 -30 
0.413 25 -30 
0.491 25 -30 
0.553 25 -30 
0.631 25 -30 
0.709 25 -30 
0.772 25 -30 
0.849 25 -30 
0.928 25 -30 
1.005 25 -30 
1.083 25 -30 
1.146 25 -30 
1.224 25 -30 
1.303 25 -30 
1.38 25 -30 
1.444 25 -30 
1.506 25 -30 
1.569 25 -30 
1.646 25 -30 
1.724 25 -30 
1.788 25 -30 
1.849 25 -30 
1.929 25 -30 
2.007 25 -30 
2.085 25 -30 
2.163 25 -30 
2.241 25 -30 
2.304 25 -30 
2.366 25 -30 
2.444 25 -30 
2.505 25 -30 
2.584 25 -30 
2.662 25 -30 
2.74 25 -30 
2.802 25 -30 
2.896 25 -30 
2.974 25 -30 
3.052 25 -30 
3.116 25 -30 
3.209 25 -30 
3.288 25 -30 
3.35 25 -30 
3.413 25 -30 
3.474 25 -30 
3.537 25 -30 
3.632 25 -30 
3.725 25 -30 
3.788 25 -30 
3.881 25 -30 
3.943 25 -30 
4.037 25 -30 
4.115 25 -30 
4.179 25 -30 
4.24 25 -30 
4.303 25 -30 
4.381 25 -30 
4.49 25 -30 
4.583 25 -30 
4.646 25 -30 
4.708 25 -30 
4.772 25 -30 
4.834 25 -30 
4.928 25 -30 
5.022 25 -30 
5.115 25 -30 
5.177 25 -30 
5.272 25 -30 
5.365 25 -30 
5.46 25 -30 
5.568 25 -30 
5.631 25 -30 
5.725 25 -30 
5.819 25 -30 
5.881 25 -30 
5.943 25 -30 
6.036 25 -30 
6.162 25 -30 
6.241 25 -30 
6.333 25 -30 
6.412 25 -30 
6.521 25 -30 
6.583 25 -30 
6.647 25 -30 
6.709 25 -30 
6.772 25 -30 
6.835 25 -30 
6.927 25 -30 
7.022 25 -30 
7.099 25 -30 
7.162 25 -30 
7.241 25 -30 
7.318 25 -30 
7.382 25 -30 
7.443 25 -30 
7.506 25 -30 
7.569 25 -30 
7.648 25 -30 
7.708 25 -30 
7.786 25 -30 
7.849 25 -30 
7.911 25 -30 
7.975 25 -30 
8.036 25 -30 
8.131 25 -30 
8.209 25 -30 
8.272 25 -30 
8.35 25 -30 
8.443 25 -30 
8.521 25 -30 
8.599 25 -30 
8.709 25 -30 
8.772 25 -30 
8.835 25 -30 
8.913 25 -30 
8.99 25 -30 
9.084 25 -30 
9.146 25 -30 
9.21 25 -30 
9.287 25 -30 
9.351 25 -30 
