0.217 25 -30 
0.296 25 -30 
0.405 25 -30 
0.5 25 -30 
0.592 25 -30 
0.687 25 -30 
0.763 25 -30 
0.843 25 -30 
0.92 25 -30 
0.983 25 -30 
1.06 25 -30 
1.139 25 -30 
1.218 25 -30 
1.295 25 -30 
1.373 25 -30 
1.436 25 -30 
1.545 25 -30 
1.609 25 -30 
1.671 25 -30 
1.749 25 -30 
1.812 25 -30 
1.89 25 -30 
1.968 25 -30 
2.031 25 -30 
2.108 25 -30 
2.186 25 -30 
2.249 25 -30 
2.311 25 -30 
2.389 25 -30 
2.466 25 -30 
2.56 25 -30 
2.655 25 -30 
2.748 25 -30 
2.843 25 -30 
2.935 25 -30 
3.03 25 -30 
3.14 25 -30 
3.201 25 -30 
3.28 25 -30 
3.358 25 -30 
3.451 25 -30 
3.546 25 -30 
3.623 25 -30 
3.702 25 -30 
3.781 25 -30 
3.858 25 -30 
3.952 25 -30 
4.046 25 -30 
4.124 25 -30 
4.233 25 -30 
4.327 25 -30 
4.435 25 -30 
4.53 25 -30 
4.639 25 -30 
4.718 25 -30 
4.812 25 -30 
4.905 25 -30 
4.984 25 -30 
5.061 25 -30 
5.139 25 -30 
5.218 25 -30 
5.281 25 -30 
5.359 25 -30 
5.467 25 -30 
5.546 25 -30 
5.67 25 -30 
5.765 25 -30 
5.874 25 -30 
5.936 25 -30 
6.014 25 -30 
6.093 25 -30 
6.186 25 -30 
6.28 25 -30 
6.343 25 -30 
6.404 25 -30 
6.482 25 -30 
6.546 25 -30 
6.623 25 -30 
6.718 25 -30 
6.811 25 -30 
6.889 25 -30 
6.951 25 -30 
7.014 25 -30 
7.108 25 -30 
7.202 25 -30 
7.312 25 -30 
7.406 25 -30 
7.484 25 -30 
7.578 25 -30 
7.672 25 -30 
7.748 25 -30 
7.827 25 -30 
7.92 25 -30 
8.014 25 -30 
8.076 25 -30 
8.17 25 -30 
8.265 25 -30 
8.342 25 -30 
8.405 25 -30 
8.484 25 -30 
8.546 25 -30 
8.64 25 -30 
8.717 25 -30 
8.827 25 -30 
8.921 25 -30 
8.984 25 -30 
9.062 25 -30 
9.139 25 -30 
9.234 25 -30 
9.327 25 -30 
9.422 25 -30 
9.513 25 -30 
