0.066667 0.033182 -0.000566 0.811659 0.492367 0.765958 0.217302 
0.100000 0.038000 0.003747 0.658892 0.505707 0.767175 0.217591 
0.133333 0.046947 0.010492 0.311530 0.526770 0.768766 0.218219 
0.166667 0.049780 0.008371 -0.109238 0.555222 0.769755 0.220245 
0.200000 0.045647 0.000039 -0.428409 0.512198 0.770961 0.221184 
0.233333 0.046276 -0.010168 -0.500406 0.508686 0.772786 0.221283 
0.266667 0.057154 -0.012768 -0.515794 0.482045 0.773710 0.221687 
0.300000 0.067089 -0.016294 -0.628772 0.489737 0.775825 0.221817 
0.333333 0.065758 -0.022315 -0.611503 0.447518 0.779514 0.223980 
0.366667 0.057456 -0.032122 -0.201125 0.423818 0.779879 0.222361 
0.400000 0.052348 -0.035244 0.456077 0.434386 0.783541 0.223134 
0.433333 0.053687 -0.025335 0.969177 0.461705 0.784590 0.221717 
0.466667 0.056880 -0.009402 1.129780 0.502256 0.786824 0.222686 
0.500000 0.055080 0.000411 1.059239 0.546353 0.788830 0.223431 
0.533333 0.048865 -0.000198 0.988472 0.563750 0.790004 0.224983 
0.566667 0.047610 -0.005483 0.898414 0.597347 0.791005 0.225557 
0.600000 0.053962 -0.003000 0.553438 0.636553 0.792935 0.225490 
0.633333 0.058242 0.007646 -0.031840 0.646399 0.794044 0.227041 
0.666667 0.055418 0.013760 -0.451747 0.636065 0.796556 0.229590 
0.700000 0.056811 0.009359 -0.429354 0.593058 0.795886 0.229606 
0.733333 0.070178 -0.004603 -0.236412 0.598180 0.798690 0.231883 
0.766667 0.082419 -0.015795 -0.300208 0.604133 0.800085 0.232150 
0.800000 0.081050 -0.016583 -0.572732 0.580857 0.804277 0.233996 
0.833333 0.069764 -0.016394 -0.587545 0.568404 0.806023 0.234414 
0.866667 0.062901 -0.020096 -0.088671 0.518063 0.807582 0.235392 
0.900000 0.060815 -0.030969 0.612862 0.554856 0.810216 0.235788 
0.933333 0.058287 -0.030925 1.049575 0.583575 0.812333 0.235406 
0.966667 0.053225 -0.021529 1.122895 0.626677 0.815377 0.235714 
1.000000 0.051527 -0.012898 0.993748 0.644918 0.815659 0.236878 
1.033330 0.055725 -0.011618 0.827724 0.705998 0.817704 0.237467 
1.066670 0.066530 -0.004956 0.736516 0.696888 0.820208 0.238067 
1.100000 0.077915 -0.000457 0.596011 0.727817 0.820560 0.239756 
1.133330 0.083037 -0.001504 0.199390 0.768983 0.824215 0.242241 
1.166670 0.080639 -0.001347 -0.241429 0.754612 0.824996 0.243435 
1.200000 0.076321 -0.001042 -0.377655 0.716611 0.827931 0.245576 
1.233330 0.074977 -0.006112 -0.373058 0.723884 0.828849 0.246979 
1.266670 0.078923 -0.012749 -0.545986 0.722852 0.832131 0.248394 
1.300000 0.086110 -0.017938 -0.711776 0.691340 0.832948 0.249751 
1.333330 0.087980 -0.020182 -0.492460 0.652480 0.837048 0.251239 
1.366670 0.079869 -0.022987 0.071315 0.654933 0.839761 0.252212 
1.400000 0.070013 -0.023557 0.618416 0.663055 0.841058 0.253629 
1.433330 0.065821 -0.022590 0.940349 0.705923 0.844714 0.253501 
1.466670 0.069609 -0.018743 1.110383 0.725404 0.845682 0.254875 
1.500000 0.076145 -0.018475 1.207607 0.769820 0.848250 0.256422 
1.533330 0.081047 -0.013535 1.121257 0.804070 0.850421 0.257290 
1.566670 0.083272 -0.002365 0.748034 0.857796 0.853167 0.259400 
1.600000 0.085629 0.011156 0.215452 0.853532 0.854370 0.261430 
1.633330 0.088730 0.009534 -0.218293 0.866037 0.855334 0.264219 
1.666670 0.091555 0.000511 -0.375447 0.845364 0.858226 0.266996 
1.700000 0.093050 -0.007521 -0.331418 0.821100 0.859166 0.268038 
1.733330 0.089313 -0.013229 -0.381555 0.829078 0.862840 0.271162 
1.766670 0.084178 -0.015137 -0.588814 0.820194 0.864702 0.272659 
1.800000 0.087325 -0.017032 -0.569152 0.786026 0.866501 0.273796 
1.833330 0.095746 -0.021479 -0.069529 0.754231 0.869310 0.275754 
1.866670 0.096484 -0.030104 0.591777 0.781526 0.872599 0.277843 
1.900000 0.090831 -0.031644 0.969063 0.815753 0.875676 0.278948 
1.933330 0.086463 -0.022041 0.994509 0.842453 0.877648 0.280086 
1.966670 0.082241 -0.008416 0.889343 0.881635 0.880819 0.282321 
2.000000 0.079197 -0.001053 0.872090 0.905287 0.882516 0.284341 
2.033330 0.085307 -0.007862 0.918021 0.919110 0.882863 0.286646 
2.066670 0.100503 -0.021837 0.756271 0.974109 0.885774 0.288312 
2.100000 0.113823 -0.019670 0.284471 0.989494 0.888996 0.290783 
2.133330 0.114240 -0.007073 -0.201821 0.985993 0.891379 0.294153 
2.166670 0.104837 -0.001359 -0.412854 0.969193 0.893218 0.297449 
2.200000 0.100721 -0.006345 -0.455510 0.939171 0.895057 0.300128 
2.233330 0.109583 -0.020631 -0.497060 0.970747 0.897461 0.301683 
2.266670 0.125903 -0.022838 -0.293934 0.914525 0.900513 0.305286 
2.300000 0.133724 -0.028773 0.356920 0.908354 0.903659 0.307998 
2.333330 0.128002 -0.035903 1.035298 0.940892 0.907564 0.310978 
2.366670 0.114753 -0.039341 1.241903 1.009130 0.911110 0.313827 
2.400000 0.104220 -0.028866 1.077075 1.024630 0.913121 0.315411 
2.433330 0.093279 -0.017026 0.892470 1.061560 0.916846 0.318744 
2.466670 0.085540 -0.004558 0.732678 1.085290 0.917261 0.321150 
2.500000 0.092299 0.003496 0.457320 1.111960 0.919300 0.323181 
2.533330 0.117387 0.002527 0.119242 1.133980 0.920484 0.326242 
2.566670 0.143775 -0.001640 -0.131149 1.097950 0.920892 0.330032 
2.600000 0.151479 -0.016700 -0.361313 1.119340 0.925952 0.335822 
2.633330 0.142028 -0.022915 -0.633425 1.102610 0.927013 0.338802 
2.666670 0.128308 -0.026703 -0.659075 1.068530 0.930574 0.342376 
2.700000 0.116485 -0.034345 -0.158316 1.050240 0.933111 0.346607 
2.733330 0.108876 -0.037812 0.600693 1.032620 0.936108 0.347502 
2.766670 0.097647 -0.040188 1.060757 1.117330 0.938919 0.350818 
2.800000 0.087051 -0.022150 1.092374 1.120570 0.941861 0.353329 
2.833330 0.082889 -0.008576 1.026725 1.170530 0.943473 0.354960 
2.866670 0.097419 -0.007146 1.068430 1.190480 0.943385 0.357963 
2.900000 0.120801 -0.015898 1.028718 1.226330 0.945185 0.360841 
2.933330 0.130877 -0.018449 0.666631 1.278120 0.948891 0.364685 
2.966670 0.118941 -0.007918 0.154243 1.287320 0.949153 0.369617 
3.000000 0.098212 -0.001177 -0.101544 1.265880 0.950888 0.372970 
3.033330 0.088750 -0.006508 -0.094911 1.266030 0.951046 0.374488 
3.066670 0.092727 -0.011518 -0.202582 1.271380 0.952641 0.378555 
3.100000 0.101093 -0.009959 -0.511513 1.274440 0.954671 0.380584 
3.133330 0.108993 -0.004486 -0.653407 1.228660 0.955134 0.384308 
3.166670 0.113447 -0.011141 -0.369054 1.210180 0.956621 0.387749 
3.200000 0.111599 -0.024725 0.174261 1.213470 0.958594 0.391102 
3.233330 0.104029 -0.033475 0.659653 1.219460 0.961291 0.394168 
3.266670 0.094079 -0.038058 0.935567 1.266240 0.962831 0.396764 
3.300000 0.090754 -0.033133 1.046951 1.283080 0.965605 0.399465 
3.333330 0.095620 -0.027646 1.072522 1.324580 0.966905 0.401911 
3.366670 0.102629 -0.023002 1.033901 1.367240 0.968399 0.404315 
3.400000 0.102565 -0.014635 0.906611 1.383110 0.969985 0.409404 
3.433330 0.099712 -0.005752 0.622357 1.425770 0.971051 0.411309 
3.466670 0.105206 0.004574 0.231345 1.443920 0.971042 0.414404 
3.500000 0.117038 0.010110 -0.028346 1.431740 0.971545 0.419055 
3.533330 0.128997 0.002626 -0.070851 1.426250 0.971854 0.422514 
3.566670 0.131635 -0.014646 -0.108131 1.434800 0.971525 0.426283 
3.600000 0.119317 -0.024475 -0.285838 1.429830 0.974375 0.432548 
3.633330 0.110770 -0.024109 -0.441517 1.414380 0.975738 0.435005 
3.666670 0.124971 -0.028162 -0.277632 1.399580 0.976153 0.436687 
3.700000 0.142043 -0.040964 0.295369 1.388950 0.977690 0.442917 
3.733330 0.134398 -0.048693 0.933679 1.397120 0.981571 0.447997 
3.766670 0.113646 -0.046397 1.202328 1.482480 0.983368 0.450766 
3.800000 0.114585 -0.025380 1.165748 1.491410 0.984569 0.454065 
3.833330 0.124450 -0.012924 1.167760 1.530010 0.985425 0.457532 
3.866670 0.118449 -0.009999 1.189303 1.567850 0.986202 0.463354 
3.900000 0.097239 -0.014277 0.943460 1.620260 0.985662 0.466853 
3.933330 0.085871 -0.015775 0.720467 1.636710 0.986439 0.468436 
