0.287 25 50 
0.366 25 50 
0.475 25 50 
0.584 25 50 
0.661 25 50 
0.739 25 50 
0.817 25 50 
0.896 25 50 
0.974 25 50 
1.036 25 50 
1.131 25 50 
1.24 25 50 
1.303 25 50 
1.395 25 50 
1.459 25 50 
1.521 25 50 
1.583 25 50 
1.646 25 50 
1.74 25 50 
1.833 25 50 
1.896 25 50 
1.99 25 50 
2.1 25 50 
2.162 25 50 
2.225 25 50 
2.319 25 50 
2.395 25 50 
2.49 25 50 
2.567 25 50 
2.662 25 50 
2.755 25 50 
2.817 25 50 
2.912 25 50 
2.99 25 50 
3.052 25 50 
3.131 25 50 
3.224 25 50 
3.318 25 50 
3.397 25 50 
3.459 25 50 
3.521 25 50 
3.599 25 50 
3.693 25 50 
3.772 25 50 
3.866 25 50 
3.974 25 50 
4.053 25 50 
4.129 25 50 
4.193 25 50 
4.27 25 50 
4.38 25 50 
4.442 25 50 
4.521 25 50 
4.614 25 50 
4.693 25 50 
4.787 25 50 
4.849 25 50 
4.958 25 50 
5.021 25 50 
5.114 25 50 
5.192 25 50 
5.302 25 50 
5.411 25 50 
5.49 25 50 
5.553 25 50 
5.616 25 50 
5.693 25 50 
5.755 25 50 
5.819 25 50 
5.927 25 50 
6.036 25 50 
6.098 25 50 
6.162 25 50 
6.24 25 50 
6.318 25 50 
6.396 25 50 
6.505 25 50 
6.599 25 50 
6.678 25 50 
6.787 25 50 
6.849 25 50 
6.927 25 50 
6.99 25 50 
7.068 25 50 
7.146 25 50 
7.225 25 50 
7.319 25 50 
7.397 25 50 
7.458 25 50 
7.522 25 50 
7.583 25 50 
7.676 25 50 
7.754 25 50 
7.834 25 50 
7.912 25 50 
7.99 25 50 
8.052 25 50 
8.131 25 50 
8.192 25 50 
8.287 25 50 
8.349 25 50 
8.411 25 50 
8.489 25 50 
8.553 25 50 
8.63 25 50 
8.708 25 50 
8.787 25 50 
8.865 25 50 
8.927 25 50 
8.989 25 50 
9.053 25 50 
9.116 25 50 
9.193 25 50 
9.302 25 50 
9.379 25 50 
9.457 25 50 
9.521 25 50 
9.583 25 50 
9.661 25 50 
9.739 25 50 
9.818 25 50 
9.881 25 50 
9.959 25 50 
10.02 25 50 
10.099 25 50 
10.178 25 50 
10.286 25 50 
10.365 25 50 
10.459 25 50 
10.537 25 50 
10.646 25 50 
10.724 25 50 
