0.252 25 50 
0.346 25 50 
0.454 25 50 
0.534 25 50 
0.626 25 50 
0.689 25 50 
0.751 25 50 
0.83 25 50 
0.907 25 50 
1.016 25 50 
1.095 25 50 
1.189 25 50 
1.298 25 50 
1.36 25 50 
1.439 25 50 
1.517 25 50 
1.579 25 50 
1.642 25 50 
1.721 25 50 
1.782 25 50 
1.86 25 50 
1.954 25 50 
2.001 25 50 
2.095 25 50 
2.157 25 50 
2.221 25 50 
2.284 25 50 
2.345 25 50 
2.408 25 50 
2.485 25 50 
2.563 25 50 
2.642 25 50 
2.72 25 50 
2.798 25 50 
2.891 25 50 
2.954 25 50 
3.016 25 50 
3.08 25 50 
3.157 25 50 
3.235 25 50 
3.345 25 50 
3.423 25 50 
3.486 25 50 
3.549 25 50 
3.611 25 50 
3.705 25 50 
3.783 25 50 
3.846 25 50 
3.924 25 50 
4.001 25 50 
4.126 25 50 
4.189 25 50 
4.251 25 50 
4.329 25 50 
4.423 25 50 
4.501 25 50 
4.563 25 50 
4.657 25 50 
4.719 25 50 
4.798 25 50 
4.892 25 50 
4.954 25 50 
5.033 25 50 
5.127 25 50 
5.22 25 50 
5.298 25 50 
5.361 25 50 
5.423 25 50 
5.485 25 50 
5.564 25 50 
5.642 25 50 
5.72 25 50 
5.799 25 50 
5.875 25 50 
5.938 25 50 
6.017 25 50 
6.11 25 50 
6.189 25 50 
6.251 25 50 
6.313 25 50 
6.377 25 50 
6.455 25 50 
6.532 25 50 
6.627 25 50 
6.688 25 50 
6.767 25 50 
6.846 25 50 
6.924 25 50 
6.985 25 50 
7.048 25 50 
7.127 25 50 
7.22 25 50 
7.298 25 50 
7.345 25 50 
7.439 25 50 
7.517 25 50 
7.579 25 50 
7.642 25 50 
7.736 25 50 
7.829 25 50 
7.923 25 50 
8.017 25 50 
8.095 25 50 
8.158 25 50 
8.22 25 50 
8.314 25 50 
8.391 25 50 
8.502 25 50 
8.595 25 50 
8.689 25 50 
8.752 25 50 
8.83 25 50 
8.893 25 50 
8.955 25 50 
9.017 25 50 
9.112 25 50 
9.189 25 50 
9.299 25 50 
9.375 25 50 
9.455 25 50 
9.516 25 50 
9.594 25 50 
9.688 25 50 
9.752 25 50 
9.83 25 50 
9.907 25 50 
9.986 25 50 
10.048 25 50 
10.126 25 50 
10.189 25 50 
10.252 25 50 
10.346 25 50 
10.423 25 50 
10.501 25 50 
10.595 25 50 
10.69 25 50 
