0.7 0.00529002 -0.00100321 0.0379413 0.905666 
0.733333 0.00569469 -0.00108826 0.041023 0.924916 
0.766667 0.00602484 -0.00097918 0.0422211 0.941366 
0.8 0.00631209 -0.000939515 0.0410673 0.95467 
0.833333 0.00653494 -0.00092651 0.0383709 0.965335 
0.866667 0.00674044 -0.000875106 0.0336149 0.972428 
0.9 0.00690147 -0.000845168 0.0272708 0.976031 
0.933333 0.00699056 -0.000815637 0.0221736 0.979052 
0.966667 0.00707219 -0.000878819 0.0186473 0.982265 
1 0.00719424 -0.000956314 0.0155657 0.984839 
1.03333 0.00724272 -0.00101981 0.0155826 0.990045 
1.06667 0.00725337 -0.00113664 0.0186408 0.998848 
1.1 0.00726257 -0.00120121 0.0218149 1.00881 
1.13333 0.00729455 -0.00128062 0.0272388 1.02248 
1.16667 0.00728668 -0.00145796 0.0347718 1.04046 
1.2 0.00734539 -0.00148047 0.0397404 1.05791 
1.23333 0.00740256 -0.00139236 0.0429807 1.07498 
1.26667 0.00753985 -0.00122474 0.0432152 1.08959 
1.3 0.00763494 -0.00114515 0.0417899 1.10231 
1.33333 0.00783867 -0.00105381 0.0396747 1.11374 
1.36667 0.00802835 -0.000929975 0.0351494 1.12163 
1.4 0.00819357 -0.000896054 0.0299563 1.12721 
1.43333 0.00840848 -0.000882029 0.0251721 1.13155 
1.46667 0.00848523 -0.000860179 0.0213169 1.13539 
1.5 0.00859526 -0.000935628 0.0170119 1.13741 
1.53333 0.00862306 -0.00102624 0.0155753 1.14139 
1.56667 0.00865958 -0.00110373 0.0155474 1.14655 
1.6 0.00865919 -0.00124074 0.017889 1.15449 
1.63333 0.00868711 -0.00136092 0.0224891 1.16589 
1.66667 0.00892338 -0.00144279 0.0268805 1.17857 
1.7 0.00900524 -0.00155888 0.0343038 1.19629 
1.73333 0.00904249 -0.0016221 0.042544 1.21745 
1.76667 0.00912855 -0.00173632 0.0483728 1.23851 
1.8 0.00916718 -0.00169993 0.0496119 1.2561 
1.83333 0.0092603 -0.00169277 0.0503653 1.27353 
1.86667 0.00940061 -0.00162654 0.048185 1.28774 
1.9 0.00954271 -0.00157336 0.0430287 1.29772 
1.93333 0.00960637 -0.00147782 0.0382275 1.30639 
1.96667 0.00971214 -0.0014146 0.0331202 1.31311 
2 0.0097919 -0.0015754 0.02993 1.32038 
2.03333 0.00999038 -0.00165739 0.0269095 1.32679 
2.06667 0.0100533 -0.00176715 0.0241549 1.33251 
2.1 0.0100913 -0.0019115 0.0257001 1.34239 
2.13333 0.0101066 -0.00203736 0.0287693 1.35458 
2.16667 0.0100701 -0.00218558 0.0326814 1.36878 
2.2 0.0100273 -0.00226497 0.0362231 1.38386 
2.23333 0.0100224 -0.00246687 0.0426597 1.40353 
2.26667 0.010087 -0.00249836 0.0478766 1.42391 
2.3 0.0101564 -0.00253277 0.0536235 1.44665 
2.33333 0.0102408 -0.00252283 0.0551511 1.46633 
2.36667 0.0103021 -0.0024066 0.0542418 1.48364 
2.4 0.0102734 -0.00230628 0.0523443 1.49948 
2.43333 0.0103478 -0.00213942 0.0475142 1.51123 
2.46667 0.0105276 -0.00208869 0.0431015 1.52186 
2.5 0.0106621 -0.00200756 0.0368851 1.52888 
2.53333 0.0107297 -0.0019467 0.0312162 1.53449 
2.56667 0.0109849 -0.00197469 0.0255765 1.53824 
2.6 0.0109516 -0.00202252 0.024291 1.54524 
2.63333 0.0109717 -0.00205751 0.0256488 1.55494 
2.66667 0.0111062 -0.00224951 0.0275065 1.56569 
2.7 0.0111235 -0.00247804 0.0300976 1.57791 
2.73333 0.0111857 -0.00258524 0.0339322 1.59247 
2.76667 0.0111414 -0.00266707 0.0398046 1.61072 
2.8 0.0110312 -0.0027188 0.0463604 1.63172 
2.83333 0.011068 -0.00281606 0.0497271 1.65115 
2.86667 0.0110647 -0.00272824 0.0522441 1.6707 
2.9 0.0111281 -0.00261424 0.0519549 1.68777 
2.93333 0.0112095 -0.00252838 0.050608 1.7035 
2.96667 0.0112917 -0.0023208 0.0472418 1.71639 
3 0.0113578 -0.00219779 0.0443314 1.72871 
3.03333 0.0114915 -0.00212545 0.0396153 1.73792 
3.06667 0.0116074 -0.00211765 0.0357804 1.74659 
3.1 0.0116616 -0.00206291 0.0324217 1.75456 
3.13333 0.0117562 -0.00216736 0.0288585 1.76116 
3.16667 0.011876 -0.00232812 0.0284131 1.77025 
3.2 0.0118118 -0.00242428 0.0277601 1.77895 
3.23333 0.0118359 -0.00256123 0.0304191 1.79134 
3.26667 0.0119126 -0.002736 0.0350964 1.807 
3.3 0.0117631 -0.00287717 0.0417041 1.8265 
3.33333 0.0117964 -0.00298835 0.0471607 1.84685 
3.36667 0.011872 -0.00312415 0.0530515 1.86952 
3.4 0.0118644 -0.00305218 0.0559239 1.89059 
3.43333 0.0120206 -0.00298228 0.0561177 1.90946 
3.46667 0.0120813 -0.00285266 0.053881 1.92553 
3.5 0.0121813 -0.00274876 0.0520945 1.94138 
3.53333 0.012319 -0.00270895 0.0482059 1.95416 
3.56667 0.0123816 -0.00258664 0.0436041 1.96479 
3.6 0.012487 -0.00259365 0.0388091 1.97367 
3.63333 0.0126308 -0.00261708 0.0345071 1.98152 
