0.228 30 -40 
0.321 30 -40 
0.399 30 -40 
0.462 30 -40 
0.54 30 -40 
0.602 30 -40 
0.666 30 -40 
0.728 30 -40 
0.79 30 -40 
0.854 30 -40 
0.931 30 -40 
0.994 30 -40 
1.056 30 -40 
1.133 30 -40 
1.196 30 -40 
1.259 30 -40 
1.337 30 -40 
1.4 30 -40 
1.462 30 -40 
1.525 30 -40 
1.587 30 -40 
1.649 30 -40 
1.728 30 -40 
1.79 30 -40 
1.853 30 -40 
1.914 30 -40 
1.993 30 -40 
2.055 30 -40 
2.133 30 -40 
2.197 30 -40 
2.259 30 -40 
2.321 30 -40 
2.384 30 -40 
2.447 30 -40 
2.524 30 -40 
2.588 30 -40 
2.65 30 -40 
2.729 30 -40 
2.791 30 -40 
2.853 30 -40 
2.931 30 -40 
2.993 30 -40 
3.055 30 -40 
3.117 30 -40 
3.181 30 -40 
3.258 30 -40 
3.321 30 -40 
3.399 30 -40 
3.461 30 -40 
3.524 30 -40 
3.633 30 -40 
3.712 30 -40 
3.821 30 -40 
3.883 30 -40 
3.947 30 -40 
4.025 30 -40 
4.103 30 -40 
4.165 30 -40 
4.228 30 -40 
4.29 30 -40 
4.353 30 -40 
4.416 30 -40 
4.493 30 -40 
4.571 30 -40 
4.634 30 -40 
4.696 30 -40 
4.758 30 -40 
4.822 30 -40 
4.899 30 -40 
4.961 30 -40 
5.039 30 -40 
5.119 30 -40 
5.18 30 -40 
5.258 30 -40 
5.338 30 -40 
5.4 30 -40 
5.463 30 -40 
5.524 30 -40 
5.588 30 -40 
5.649 30 -40 
5.728 30 -40 
5.791 30 -40 
5.868 30 -40 
5.916 30 -40 
5.994 30 -40 
6.056 30 -40 
6.134 30 -40 
6.196 30 -40 
6.258 30 -40 
6.321 30 -40 
6.384 30 -40 
6.446 30 -40 
6.525 30 -40 
6.602 30 -40 
6.665 30 -40 
6.728 30 -40 
6.79 30 -40 
6.852 30 -40 
6.947 30 -40 
7.024 30 -40 
7.088 30 -40 
7.165 30 -40 
7.228 30 -40 
7.307 30 -40 
7.369 30 -40 
7.432 30 -40 
7.493 30 -40 
7.557 30 -40 
7.618 30 -40 
7.696 30 -40 
