0.066667 0.066522 -0.001306 1.823690 0.786706 0.616133 0.212845 
0.100000 0.068822 -0.004413 1.792802 0.844577 0.617692 0.214235 
0.133333 0.067964 -0.006367 1.437630 0.913863 0.620170 0.216267 
0.166667 0.060650 -0.000369 0.630964 0.959272 0.621651 0.217788 
0.200000 0.056733 0.010403 -0.166469 0.955284 0.622135 0.218797 
0.233333 0.062690 0.011695 -0.492780 0.930831 0.623157 0.221696 
0.266667 0.077335 0.001552 -0.399341 0.912215 0.623567 0.222830 
0.300000 0.088770 -0.009621 -0.331564 0.910136 0.625806 0.225040 
0.333333 0.087141 -0.011788 -0.565922 0.903863 0.629013 0.227911 
0.366667 0.080429 -0.007628 -0.846621 0.880851 0.629992 0.229430 
0.400000 0.077993 -0.008363 -0.641196 0.845342 0.632042 0.230106 
0.433333 0.074463 -0.017766 0.138517 0.801566 0.633800 0.234241 
0.466667 0.061390 -0.030630 0.902890 0.860162 0.636239 0.233478 
0.500000 0.048384 -0.024874 1.149292 0.896941 0.638974 0.234551 
0.533333 0.045466 -0.011416 1.055875 0.931422 0.639460 0.235563 
0.566667 0.052711 -0.005891 1.043960 0.953860 0.640519 0.236200 
0.600000 0.061675 -0.010582 1.188316 0.997813 0.641926 0.238608 
0.633333 0.069213 -0.012829 1.225332 1.029020 0.643570 0.239416 
0.666667 0.080760 -0.008938 0.930960 1.092180 0.645468 0.242044 
0.700000 0.095875 0.005093 0.404641 1.099280 0.645648 0.243141 
0.733333 0.099860 0.013381 -0.056659 1.105920 0.649230 0.247752 
0.766667 0.090399 0.006084 -0.273179 1.098950 0.647526 0.251262 
0.800000 0.083335 -0.009001 -0.302820 1.079400 0.650249 0.252804 
0.833333 0.082178 -0.016823 -0.346341 1.079200 0.651943 0.254317 
0.866667 0.074920 -0.014488 -0.517594 1.069910 0.653694 0.257885 
0.900000 0.063581 -0.012923 -0.721426 1.038550 0.655688 0.259420 
0.933333 0.063231 -0.017810 -0.739828 1.021730 0.655679 0.259924 
0.966667 0.074411 -0.021782 -0.329307 1.001520 0.658614 0.262066 
1.000000 0.084116 -0.019848 0.478533 0.968854 0.660663 0.264017 
1.033330 0.084344 -0.021224 1.151231 1.024670 0.661995 0.265741 
1.066670 0.080552 -0.022499 1.295087 1.097520 0.665564 0.268080 
1.100000 0.081502 -0.019569 1.225146 1.099970 0.665615 0.270133 
1.133330 0.086453 -0.016825 1.306060 1.146190 0.667986 0.271905 
1.166670 0.090311 -0.001223 1.320034 1.196970 0.670150 0.274855 
1.200000 0.089409 0.022016 0.929709 1.244190 0.670796 0.277640 
1.233330 0.086788 0.031896 0.269433 1.272520 0.670491 0.280804 
1.266670 0.089960 0.022516 -0.229629 1.252700 0.669141 0.284947 
1.300000 0.103110 0.005039 -0.398545 1.233760 0.671192 0.285327 
1.333330 0.113352 -0.012864 -0.392084 1.249340 0.672293 0.291532 
1.366670 0.114291 -0.020089 -0.348464 1.202450 0.673303 0.293998 
1.400000 0.111400 -0.026246 -0.362790 1.215080 0.676603 0.296869 
1.433330 0.108735 -0.020636 -0.489503 1.194720 0.678035 0.300095 
1.466670 0.097450 -0.020532 -0.515625 1.190390 0.680245 0.303202 
1.500000 0.081165 -0.026546 -0.142581 1.143470 0.681453 0.306767 
1.533330 0.073561 -0.037567 0.528502 1.166850 0.684050 0.307072 
1.566670 0.086214 -0.035871 1.059407 1.192690 0.685861 0.309169 
1.600000 0.108195 -0.026494 1.239307 1.244740 0.688377 0.311919 
1.633330 0.118150 -0.017956 1.318055 1.289200 0.690171 0.314745 
1.666670 0.105788 -0.013358 1.542881 1.300700 0.691225 0.320771 
1.700000 0.086482 -0.019699 1.702827 1.391430 0.693247 0.321742 
1.733330 0.083433 -0.017398 1.441831 1.434410 0.693098 0.324172 
1.766670 0.094269 -0.012056 0.774738 1.488040 0.695412 0.327760 
1.800000 0.108183 -0.004830 0.017824 1.484440 0.695185 0.330785 
1.833330 0.117001 -0.006798 -0.517947 1.483360 0.695128 0.334345 
1.866670 0.115137 -0.005433 -0.643461 1.458910 0.695953 0.338688 
1.900000 0.105480 0.005010 -0.431989 1.416410 0.698117 0.342867 
1.933330 0.103050 0.000438 -0.264390 1.435050 0.696746 0.344825 
1.966670 0.113100 -0.018745 -0.390173 1.420220 0.696658 0.349332 
2.000000 0.123427 -0.037261 -0.522690 1.412740 0.699899 0.352488 
2.033330 0.122602 -0.035069 -0.186839 1.374800 0.701922 0.356803 
2.066670 0.109543 -0.031779 0.582018 1.375140 0.703222 0.360795 
2.100000 0.095544 -0.036547 1.180977 1.419710 0.704484 0.363153 
2.133330 0.090065 -0.040159 1.216495 1.483250 0.707008 0.366631 
2.166670 0.097475 -0.034450 1.019959 1.507290 0.708415 0.368948 
2.200000 0.108942 -0.025538 1.100302 1.522030 0.708619 0.372270 
2.233330 0.113016 -0.020197 1.396271 1.576260 0.711118 0.376903 
2.266670 0.110790 -0.013012 1.383592 1.615170 0.710163 0.380089 
2.300000 0.107806 -0.008831 0.798713 1.693040 0.710484 0.383541 
2.333330 0.108184 0.007805 0.031262 1.677650 0.711143 0.387776 
2.366670 0.112238 0.015773 -0.330306 1.670020 0.709353 0.390687 
2.400000 0.120779 0.006043 -0.204696 1.649190 0.708269 0.394767 
2.433330 0.128205 -0.016898 -0.065471 1.649850 0.708214 0.398351 
2.466670 0.128101 -0.034371 -0.314046 1.668250 0.709147 0.403999 
2.500000 0.127287 -0.034118 -0.722503 1.642670 0.710377 0.407847 
2.533330 0.125062 -0.028614 -0.690686 1.607700 0.710075 0.410035 
2.566670 0.117498 -0.024159 -0.075509 1.565810 0.711982 0.418911 
2.600000 0.112986 -0.033882 0.612360 1.613090 0.712279 0.417828 
2.633330 0.120266 -0.041868 0.928943 1.629810 0.712933 0.423545 
2.666670 0.122482 -0.044959 0.975388 1.671390 0.714899 0.428709 
2.700000 0.114069 -0.032198 1.063982 1.689220 0.715882 0.431293 
2.733330 0.102213 -0.019923 1.262749 1.733040 0.715804 0.436431 
2.766670 0.099096 -0.015714 1.395292 1.776140 0.715766 0.439002 
2.800000 0.105815 -0.017035 1.302386 1.837300 0.714930 0.441199 
2.833330 0.113950 -0.007103 0.916739 1.847120 0.716153 0.447239 
2.866670 0.118014 -0.001949 0.294512 1.913290 0.713296 0.449451 
2.900000 0.123015 0.007408 -0.209778 1.882900 0.712477 0.453360 
2.933330 0.129090 0.007307 -0.211833 1.868060 0.711435 0.457420 
2.966670 0.133342 -0.002400 0.116129 1.859970 0.709272 0.462068 
3.000000 0.134235 -0.022082 0.191921 1.886020 0.708200 0.465144 
3.033330 0.130046 -0.030718 -0.217419 1.895660 0.708112 0.470814 
3.066670 0.124920 -0.026331 -0.701085 1.868570 0.709057 0.475987 
3.100000 0.124857 -0.031833 -0.680537 1.845190 0.705960 0.477486 
3.133330 0.128064 -0.041623 -0.069418 1.794410 0.707913 0.483712 
3.166670 0.123046 -0.055012 0.663572 1.849910 0.708304 0.489071 
3.200000 0.122848 -0.049958 1.104175 1.859660 0.708826 0.490959 
3.233330 0.122567 -0.046139 1.293117 1.915300 0.709206 0.497240 
3.266670 0.120020 -0.037994 1.485074 1.952250 0.708666 0.501296 
3.300000 0.123164 -0.027614 1.702856 1.994790 0.708433 0.505345 
3.333330 0.137952 -0.018619 1.589078 2.060630 0.707536 0.508004 
3.366670 0.152086 -0.012709 0.893424 2.128640 0.705372 0.515216 
3.400000 0.152586 -0.004314 0.040088 2.135030 0.702288 0.517131 
3.433330 0.139601 0.001021 -0.296325 2.104370 0.700110 0.523417 
3.466670 0.124001 -0.003345 -0.115269 2.086480 0.697772 0.526159 
3.500000 0.116003 -0.018773 0.060066 2.124870 0.695906 0.529567 
3.533330 0.119092 -0.026840 0.079828 2.118340 0.695013 0.533518 
3.566670 0.123874 -0.025156 0.079272 2.081120 0.693591 0.537827 
