0.7 0.00690114 -0.000522767 0.00565939 0.457685 
0.733333 0.00733096 -0.000601467 0.00428384 0.459119 
0.766667 0.0076207 -0.000699668 0.00305876 0.458097 
0.8 0.00787153 -0.000804026 0.00479772 0.46093 
0.833333 0.00803208 -0.000899663 0.00753576 0.465745 
0.866667 0.00822486 -0.000942685 0.0123323 0.473851 
0.9 0.0084186 -0.000953638 0.0174939 0.484037 
0.933333 0.00857782 -0.000988652 0.0238355 0.497378 
0.966667 0.0087776 -0.00103106 0.0284857 0.51084 
1 0.00894384 -0.000960582 0.03018 0.522345 
1.03333 0.00913231 -0.000874042 0.0308069 0.533153 
1.06667 0.00931371 -0.000787846 0.02769 0.539744 
1.1 0.0094929 -0.00069974 0.0241031 0.54474 
1.13333 0.00961413 -0.000623558 0.0181953 0.5458 
1.16667 0.00972938 -0.000530921 0.011407 0.543851 
1.2 0.009796 -0.000503457 0.00730204 0.542808 
1.23333 0.00993518 -0.000559003 0.00688827 0.544753 
1.26667 0.0099853 -0.000671923 0.0074825 0.547751 
1.3 0.0100551 -0.000819564 0.0106412 0.553974 
1.33333 0.010124 -0.000944748 0.0146914 0.562302 
1.36667 0.0102007 -0.00105771 0.0211329 0.574803 
1.4 0.010241 -0.00113372 0.0276503 0.589541 
1.43333 0.0103606 -0.00111124 0.0318304 0.603692 
1.46667 0.010592 -0.00099301 0.0339932 0.616855 
1.5 0.0107934 -0.000940067 0.0348653 0.629216 
1.53333 0.01104 -0.000876874 0.0329532 0.638581 
1.56667 0.0112754 -0.00076661 0.0291154 0.645034 
1.6 0.0115052 -0.000679312 0.0219693 0.646304 
1.63333 0.0116486 -0.00070559 0.0163094 0.646946 
1.66667 0.0118318 -0.000790279 0.0127919 0.64823 
1.7 0.0120443 -0.000810649 0.012304 0.651918 
1.73333 0.0123179 -0.000992002 0.0153156 0.659574 
1.76667 0.012529 -0.00111899 0.0197689 0.669937 
1.8 0.0126853 -0.00123488 0.0255178 0.683312 
1.83333 0.0128013 -0.00132241 0.0287153 0.695593 
1.86667 0.0130483 -0.00130047 0.0305362 0.707314 
1.9 0.01329 -0.00133502 0.0327295 0.720082 
1.93333 0.013562 -0.00132292 0.0341227 0.732636 
1.96667 0.0138179 -0.00120924 0.0309856 0.740307 
2 0.01413 -0.0010905 0.0269597 0.745884 
2.03333 0.0143982 -0.00102147 0.0243503 0.75179 
2.06667 0.0146399 -0.00102384 0.0224942 0.757716 
2.1 0.0148239 -0.0010515 0.0194943 0.761672 
2.13333 0.0150185 -0.001108 0.0184481 0.766936 
2.16667 0.0152161 -0.00130073 0.0205882 0.775611 
2.2 0.015213 -0.00146836 0.0240517 0.786563 
2.23333 0.0152233 -0.00153908 0.0274461 0.798587 
2.26667 0.0151135 -0.00156118 0.0294588 0.810111 
2.3 0.0151954 -0.00152849 0.0312489 0.822044 
2.33333 0.0152798 -0.00154057 0.0354246 0.83739 
2.36667 0.0153769 -0.00143093 0.035921 0.849784 
2.4 0.0154014 -0.0012997 0.0344581 0.86003 
2.43333 0.0153252 -0.00116864 0.0305143 0.866861 
2.46667 0.0151816 -0.000980385 0.0245953 0.870045 
2.5 0.0150621 -0.000912856 0.0189775 0.871612 
2.53333 0.0150933 -0.000944404 0.0156435 0.874002 
2.56667 0.0150684 -0.000940829 0.0143806 0.877726 
