0.066667 0.064432 -0.000375 -0.907666 0.443179 0.934507 0.165852 
0.100000 0.063582 -0.003990 -0.764384 0.419917 0.937933 0.166842 
0.133333 0.069302 -0.009496 -0.611504 0.424372 0.939602 0.166901 
0.166667 0.079860 -0.008879 -0.644769 0.403593 0.941675 0.167852 
0.200000 0.080824 -0.011863 -0.539453 0.366632 0.945344 0.169138 
0.233333 0.073052 -0.020687 -0.095221 0.345543 0.947242 0.169484 
0.266667 0.065247 -0.027224 0.488559 0.378128 0.949796 0.169002 
0.300000 0.065614 -0.019229 1.008316 0.378720 0.952284 0.169165 
0.333333 0.073707 -0.007221 1.379197 0.437983 0.954387 0.169545 
0.366667 0.086824 0.004903 1.471163 0.475083 0.956425 0.170570 
0.400000 0.095173 0.007596 1.143154 0.530527 0.959644 0.172673 
0.433333 0.095388 0.003844 0.485765 0.571831 0.962027 0.174649 
0.466667 0.095138 0.001814 -0.133176 0.557670 0.964576 0.176184 
0.500000 0.099733 0.000225 -0.443365 0.543611 0.967125 0.177718 
0.533333 0.103783 -0.000853 -0.516319 0.536467 0.970185 0.179762 
0.566667 0.102047 -0.002191 -0.545637 0.510547 0.973671 0.181181 
0.600000 0.096585 -0.010152 -0.621920 0.498316 0.975911 0.183157 
0.633333 0.091167 -0.019418 -0.681697 0.479106 0.979188 0.183822 
0.666667 0.088125 -0.024632 -0.559953 0.447077 0.982752 0.184365 
0.700000 0.088003 -0.027591 -0.176928 0.435487 0.984563 0.185067 
0.733333 0.088719 -0.025730 0.355230 0.437144 0.988651 0.185356 
0.766667 0.087562 -0.017150 0.855603 0.457204 0.991357 0.185581 
0.800000 0.088176 -0.004803 1.232954 0.505496 0.994085 0.187272 
0.833333 0.096073 0.010432 1.437486 0.525850 0.996613 0.187978 
0.866667 0.110143 0.011810 1.340685 0.602715 0.999316 0.190622 
0.900000 0.120152 0.006388 0.878592 0.627673 1.001830 0.193492 
0.933333 0.119633 -0.003052 0.243072 0.660137 1.005500 0.195869 
0.966667 0.112164 -0.001000 -0.267773 0.641716 1.009280 0.197695 
1.000000 0.106028 0.000794 -0.521336 0.631216 1.010960 0.200102 
1.033330 0.104210 -0.000510 -0.583866 0.616497 1.014340 0.202540 
1.066670 0.104468 0.001922 -0.598820 0.582991 1.017310 0.203813 
1.100000 0.104816 0.004237 -0.635859 0.585003 1.019950 0.206133 
1.133330 0.104809 0.005247 -0.535050 0.553848 1.023030 0.207961 
1.166670 0.107141 -0.005818 -0.098020 0.528957 1.025850 0.210604 
1.200000 0.112399 -0.025413 0.505755 0.534712 1.028520 0.211127 
1.233330 0.114991 -0.041163 0.926792 0.586412 1.033770 0.212907 
1.266670 0.116140 -0.035308 1.150704 0.602413 1.036600 0.213039 
1.300000 0.114326 -0.021476 1.351592 0.647450 1.041330 0.214609 
1.333330 0.111243 -0.006335 1.388584 0.681537 1.043680 0.217279 
1.366670 0.113945 0.002256 0.957705 0.754129 1.047120 0.219566 
1.400000 0.131509 0.012470 0.209770 0.771310 1.049700 0.221377 
1.433330 0.153320 0.013939 -0.314897 0.746814 1.051640 0.225547 
1.466670 0.160983 0.001647 -0.457431 0.726736 1.056670 0.231331 
1.500000 0.152697 -0.009907 -0.585466 0.729136 1.060510 0.232148 
1.533330 0.140350 -0.008926 -0.851124 0.711518 1.064700 0.236090 
1.566670 0.132007 -0.009861 -0.868167 0.667837 1.067650 0.238846 
1.600000 0.135883 -0.019651 -0.320352 0.630643 1.071910 0.241796 
1.633330 0.155670 -0.027031 0.559085 0.641793 1.075320 0.242450 
1.666670 0.177835 -0.024946 1.326395 0.688390 1.081500 0.245140 
1.700000 0.180195 -0.015130 1.737159 0.722853 1.085680 0.249957 
1.733330 0.155927 -0.012356 1.659988 0.799657 1.091530 0.252739 
1.766670 0.129785 -0.003035 1.037106 0.844465 1.094010 0.256836 
1.800000 0.130172 0.006046 0.134004 0.877261 1.096530 0.259128 
1.833330 0.154754 0.015955 -0.506372 0.855175 1.098790 0.261852 
1.866670 0.175519 0.020041 -0.648641 0.811715 1.102740 0.268818 
1.900000 0.181430 0.007023 -0.648824 0.809849 1.106670 0.272581 
1.933330 0.181819 -0.011590 -0.751154 0.810910 1.110190 0.276304 
1.966670 0.181673 -0.019524 -0.579457 0.755174 1.115180 0.281165 
2.000000 0.173389 -0.026004 0.100936 0.725087 1.120230 0.284134 
2.033330 0.155947 -0.036436 0.829923 0.777388 1.125510 0.287013 
2.066670 0.144685 -0.036556 1.189693 0.811903 1.129190 0.290057 
2.100000 0.146051 -0.032208 1.307704 0.841180 1.133240 0.292137 
2.133330 0.148353 -0.024649 1.346026 0.887097 1.137090 0.295243 
2.166670 0.137503 -0.012116 1.167924 0.937679 1.141720 0.299270 
2.200000 0.122052 0.003941 0.645834 0.967664 1.143300 0.302990 
2.233330 0.127683 0.015455 -0.005312 0.993666 1.145700 0.305973 
2.266670 0.155876 0.025403 -0.369286 0.965059 1.146500 0.308649 
2.300000 0.175840 0.026259 -0.384908 0.930357 1.149960 0.316270 
2.333330 0.168482 0.006746 -0.414816 0.968245 1.153340 0.320978 
2.366670 0.144569 0.003801 -0.615361 0.914464 1.155300 0.324653 
2.400000 0.124906 -0.004555 -0.724153 0.913818 1.159310 0.328208 
2.433330 0.121326 -0.014671 -0.444651 0.873126 1.161110 0.331681 
2.466670 0.139135 -0.037927 0.233470 0.869712 1.164110 0.333884 
2.500000 0.152908 -0.052234 0.649425 0.878933 1.167820 0.336163 
