0.21 30 0 
0.288 30 0 
0.365 30 0 
0.46 30 0 
0.537 30 0 
0.6 30 0 
0.663 30 0 
0.724 30 0 
0.788 30 0 
0.85 30 0 
0.929 30 0 
0.99 30 0 
1.054 30 0 
1.132 30 0 
1.194 30 0 
1.257 30 0 
1.335 30 0 
1.398 30 0 
1.46 30 0 
1.522 30 0 
1.585 30 0 
1.662 30 0 
1.725 30 0 
1.804 30 0 
1.882 30 0 
1.959 30 0 
2.023 30 0 
2.101 30 0 
2.162 30 0 
2.226 30 0 
2.304 30 0 
2.381 30 0 
2.444 30 0 
2.522 30 0 
2.585 30 0 
2.663 30 0 
2.724 30 0 
2.787 30 0 
2.85 30 0 
2.928 30 0 
2.991 30 0 
3.053 30 0 
3.115 30 0 
3.179 30 0 
3.242 30 0 
3.335 30 0 
3.397 30 0 
3.459 30 0 
3.521 30 0 
3.585 30 0 
3.646 30 0 
3.725 30 0 
3.788 30 0 
3.866 30 0 
3.929 30 0 
3.99 30 0 
4.053 30 0 
4.131 30 0 
4.193 30 0 
4.257 30 0 
4.319 30 0 
4.381 30 0 
4.444 30 0 
4.521 30 0 
4.601 30 0 
4.662 30 0 
4.726 30 0 
4.787 30 0 
4.85 30 0 
4.928 30 0 
4.991 30 0 
5.053 30 0 
5.115 30 0 
5.177 30 0 
5.256 30 0 
5.335 30 0 
5.397 30 0 
5.459 30 0 
5.522 30 0 
5.585 30 0 
5.647 30 0 
5.725 30 0 
5.803 30 0 
5.865 30 0 
5.929 30 0 
5.991 30 0 
6.053 30 0 
6.131 30 0 
6.194 30 0 
6.257 30 0 
6.32 30 0 
6.382 30 0 
6.445 30 0 
6.522 30 0 
6.599 30 0 
6.662 30 0 
6.725 30 0 
6.787 30 0 
6.849 30 0 
6.943 30 0 
7.022 30 0 
7.1 30 0 
7.194 30 0 
7.24 30 0 
7.335 30 0 
7.397 30 0 
7.46 30 0 
7.523 30 0 
7.584 30 0 
7.648 30 0 
7.726 30 0 
7.788 30 0 
7.85 30 0 
7.929 30 0 
7.991 30 0 
8.053 30 0 
8.131 30 0 
8.195 30 0 
8.256 30 0 
8.319 30 0 
8.396 30 0 
8.49 30 0 
8.57 30 0 
8.632 30 0 
8.695 30 0 
8.756 30 0 
8.82 30 0 
8.897 30 0 
8.96 30 0 
9.038 30 0 
9.115 30 0 
9.193 30 0 
9.256 30 0 
9.335 30 0 
9.398 30 0 
9.46 30 0 
9.522 30 0 
9.584 30 0 
9.647 30 0 
9.726 30 0 
10.007 30 0 
10.1 30 0 
10.163 30 0 
10.224 30 0 
10.287 30 0 
10.366 30 0 
10.443 30 0 
10.538 30 0 
10.599 30 0 
10.663 30 0 
10.724 30 0 
10.787 30 0 
10.849 30 0 
10.929 30 0 
10.991 30 0 
11.053 30 0 
11.132 30 0 
11.209 30 0 
11.303 30 0 
11.367 30 0 
11.428 30 0 
11.492 30 0 
11.554 30 0 
11.615 30 0 
11.693 30 0 
11.771 30 0 
11.85 30 0 
