0.7 0.00294435 0.000241728 0.00696285 0.204945 
0.733333 0.00308909 0.000309034 0.00405156 0.206115 
0.766667 0.00319655 0.000300673 0.00208381 0.204919 
0.8 0.00332454 0.000283451 0.00149821 0.204754 
0.833333 0.00346644 0.000228599 0.00157766 0.205049 
0.866667 0.0036232 0.000158673 0.00362293 0.207883 
0.9 0.00368783 -1.38913e-005 0.00764465 0.213829 
0.933333 0.00373345 -0.000160465 0.0116888 0.221169 
0.966667 0.00368047 -0.000227942 0.0141842 0.228006 
1 0.0037643 -0.000267801 0.0174167 0.236556 
1.03333 0.00390329 -0.000259074 0.0191859 0.244456 
1.06667 0.00390576 -0.000156181 0.019496 0.25122 
1.1 0.00402705 -1.70249e-005 0.0187281 0.256813 
1.13333 0.00408271 0.000109372 0.0155433 0.259296 
1.16667 0.00413218 0.000227045 0.0118116 0.260072 
1.2 0.00428925 0.000292546 0.0087799 0.260431 
1.23333 0.00439135 0.000208716 0.00550738 0.259494 
1.26667 0.00445794 8.95205e-005 0.00419432 0.25978 
1.3 0.0044703 -0.000137419 0.00491389 0.262027 
1.33333 0.00449064 -0.000308467 0.00746119 0.266672 
1.36667 0.0044802 -0.000365254 0.00998091 0.272134 
1.4 0.00454629 -0.000393718 0.0125665 0.278513 
1.43333 0.00460807 -0.000395279 0.0164828 0.287325 
1.46667 0.00477186 -0.000419156 0.0196311 0.296536 
1.5 0.00480959 -0.00034492 0.0208521 0.304521 
1.53333 0.00481579 -0.000220728 0.0200008 0.310466 
1.56667 0.004852 -0.000163746 0.0176811 0.314395 
1.6 0.00480589 -0.000170029 0.0142926 0.316289 
1.63333 0.00486336 -4.68281e-005 0.0101179 0.316125 
1.66667 0.00500411 -1.99525e-005 0.00660457 0.31535 
1.7 0.00522104 8.97453e-006 0.00387302 0.314327 
1.73333 0.00528501 -8.18337e-005 0.00361891 0.315318 
1.76667 0.00533456 -0.000149187 0.00620426 0.319576 
1.8 0.00539362 -0.000166813 0.00682064 0.322372 
1.83333 0.00536118 -0.000331159 0.0107299 0.32926 
1.86667 0.00534408 -0.00048353 0.014379 0.337145 
1.9 0.00538902 -0.00058351 0.0178558 0.346042 
1.93333 0.00537874 -0.000587698 0.0198476 0.354345 
1.96667 0.00540447 -0.000436056 0.0201396 0.361306 
2 0.00542626 -0.000291477 0.0201292 0.368006 
2.03333 0.00550643 -0.000126612 0.0181184 0.372342 
2.06667 0.00553029 -1.51932e-005 0.0140034 0.373524 
2.1 0.00557474 -3.39564e-006 0.00968083 0.37309 
2.13333 0.00559948 -5.09423e-005 0.00548138 0.371359 
2.16667 0.00559846 -9.17179e-005 0.00279963 0.370021 
2.2 0.00559333 -0.000232221 0.00343495 0.371704 
2.23333 0.0057155 -0.000355568 0.00567214 0.37549 
2.26667 0.00582592 -0.000486856 0.00792353 0.380038 
2.3 0.00588538 -0.000501061 0.0116936 0.38713 
2.33333 0.00602337 -0.000472762 0.0151201 0.395072 
2.36667 0.00605967 -0.000526987 0.0177519 0.403219 
2.4 0.00607304 -0.000518529 0.0192446 0.410899 
2.43333 0.00607078 -0.000461126 0.0204334 0.418717 
2.46667 0.00608199 -0.000290767 0.018131 0.42281 
2.5 0.00614826 -0.000253597 0.0149106 0.425052 
2.53333 0.00626922 -0.000287963 0.0121656 0.426782 
2.56667 0.00643829 -0.000257721 0.00709495 0.424851 
2.6 0.00651879 -0.000197217 0.00380594 0.423334 
2.63333 0.00653319 -0.00022947 0.00118947 0.421514 
2.66667 0.00659376 -0.000270197 0.000682288 0.421312 
2.7 0.00665112 -0.000396229 0.00350202 0.424868 
2.73333 0.00671208 -0.000519669 0.00532036 0.428181 
2.76667 0.00671828 -0.000625587 0.00958871 0.434994 
2.8 0.0067233 -0.0006978 0.0136087 0.442935 
2.83333 0.00679517 -0.000659408 0.017104 0.451597 
2.86667 0.00693318 -0.000573437 0.0195077 0.460136 
2.9 0.00705736 -0.000463837 0.0196321 0.466786 
2.93333 0.00714671 -0.000348508 0.0182822 0.471736 
2.96667 0.00717267 -0.000302002 0.0148029 0.473723 
3 0.00718868 -0.000255452 0.0113632 0.474597 
3.03333 0.00721707 -0.00025722 0.00730908 0.473599 
3.06667 0.00729874 -0.000303961 0.00499523 0.473304 
3.1 0.00739392 -0.00031744 0.00429703 0.474145 
3.13333 0.00741039 -0.000399263 0.00469977 0.476053 
3.16667 0.0073975 -0.000504448 0.00619731 0.479387 
3.2 0.00742844 -0.000668921 0.00957073 0.485435 
3.23333 0.00741364 -0.000758074 0.0133797 0.493122 
3.26667 0.00743118 -0.000779469 0.017565 0.502522 
3.3 0.00738746 -0.000762486 0.0196222 0.510805 
3.33333 0.00744113 -0.000761849 0.0212144 0.519226 
3.36667 0.00751786 -0.00060411 0.0212999 0.526398 
3.4 0.0075444 -0.000512219 0.0207384 0.532835 
3.43333 0.00760135 -0.000417603 0.0171662 0.535531 
3.46667 0.00766962 -0.000328205 0.0132566 0.536638 
3.5 0.00773347 -0.000315198 0.00870527 0.535684 
3.53333 0.00780394 -0.000263973 0.00492621 0.534125 
3.56667 0.00777244 -0.000338737 0.00355526 0.534149 
3.6 0.00769097 -0.000467438 0.00504228 0.537089 
3.63333 0.00764416 -0.000640624 0.00686983 0.540927 
3.66667 0.00760499 -0.000700167 0.00940161 0.546206 
3.7 0.00768183 -0.000772656 0.0127695 0.553315 
3.73333 0.00774043 -0.00082976 0.0164352 0.561899 
3.76667 0.00784111 -0.000841166 0.0193325 0.570798 
3.8 0.0078394 -0.000823737 0.0198972 0.577908 
3.83333 0.00783901 -0.000809433 0.0193654 0.583913 
3.86667 0.00792002 -0.000686038 0.0186569 0.589532 
3.9 0.00793105 -0.000552403 0.0158088 0.592389 
3.93333 0.00796206 -0.000463378 0.012458 0.593703 
3.96667 0.00794577 -0.000359279 0.00799758 0.59259 
4 0.007936 -0.000331706 0.00497405 0.591687 
4.03333 0.00794693 -0.000295549 0.00370994 0.591853 
4.06667 0.00801166 -0.000371531 0.00373401 0.593118 
4.1 0.00802814 -0.000538697 0.00515253 0.596037 
4.13333 0.00800654 -0.0006857 0.00735617 0.600356 
4.16667 0.00797798 -0.000746891 0.0102241 0.606193 
4.2 0.00794966 -0.000814108 0.0140407 0.614107 
4.23333 0.00795767 -0.000852298 0.0178801 0.623319 
4.26667 0.00793576 -0.000915627 0.0205102 0.632384 
4.3 0.00802921 -0.00088916 0.021672 0.640592 
4.33333 0.00810387 -0.0007979 0.0205736 0.646519 
4.36667 0.00818415 -0.000625176 0.0189378 0.651446 
4.4 0.00821046 -0.000602316 0.0166762 0.655089 
4.43333 0.00818233 -0.000492883 0.0130198 0.656332 
4.46667 0.00820619 -0.000407123 0.00941077 0.656411 
4.5 0.00825596 -0.000477891 0.00667071 0.656314 
4.53333 0.00832604 -0.000541575 0.0059835 0.657726 
4.56667 0.00845082 -0.000610803 0.00759411 0.661622 
4.6 0.00855325 -0.000759007 0.0100667 0.667072 
4.63333 0.00871651 -0.000865144 0.0135506 0.67454 
4.66667 0.0088464 -0.000914812 0.0172764 0.683455 
4.7 0.00898276 -0.000966464 0.0208866 0.693476 
4.73333 0.00911143 -0.000948097 0.0234391 0.703451 
4.76667 0.00923643 -0.000954366 0.0233717 0.711185 
4.8 0.00926669 -0.000811797 0.0227621 0.718255 
4.83333 0.00939791 -0.000711823 0.0209557 0.72371 
4.86667 0.00952988 -0.000579219 0.0173086 0.726391 
4.9 0.00966548 -0.000608495 0.0143363 0.728651 
4.93333 0.00989379 -0.000695307 0.0132081 0.732098 
4.96667 0.0100346 -0.000770531 0.0123313 0.735466 
5 0.0101347 -0.000804552 0.0113196 0.738382 
5.03333 0.0101807 -0.000880119 0.0119976 0.742956 
5.06667 0.0102326 -0.000968653 0.0135426 0.748779 
5.1 0.0102471 -0.00104845 0.0162443 0.756482 
5.13333 0.0103921 -0.00104994 0.0189043 0.765037 
5.16667 0.0104736 -0.00102936 0.020407 0.773112 
5.2 0.0106228 -0.0010807 0.0227065 0.782629 
5.23333 0.0106183 -0.00100616 0.0230765 0.790635 
5.26667 0.0105987 -0.000883478 0.0225454 0.7977 
5.3 0.0106142 -0.000779635 0.0202357 0.802488 
5.33333 0.0105806 -0.000684102 0.0165669 0.804903 
5.36667 0.0105228 -0.00063139 0.0135923 0.806914 
5.4 0.0105327 -0.000686207 0.0121916 0.809791 
5.43333 0.0104658 -0.000713959 0.0102762 0.811594 
5.46667 0.0105364 -0.000839615 0.0117797 0.816794 
5.5 0.0104932 -0.00098929 0.0148805 0.824381 
5.53333 0.0103975 -0.00109032 0.0174288 0.832349 
5.56667 0.0103608 -0.00120356 0.0206938 0.842013 
5.6 0.010377 -0.00124362 0.0243601 0.853239 
5.63333 0.0103195 -0.00113075 0.0253247 0.862498 
5.66667 0.0102019 -0.00100166 0.0246631 0.870158 
5.7 0.0101339 -0.000845951 0.0235445 0.877059 
5.73333 0.0101652 -0.000749764 0.0222253 0.88335 
5.76667 0.010183 -0.000680465 0.0195391 0.887587 
5.8 0.0101886 -0.000614959 0.0165955 0.890626 
5.83333 0.010252 -0.000681196 0.0141991 0.893328 
5.86667 0.010288 -0.000789423 0.0131891 0.896869 
5.9 0.0102914 -0.000929683 0.0141471 0.902397 
5.93333 0.0102214 -0.00107218 0.0158032 0.909067 
5.96667 0.0102059 -0.00115508 0.0185613 0.917591 
6 0.0102278 -0.00129791 0.0220294 0.927872 
6.03333 0.0101484 -0.00137986 0.0250471 0.938777 
6.06667 0.0101808 -0.00138076 0.0278407 0.950424 
