0.7 0.00311784 -0.000476644 0.00762707 0.322186 
0.733333 0.00321705 -0.000496313 0.00639777 0.325446 
0.766667 0.00331959 -0.000485236 0.00388906 0.32419 
0.8 0.00347214 -0.000553741 0.00327383 0.324612 
0.833333 0.00353458 -0.00066596 0.00346147 0.325842 
0.866667 0.00361446 -0.000766354 0.00426059 0.327824 
0.9 0.00366154 -0.000835405 0.00637733 0.331707 
0.933333 0.00371563 -0.000905144 0.0104604 0.338655 
0.966667 0.00376006 -0.00091153 0.0148661 0.347351 
1 0.00378095 -0.000900505 0.0183332 0.356409 
1.03333 0.003815 -0.000851246 0.0202038 0.364733 
1.06667 0.00375765 -0.000731055 0.0185908 0.369565 
1.1 0.00379201 -0.00065715 0.0163229 0.373085 
1.13333 0.00384481 -0.000656522 0.014077 0.375874 
1.16667 0.00390974 -0.000566125 0.0105127 0.376359 
1.2 0.00403081 -0.000536807 0.00737435 0.376159 
1.23333 0.00412342 -0.000594218 0.00518485 0.376032 
1.26667 0.0041296 -0.000636186 0.00459587 0.377065 
1.3 0.00420631 -0.000699683 0.00447263 0.378452 
1.33333 0.00421961 -0.000790994 0.00652182 0.382361 
1.36667 0.00417491 -0.000929876 0.00949649 0.388047 
1.4 0.00420849 -0.000969875 0.0116589 0.393765 
1.43333 0.00423044 -0.000857441 0.0137226 0.400087 
1.46667 0.00430282 -0.000856062 0.0166869 0.408161 
1.5 0.00438663 -0.00084044 0.0190179 0.416475 
1.53333 0.00440757 -0.000729207 0.0190255 0.422823 
1.56667 0.00451465 -0.000658353 0.0187057 0.428787 
1.6 0.00456307 -0.000557798 0.0161995 0.432064 
1.63333 0.00461422 -0.000565402 0.0131203 0.433829 
1.66667 0.00472512 -0.000524783 0.00924753 0.433631 
1.7 0.00478951 -0.00054966 0.00493104 0.431618 
1.73333 0.00482843 -0.00055069 0.00212449 0.429949 
1.76667 0.00483929 -0.000635012 0.000788058 0.429079 
1.8 0.00485841 -0.000733691 0.00367268 0.432747 
1.83333 0.0048303 -0.00081388 0.00732086 0.438278 
1.86667 0.00495447 -0.000861379 0.0104537 0.444416 
1.9 0.00499048 -0.000969425 0.0146749 0.452884 
1.93333 0.00500886 -0.000962969 0.0183478 0.462111 
1.96667 0.00500859 -0.000859719 0.0202302 0.470449 
2 0.005125 -0.000794371 0.0200745 0.477009 
2.03333 0.00518353 -0.000734804 0.0185062 0.481849 
2.06667 0.00529389 -0.000679353 0.0163053 0.48542 
2.1 0.0054528 -0.000569915 0.0123461 0.486181 
2.13333 0.00552145 -0.000532935 0.00906806 0.486427 
2.16667 0.00555404 -0.000603739 0.00590949 0.485721 
2.2 0.00563267 -0.000686367 0.00486275 0.486455 
2.23333 0.00565223 -0.000745912 0.00471717 0.487904 
2.26667 0.00572033 -0.000840812 0.00632428 0.491374 
2.3 0.00575339 -0.000913198 0.00820477 0.495702 
2.33333 0.00575442 -0.00095365 0.0105675 0.501226 
2.36667 0.00576057 -0.000951069 0.0140236 0.508828 
2.4 0.00574905 -0.000989212 0.0170152 0.517034 
2.43333 0.00584578 -0.00097965 0.0185307 0.524495 
2.46667 0.00596151 -0.000929835 0.0194306 0.531734 
2.5 0.00609157 -0.000842864 0.0190471 0.537758 
2.53333 0.00622042 -0.000701318 0.0166298 0.541254 
2.56667 0.00633716 -0.00058593 0.012641 0.542088 
2.6 0.00634872 -0.000465147 0.00888513 0.541868 
2.63333 0.00635708 -0.000389261 0.0054541 0.54078 
2.66667 0.00636304 -0.000422602 0.00326097 0.540009 
2.7 0.00647454 -0.000646461 0.00335964 0.541212 
2.73333 0.00658546 -0.0008033 0.00564462 0.545029 
2.76667 0.0066556 -0.000937055 0.00845356 0.550227 
2.8 0.00671443 -0.0010018 0.0117989 0.556994 
2.83333 0.00672194 -0.000990542 0.0156209 0.565438 
2.86667 0.00674794 -0.000963845 0.0176636 0.573057 
2.9 0.00687715 -0.000850669 0.0190073 0.580531 
2.93333 0.00700114 -0.000685918 0.0185168 0.586287 
2.96667 0.00704843 -0.000607922 0.0180494 0.591908 
3 0.00719999 -0.00056219 0.0151587 0.594512 
3.03333 0.00727664 -0.00051511 0.0110483 0.594713 
3.06667 0.00743194 -0.000478928 0.00889182 0.59585 
3.1 0.00747327 -0.000412552 0.00678427 0.596326 
3.13333 0.00753349 -0.00037255 0.00594306 0.597594 
3.16667 0.00746559 -0.000377222 0.00735519 0.601242 
3.2 0.00749329 -0.000520431 0.0102512 0.607113 
3.23333 0.00743459 -0.000668344 0.0132404 0.614058 
3.26667 0.00744628 -0.000823598 0.0157845 0.621475 
3.3 0.00746608 -0.000911845 0.0198286 0.63151 
3.33333 0.00749594 -0.000910323 0.0216853 0.640312 
3.36667 0.00755889 -0.000866221 0.0221006 0.64803 
3.4 0.00767378 -0.000807385 0.0221721 0.655482 
3.43333 0.007691 -0.00062079 0.0194104 0.659612 
3.46667 0.00763221 -0.000460017 0.0158689 0.661902 
3.5 0.00758921 -0.000349861 0.0125641 0.66329 
3.53333 0.00769518 -0.000341298 0.00932636 0.663656 
3.56667 0.00779536 -0.000484774 0.00728308 0.664353 
3.6 0.00788786 -0.000513091 0.00740438 0.666924 
3.63333 0.00787313 -0.000645362 0.00992663 0.67237 
3.66667 0.0078324 -0.000733995 0.0113079 0.677309 
3.7 0.00781124 -0.000758833 0.0133875 0.683533 
3.73333 0.00766548 -0.00073058 0.0165198 0.691693 
3.76667 0.00758228 -0.000705719 0.019866 0.70115 
3.8 0.00758954 -0.000791913 0.0217795 0.710031 
3.83333 0.0076566 -0.00082188 0.0226067 0.718267 
3.86667 0.00773143 -0.000842931 0.0217675 0.724812 
3.9 0.00789638 -0.00079359 0.020006 0.729988 
3.93333 0.00799016 -0.000718871 0.0173038 0.733467 
3.96667 0.00810992 -0.000572136 0.0128659 0.733996 
4 0.00821943 -0.00053625 0.0106525 0.735672 
4.03333 0.00826786 -0.000554074 0.00878683 0.737021 
4.06667 0.00826542 -0.000661239 0.00924153 0.740487 
4.1 0.0082512 -0.000769387 0.0121289 0.746975 
4.13333 0.00829681 -0.000863634 0.0137198 0.752896 
4.16667 0.00834794 -0.000952909 0.0179283 0.762438 
4.2 0.00838874 -0.000989901 0.020805 0.77181 
4.23333 0.0085346 -0.00100953 0.0233886 0.781794 
4.26667 0.0085273 -0.000990793 0.0244196 0.790808 
4.3 0.00850883 -0.000864293 0.0243682 0.798887 
4.33333 0.00847522 -0.000905877 0.0233642 0.805824 
4.36667 0.00857226 -0.000871951 0.0198027 0.809408 
4.4 0.00862973 -0.000842003 0.01739 0.813161 
4.43333 0.00870904 -0.000824472 0.013294 0.814122 
4.46667 0.00882532 -0.000804703 0.0106563 0.81544 
4.5 0.00896602 -0.000771731 0.0100773 0.818309 
4.53333 0.00893976 -0.000672006 0.00967655 0.821195 
4.56667 0.00900305 -0.000731779 0.0110505 0.826042 
4.6 0.00897937 -0.000788043 0.0136217 0.832761 
4.63333 0.00891318 -0.000877334 0.0163196 0.840486 
4.66667 0.00886235 -0.000969178 0.0185535 0.848563 
4.7 0.00880731 -0.00104516 0.0221886 0.859039 
4.73333 0.00870705 -0.00106539 0.024114 0.868708 
4.76667 0.00873167 -0.000986424 0.0234479 0.875959 
4.8 0.00882027 -0.000929359 0.0229863 0.88323 
4.83333 0.0089204 -0.000901449 0.0204848 0.88794 
4.86667 0.0089375 -0.000870942 0.0176359 0.891405 
4.9 0.00905748 -0.000825638 0.0131972 0.892044 
4.93333 0.00925257 -0.000860859 0.0111965 0.894081 
4.96667 0.00926746 -0.000926645 0.0113404 0.897983 
5 0.00923919 -0.000877467 0.0126246 0.903279 
5.03333 0.00936952 -0.00093177 0.0136013 0.90864 
5.06667 0.00940159 -0.00102846 0.0168595 0.91702 
5.1 0.00945559 -0.00113817 0.0212542 0.927828 
5.13333 0.00947396 -0.00119186 0.0237045 0.937805 
5.16667 0.00953375 -0.00127459 0.026634 0.949165 
5.2 0.00951678 -0.00127807 0.0272421 0.95876 
5.23333 0.00957796 -0.00125163 0.024843 0.965009 
5.26667 0.00956942 -0.00129841 0.0250539 0.973539 
5.3 0.00954273 -0.00123254 0.0213743 0.977547 
5.33333 0.00961027 -0.00115798 0.0172084 0.979754 
5.36667 0.00969528 -0.00110748 0.0131246 0.980669 
5.4 0.00971374 -0.00105268 0.0118666 0.983559 
5.43333 0.00981837 -0.00105795 0.011175 0.986698 
5.46667 0.00992061 -0.00109581 0.0107203 0.989887 
5.5 0.00994132 -0.00117233 0.0123562 0.995391 
5.53333 0.00982717 -0.00126085 0.0144609 1.00199 
5.56667 0.00974047 -0.00124854 0.0171464 1.00998 
5.6 0.00966704 -0.00123734 0.0201621 1.01926 
5.63333 0.00960378 -0.00125461 0.0244894 1.03109 
5.66667 0.00946 -0.00121662 0.0257451 1.04073 
5.7 0.00939215 -0.00109629 0.0236983 1.0469 
5.73333 0.00938936 -0.00115451 0.0224851 1.05337 
5.76667 0.00932981 -0.00114284 0.0206094 1.05865 
5.8 0.00944896 -0.00109053 0.0159362 1.06 
5.83333 0.00942915 -0.00103002 0.012744 1.06155 
5.86667 0.00948948 -0.00101452 0.0097667 1.06228 
5.9 0.00949083 -0.000942278 0.00879161 1.06438 
5.93333 0.00955836 -0.00103525 0.0106036 1.06945 
5.96667 0.0095507 -0.00113835 0.0140284 1.07703 
6 0.00964745 -0.00115639 0.0158665 1.08388 
6.03333 0.00969373 -0.00115238 0.0194486 1.09339 
