0.269 20 -20 
0.364 20 -20 
0.458 20 -20 
0.536 20 -20 
0.63 20 -20 
0.722 20 -20 
0.815 20 -20 
0.91 20 -20 
1.004 20 -20 
1.097 20 -20 
1.207 20 -20 
1.284 20 -20 
1.347 20 -20 
1.411 20 -20 
1.489 20 -20 
1.581 20 -20 
1.644 20 -20 
1.753 20 -20 
1.817 20 -20 
1.879 20 -20 
1.941 20 -20 
2.004 20 -20 
2.098 20 -20 
2.191 20 -20 
2.255 20 -20 
2.316 20 -20 
2.409 20 -20 
2.488 20 -20 
2.551 20 -20 
2.612 20 -20 
2.676 20 -20 
2.754 20 -20 
2.848 20 -20 
2.925 20 -20 
3.02 20 -20 
3.097 20 -20 
3.175 20 -20 
3.239 20 -20 
3.348 20 -20 
3.411 20 -20 
3.472 20 -20 
3.551 20 -20 
3.613 20 -20 
3.691 20 -20 
3.755 20 -20 
3.816 20 -20 
3.91 20 -20 
3.973 20 -20 
4.035 20 -20 
4.129 20 -20 
4.222 20 -20 
4.285 20 -20 
4.347 20 -20 
4.409 20 -20 
4.503 20 -20 
4.597 20 -20 
4.707 20 -20 
4.769 20 -20 
4.848 20 -20 
4.925 20 -20 
4.989 20 -20 
5.081 20 -20 
5.145 20 -20 
5.207 20 -20 
5.3 20 -20 
5.395 20 -20 
5.472 20 -20 
5.551 20 -20 
5.614 20 -20 
5.692 20 -20 
5.755 20 -20 
5.832 20 -20 
5.925 20 -20 
6.003 20 -20 
6.098 20 -20 
6.192 20 -20 
6.253 20 -20 
6.347 20 -20 
6.41 20 -20 
6.488 20 -20 
6.567 20 -20 
6.676 20 -20 
6.77 20 -20 
6.864 20 -20 
6.958 20 -20 
7.019 20 -20 
7.113 20 -20 
7.175 20 -20 
7.255 20 -20 
7.332 20 -20 
7.426 20 -20 
7.52 20 -20 
7.583 20 -20 
7.644 20 -20 
7.738 20 -20 
7.815 20 -20 
7.878 20 -20 
7.941 20 -20 
8.003 20 -20 
8.098 20 -20 
8.191 20 -20 
8.253 20 -20 
8.316 20 -20 
8.379 20 -20 
8.473 20 -20 
8.581 20 -20 
8.645 20 -20 
8.707 20 -20 
8.769 20 -20 
8.847 20 -20 
8.925 20 -20 
8.989 20 -20 
9.051 20 -20 
9.129 20 -20 
9.207 20 -20 
9.302 20 -20 
9.394 20 -20 
9.487 20 -20 
9.551 20 -20 
9.645 20 -20 
9.738 20 -20 
9.817 20 -20 
9.878 20 -20 
9.972 20 -20 
10.035 20 -20 
10.114 20 -20 
10.191 20 -20 
10.286 20 -20 
10.348 20 -20 
10.41 20 -20 
10.504 20 -20 
10.582 20 -20 
10.644 20 -20 
10.722 20 -20 
10.801 20 -20 
10.895 20 -20 
10.957 20 -20 
11.02 20 -20 
11.082 20 -20 
11.16 20 -20 
11.237 20 -20 
11.316 20 -20 
11.395 20 -20 
11.488 20 -20 
11.581 20 -20 
11.644 20 -20 
11.738 20 -20 
11.864 20 -20 
11.942 20 -20 
12.003 20 -20 
12.113 20 -20 
12.191 20 -20 
12.254 20 -20 
12.316 20 -20 
12.379 20 -20 
12.458 20 -20 
12.535 20 -20 
12.613 20 -20 
12.676 20 -20 
12.755 20 -20 
12.832 20 -20 
12.926 20 -20 
12.988 20 -20 
13.051 20 -20 
13.112 20 -20 
13.175 20 -20 
13.237 20 -20 
13.316 20 -20 
13.425 20 -20 
13.519 20 -20 
13.582 20 -20 
13.645 20 -20 
13.723 20 -20 
13.785 20 -20 
13.879 20 -20 
13.942 20 -20 
14.019 20 -20 
14.098 20 -20 
14.192 20 -20 
14.286 20 -20 
14.364 20 -20 
14.426 20 -20 
