0.277 20 -20 
0.386 20 -20 
0.494 20 -20 
0.572 20 -20 
0.667 20 -20 
0.745 20 -20 
0.839 20 -20 
0.932 20 -20 
1.01 20 -20 
1.104 20 -20 
1.183 20 -20 
1.246 20 -20 
1.324 20 -20 
1.401 20 -20 
1.496 20 -20 
1.557 20 -20 
1.62 20 -20 
1.715 20 -20 
1.792 20 -20 
1.871 20 -20 
1.948 20 -20 
2.027 20 -20 
2.137 20 -20 
2.229 20 -20 
2.291 20 -20 
2.354 20 -20 
2.417 20 -20 
2.48 20 -20 
2.557 20 -20 
2.62 20 -20 
2.682 20 -20 
2.761 20 -20 
2.854 20 -20 
2.932 20 -20 
2.996 20 -20 
3.074 20 -20 
3.151 20 -20 
3.214 20 -20 
3.276 20 -20 
3.354 20 -20 
3.432 20 -20 
3.511 20 -20 
3.589 20 -20 
3.651 20 -20 
3.73 20 -20 
3.792 20 -20 
3.854 20 -20 
3.917 20 -20 
3.978 20 -20 
4.041 20 -20 
4.135 20 -20 
4.197 20 -20 
4.26 20 -20 
4.339 20 -20 
4.432 20 -20 
4.526 20 -20 
4.588 20 -20 
4.652 20 -20 
4.729 20 -20 
4.823 20 -20 
4.885 20 -20 
4.964 20 -20 
5.026 20 -20 
5.088 20 -20 
5.152 20 -20 
5.229 20 -20 
5.324 20 -20 
5.418 20 -20 
5.496 20 -20 
5.557 20 -20 
5.621 20 -20 
5.683 20 -20 
5.761 20 -20 
5.823 20 -20 
5.886 20 -20 
5.964 20 -20 
6.042 20 -20 
6.119 20 -20 
6.197 20 -20 
6.261 20 -20 
6.323 20 -20 
6.416 20 -20 
6.479 20 -20 
6.588 20 -20 
6.651 20 -20 
6.713 20 -20 
6.777 20 -20 
6.854 20 -20 
6.948 20 -20 
7.026 20 -20 
7.089 20 -20 
7.152 20 -20 
7.215 20 -20 
7.277 20 -20 
7.355 20 -20 
7.432 20 -20 
7.526 20 -20 
7.605 20 -20 
7.683 20 -20 
7.76 20 -20 
7.854 20 -20 
7.917 20 -20 
7.98 20 -20 
8.057 20 -20 
8.136 20 -20 
8.199 20 -20 
8.26 20 -20 
8.324 20 -20 
8.385 20 -20 
8.463 20 -20 
8.543 20 -20 
8.604 20 -20 
8.699 20 -20 
8.792 20 -20 
8.886 20 -20 
8.964 20 -20 
9.026 20 -20 
9.09 20 -20 
9.167 20 -20 
9.244 20 -20 
9.338 20 -20 
9.401 20 -20 
9.494 20 -20 
9.541 20 -20 
9.605 20 -20 
9.667 20 -20 
9.76 20 -20 
9.824 20 -20 
9.964 20 -20 
10.041 20 -20 
10.12 20 -20 
10.183 20 -20 
10.245 20 -20 
10.308 20 -20 
10.402 20 -20 
10.496 20 -20 
10.573 20 -20 
10.652 20 -20 
10.729 20 -20 
10.854 20 -20 
10.932 20 -20 
10.995 20 -20 
11.057 20 -20 
11.12 20 -20 
11.182 20 -20 
11.244 20 -20 
11.322 20 -20 
11.386 20 -20 
11.448 20 -20 
11.527 20 -20 
11.588 20 -20 
11.651 20 -20 
11.73 20 -20 
11.807 20 -20 
11.901 20 -20 
11.98 20 -20 
12.074 20 -20 
12.168 20 -20 
12.245 20 -20 
12.323 20 -20 
12.402 20 -20 
12.479 20 -20 
12.589 20 -20 
12.652 20 -20 
12.728 20 -20 
12.791 20 -20 
12.87 20 -20 
12.933 20 -20 
12.995 20 -20 
13.058 20 -20 
13.119 20 -20 
13.197 20 -20 
13.276 20 -20 
13.37 20 -20 
13.433 20 -20 
13.541 20 -20 
13.621 20 -20 
13.683 20 -20 
13.76 20 -20 
13.824 20 -20 
13.901 20 -20 
13.996 20 -20 
14.057 20 -20 
14.137 20 -20 
14.214 20 -20 
14.276 20 -20 
14.355 20 -20 
14.416 20 -20 
14.478 20 -20 
14.558 20 -20 
14.635 20 -20 
