0.7 0.00200838 0.000645956 -0.00797262 -0.108242 
0.733333 0.00214564 0.000630716 -0.00715606 -0.112105 
0.766667 0.00226542 0.000564843 -0.00594084 -0.113443 
0.8 0.00246705 0.000542901 -0.00320156 -0.111972 
0.833333 0.00257323 0.000576139 -0.000916417 -0.110223 
0.866667 0.00262915 0.000737789 -0.00126834 -0.110892 
0.9 0.00265229 0.000802948 -0.00181616 -0.11189 
0.933333 0.00259495 0.000883193 -0.00295678 -0.113848 
0.966667 0.00273583 0.000928445 -0.00387251 -0.115902 
1 0.00265809 0.00107832 -0.00651843 -0.120316 
1.03333 0.00260911 0.00101233 -0.0105115 -0.127206 
1.06667 0.00272198 0.00107395 -0.0133698 -0.134084 
1.1 0.00282498 0.00108602 -0.016101 -0.141767 
1.13333 0.00282306 0.00106703 -0.0168875 -0.148062 
1.16667 0.00275579 0.00102788 -0.0145611 -0.150945 
1.2 0.00278969 0.000919605 -0.0129625 -0.153912 
1.23333 0.00279102 0.000826392 -0.0102474 -0.155028 
1.26667 0.00278881 0.000782726 -0.00757035 -0.155283 
1.3 0.00279511 0.000701516 -0.00545793 -0.155313 
1.33333 0.0028479 0.000637008 -0.00621989 -0.158032 
1.36667 0.002988 0.000736343 -0.00427972 -0.157815 
1.4 0.00300018 0.000805499 -0.00584941 -0.161095 
1.43333 0.00301934 0.00099706 -0.00663709 -0.163974 
1.46667 0.00301242 0.00106706 -0.00986783 -0.17 
1.5 0.00295437 0.00115401 -0.0130705 -0.17707 
1.53333 0.00290605 0.00119805 -0.0156191 -0.184436 
1.56667 0.00284168 0.00122691 -0.0180727 -0.192538 
1.6 0.00283459 0.00111491 -0.017989 -0.198464 
1.63333 0.0028917 0.00103733 -0.0163935 -0.202577 
1.66667 0.00302112 0.000843116 -0.0152522 -0.206694 
1.7 0.00296506 0.000757087 -0.0139736 -0.210269 
1.73333 0.00304392 0.000568782 -0.011858 -0.212429 
1.76667 0.00307925 0.000635127 -0.00801154 -0.211841 
1.8 0.00309423 0.000616337 -0.00499951 -0.210956 
1.83333 0.003119 0.00069534 -0.00421824 -0.2117 
1.86667 0.0031963 0.000770821 -0.00401285 -0.212864 
1.9 0.00327043 0.000828609 -0.00708561 -0.217829 
1.93333 0.00324701 0.000944851 -0.00913185 -0.222606 
1.96667 0.00326486 0.00102109 -0.0123603 -0.229461 
2 0.0033391 0.000987225 -0.0157432 -0.237575 
2.03333 0.00337246 0.00102546 -0.017225 -0.244572 
2.06667 0.00336934 0.00110349 -0.0183566 -0.251649 
2.1 0.00331899 0.000966941 -0.0194478 -0.259056 
2.13333 0.00337726 0.000953623 -0.0178091 -0.263604 
2.16667 0.00345977 0.000802614 -0.0160045 -0.26741 
2.2 0.00351299 0.000710216 -0.0124806 -0.268585 
2.23333 0.00360001 0.000623696 -0.00921946 -0.268896 
2.26667 0.00362567 0.000631583 -0.0074472 -0.269877 
2.3 0.00366933 0.000587022 -0.00670796 -0.271487 
2.33333 0.00372869 0.000622713 -0.00674644 -0.273768 
2.36667 0.00376324 0.000789668 -0.00865056 -0.278265 
2.4 0.00377093 0.00103417 -0.0109431 -0.283855 
2.43333 0.00376652 0.00116399 -0.0136686 -0.29072 
2.46667 0.00380165 0.00129019 -0.0168214 -0.298998 
2.5 0.00382166 0.00126418 -0.0194274 -0.307681 
2.53333 0.0038559 0.00128424 -0.0174491 -0.311821 
2.56667 0.0038691 0.00117972 -0.0178546 -0.318117 
2.6 0.00392432 0.000988752 -0.0189703 -0.325385 
2.63333 0.0039373 0.000899756 -0.0163518 -0.328617 
2.66667 0.00395918 0.000851866 -0.0144065 -0.331772 
2.7 0.00398552 0.000840778 -0.0104608 -0.331916 
2.73333 0.00392317 0.000843326 -0.00877773 -0.333416 
2.76667 0.00389259 0.000733681 -0.00769001 -0.335058 
2.8 0.00390959 0.000732205 -0.00792826 -0.337903 
2.83333 0.00393376 0.000834739 -0.00859204 -0.341329 
2.86667 0.00390512 0.000887161 -0.0113634 -0.347465 
2.9 0.00386722 0.00109744 -0.0134063 -0.353664 
2.93333 0.00383069 0.00122414 -0.0161818 -0.361409 
2.96667 0.00386316 0.00125793 -0.0184753 -0.36951 
3 0.0038593 0.00126868 -0.0200213 -0.377494 
3.03333 0.00390702 0.00123954 -0.0200483 -0.384199 
3.06667 0.00393163 0.00115543 -0.0195169 -0.390255 
3.1 0.00393967 0.00103118 -0.015406 -0.391908 
3.13333 0.00391762 0.000806066 -0.01314 -0.394368 
3.16667 0.00395665 0.000694775 -0.0101599 -0.39523 
3.2 0.00401068 0.000564292 -0.0063943 -0.394172 
3.23333 0.00411728 0.000657933 -0.00682055 -0.396806 
3.26667 0.00412407 0.000785137 -0.0117176 -0.404861 
3.3 0.0040974 0.000900504 -0.0136116 -0.411002 
3.33333 0.00406126 0.00106283 -0.012927 -0.414731 
3.36667 0.00403576 0.00119914 -0.0168713 -0.423697 
3.4 0.0040761 0.00121581 -0.0192361 -0.432112 
3.43333 0.00414074 0.00116258 -0.0216831 -0.441412 
3.46667 0.00422321 0.00108684 -0.0213701 -0.448271 
3.5 0.00432803 0.0011346 -0.0206927 -0.454594 
3.53333 0.00442139 0.00114625 -0.0189645 -0.459452 
3.56667 0.00448818 0.00107617 -0.0162753 -0.462599 
3.6 0.00455219 0.00097716 -0.0125201 -0.463591 
3.63333 0.00460191 0.00086648 -0.0109274 -0.465884 
3.66667 0.00465219 0.000838967 -0.0107832 -0.469357 
3.7 0.0046314 0.000880098 -0.0102461 -0.472317 
3.73333 0.00470072 0.000866593 -0.0101645 -0.475636 
3.76667 0.00465753 0.000936517 -0.0112472 -0.480302 
3.8 0.004693 0.00103623 -0.0129389 -0.486048 
3.83333 0.0046691 0.00114585 -0.0176143 -0.49588 
3.86667 0.00470998 0.00130202 -0.0197729 -0.5043 
3.9 0.00473621 0.00135173 -0.0209743 -0.512309 
3.93333 0.00481329 0.00141298 -0.0215007 -0.519922 
3.96667 0.00477151 0.00127546 -0.019714 -0.52498 
4 0.00482994 0.0011095 -0.0177844 -0.529273 
4.03333 0.00491109 0.00102626 -0.0138544 -0.530562 
4.06667 0.00497169 0.000941096 -0.0124731 -0.53355 
4.1 0.00505231 0.000781386 -0.00817876 -0.532638 
4.13333 0.00509155 0.000862163 -0.00877332 -0.536066 
4.16667 0.00507732 0.000902588 -0.00942963 -0.539765 
4.2 0.00502859 0.00108534 -0.0122352 -0.546221 
4.23333 0.00499588 0.00120815 -0.01524 -0.553846 
4.26667 0.00492923 0.00123276 -0.0174286 -0.56151 
4.3 0.00485966 0.00136354 -0.0209181 -0.571438 
4.33333 0.00485216 0.00140177 -0.0234501 -0.5814 
4.36667 0.00484944 0.00133101 -0.0235006 -0.589276 
4.4 0.00484131 0.00120636 -0.0210618 -0.594231 
4.43333 0.00487953 0.00117669 -0.0196722 -0.599611 
4.46667 0.00485696 0.00114103 -0.0184701 -0.604749 
4.5 0.00504719 0.00111912 -0.0146413 -0.606386 
4.53333 0.00503997 0.0010586 -0.0120987 -0.608265 
4.56667 0.00505261 0.000960452 -0.00885983 -0.608475 
4.6 0.00505589 0.000877627 -0.00775926 -0.610129 
4.63333 0.00496596 0.000905092 -0.00870003 -0.613826 
4.66667 0.00485723 0.00100157 -0.0116223 -0.620176 
4.7 0.00484797 0.00110876 -0.0145056 -0.627453 
4.73333 0.00481093 0.0011678 -0.0162356 -0.634331 
4.76667 0.00484737 0.00124937 -0.0201354 -0.644346 
4.8 0.00485238 0.00132587 -0.022119 -0.653399 
4.83333 0.00495941 0.00138694 -0.0238783 -0.662849 
4.86667 0.00498197 0.00125852 -0.0220965 -0.668705 
4.9 0.00503186 0.00123102 -0.0190605 -0.672487 
4.93333 0.00514832 0.00112888 -0.0149253 -0.673959 
4.96667 0.00523418 0.00110985 -0.0116862 -0.675111 
5 0.00531731 0.00107115 -0.010269 -0.677333 
5.03333 0.00542732 0.00101781 -0.00918107 -0.679472 
5.06667 0.00548283 0.00110838 -0.010274 -0.683822 
5.1 0.00555394 0.00124484 -0.0119724 -0.689252 
5.13333 0.00562234 0.00139241 -0.0151442 -0.696987 
5.16667 0.00564145 0.00141986 -0.0181238 -0.705552 
5.2 0.00564722 0.00146871 -0.0211215 -0.715132 
5.23333 0.00557322 0.00139345 -0.0241605 -0.72576 
5.26667 0.0057395 0.00135997 -0.0243929 -0.734088 
5.3 0.0058844 0.00139395 -0.0241736 -0.74196 
5.33333 0.00595976 0.0014541 -0.0234229 -0.749132 
5.36667 0.00607438 0.00143149 -0.0204288 -0.753405 
5.4 0.00619131 0.00133301 -0.0177765 -0.757083 
5.43333 0.00625465 0.0013147 -0.0160872 -0.761015 
5.46667 0.00634442 0.00128888 -0.0154682 -0.765647 
5.5 0.00638195 0.00127748 -0.014492 -0.76965 
5.53333 0.00643783 0.00132024 -0.0156708 -0.775872 
5.56667 0.00634658 0.00147697 -0.0180993 -0.783963 
5.6 0.00629929 0.00156543 -0.0188584 -0.790892 
5.63333 0.00623119 0.00159878 -0.0224118 -0.801373 
5.66667 0.00623328 0.00160658 -0.0260514 -0.81314 
5.7 0.00626763 0.00154498 -0.0265606 -0.822425 
5.73333 0.00630869 0.00149259 -0.0253883 -0.829894 
5.76667 0.00631629 0.00147221 -0.0232339 -0.835814 
5.8 0.00633027 0.00137259 -0.0205753 -0.84042 
5.83333 0.00636061 0.00134908 -0.0185643 -0.844905 
5.86667 0.00634547 0.00130058 -0.0161202 -0.848208 
5.9 0.00634461 0.00128588 -0.0144216 -0.851576 
5.93333 0.00639256 0.00135027 -0.013557 -0.855362 
5.96667 0.0063843 0.00148371 -0.0138368 -0.860212 
6 0.00630649 0.00156614 -0.0155473 -0.866843 
6.03333 0.00617606 0.00158872 -0.0194132 -0.876589 
6.06667 0.00609639 0.00158778 -0.0220997 -0.886232 
6.1 0.00603065 0.00153878 -0.024466 -0.896392 
6.13333 0.00601047 0.00152616 -0.0246767 -0.904796 
6.16667 0.00595822 0.00148246 -0.0241722 -0.912426 
6.2 0.0059259 0.00146882 -0.0237416 -0.919975 
6.23333 0.00584044 0.00142965 -0.0204404 -0.923992 
6.26667 0.00576865 0.00133002 -0.0175676 -0.927414 
6.3 0.00585126 0.00115663 -0.0136993 -0.928703 
6.33333 0.00584844 0.00113493 -0.0118291 -0.931062 
6.36667 0.00583783 0.00113609 -0.0103677 -0.93328 
6.4 0.00579285 0.00122176 -0.00941866 -0.935616 
6.43333 0.00578283 0.00129967 -0.0113594 -0.941046 
6.46667 0.00575095 0.00142229 -0.0137482 -0.947652 
6.5 0.00581022 0.00145164 -0.0165251 -0.955513 
6.53333 0.00583653 0.00148963 -0.0195924 -0.964642 
6.56667 0.0057634 0.00148668 -0.0218422 -0.973829 
6.6 0.00573472 0.00150308 -0.0228173 -0.982261 
6.63333 0.00579538 0.00146716 -0.0219739 -0.988871 
6.66667 0.00579305 0.0013788 -0.0204025 -0.994341 
6.7 0.00579989 0.00137039 -0.0179316 -0.998225 
6.73333 0.00574047 0.00127576 -0.0160658 -1.002 
6.76667 0.00586253 0.00119411 -0.0116513 -1.00214 
6.8 0.0059162 0.00116507 -0.00901679 -1.00292 
6.83333 0.00593113 0.00115572 -0.00761461 -1.00427 
6.86667 0.00588177 0.0012322 -0.00849789 -1.00785 
6.9 0.00586865 0.00131908 -0.00888607 -1.01114 
6.93333 0.00587806 0.0014046 -0.00976556 -1.01514 
6.96667 0.00590009 0.00149618 -0.0139663 -1.02335 
7 0.0059311 0.00154974 -0.0161537 -1.03059 
7.03333 0.00593054 0.00164439 -0.0188498 -1.03916 
7.06667 0.00594378 0.00164192 -0.021815 -1.04894 
7.1 0.00597966 0.0016006 -0.022597 -1.05714 
7.13333 0.00593858 0.00149646 -0.0226746 -1.06476 
7.16667 0.00591611 0.00140131 -0.0207668 -1.07007 
7.2 0.00591907 0.00123166 -0.0173748 -1.07299 
7.23333 0.0058501 0.00114145 -0.0151811 -1.07619 
7.26667 0.00588958 0.00112188 -0.0116578 -1.07709 
7.3 0.0059926 0.00107595 -0.00897783 -1.07781 
7.33333 0.00609706 0.00120516 -0.00793822 -1.07958 
7.36667 0.00613776 0.00138473 -0.00922955 -1.08375 
7.4 0.00617196 0.00152445 -0.0111953 -1.08914 
7.43333 0.00619728 0.0015205 -0.0140843 -1.09629 
7.46667 0.0062479 0.00154423 -0.0158146 -1.10302 
7.5 0.00618298 0.00161283 -0.0204188 -1.11373 
7.53333 0.00616384 0.00163385 -0.0225696 -1.12308 
7.56667 0.00624656 0.00167399 -0.0238827 -1.13215 
7.6 0.00628793 0.00165647 -0.0221588 -1.13807 
7.63333 0.00638202 0.00150689 -0.0214831 -1.14466 
7.66667 0.00639836 0.00133412 -0.0190483 -1.14895 
7.7 0.00636493 0.00122891 -0.0156727 -1.15131 
7.73333 0.00639368 0.00123895 -0.0125556 -1.15286 
7.76667 0.00635626 0.00123514 -0.0102076 -1.15427 
7.8 0.00642896 0.00129424 -0.00754366 -1.15453 
7.83333 0.00646634 0.00142731 -0.00778791 -1.15733 
7.86667 0.00659662 0.00150257 -0.00711051 -1.15913 
7.9 0.00668236 0.00161467 -0.00877842 -1.16347 
7.93333 0.00674658 0.00172626 -0.0127562 -1.17109 
7.96667 0.0067238 0.00185368 -0.0164098 -1.17965 
8 0.00664698 0.00186357 -0.0191308 -1.18834 
8.03333 0.00660346 0.00187233 -0.0200185 -1.19576 
8.06667 0.00647944 0.00178439 -0.0190729 -1.20132 
8.1 0.00643984 0.00158915 -0.0190921 -1.2077 
8.13333 0.00647592 0.0013746 -0.017405 -1.21207 
8.16667 0.00645772 0.00133609 -0.0151365 -1.2152 
8.2 0.00650049 0.00130601 -0.0133951 -1.21818 
8.23333 0.00651939 0.00126012 -0.0100785 -1.21873 
8.26667 0.00663883 0.00121298 -0.00750469 -1.21906 
8.3 0.00657082 0.00132751 -0.00508139 -1.2187 
8.33333 0.0066137 0.00133169 -0.00774187 -1.22353 
8.36667 0.00651875 0.00142177 -0.00954136 -1.22824 
8.4 0.00650165 0.00160159 -0.013355 -1.23592 
8.43333 0.00651479 0.0017207 -0.0156401 -1.24307 
8.46667 0.0064785 0.00171868 -0.0203081 -1.25379 
8.5 0.00648859 0.00169168 -0.0227287 -1.26342 
8.53333 0.00653534 0.00154818 -0.0239558 -1.27244 
8.56667 0.00660102 0.00139879 -0.0229037 -1.27919 
8.6 0.0065705 0.00133822 -0.0218174 -1.28554 
8.63333 0.00651759 0.00119798 -0.0203811 -1.29112 
8.66667 0.00648023 0.00108853 -0.0174597 -1.29446 
