0.251 15 30 
0.329 15 30 
0.407 15 30 
0.5 15 30 
0.578 15 30 
0.656 15 30 
0.749 15 30 
0.828 15 30 
0.937 15 30 
1 15 30 
1.063 15 30 
1.141 15 30 
1.219 15 30 
1.297 15 30 
1.39 15 30 
1.453 15 30 
1.516 15 30 
1.593 15 30 
1.657 15 30 
1.735 15 30 
1.798 15 30 
1.86 15 30 
1.922 15 30 
2 15 30 
2.078 15 30 
2.173 15 30 
2.235 15 30 
2.297 15 30 
2.375 15 30 
2.453 15 30 
2.547 15 30 
2.641 15 30 
2.719 15 30 
2.797 15 30 
2.891 15 30 
2.968 15 30 
3.046 15 30 
3.125 15 30 
3.204 15 30 
3.281 15 30 
3.359 15 30 
3.437 15 30 
3.531 15 30 
3.626 15 30 
3.688 15 30 
3.766 15 30 
3.828 15 30 
3.892 15 30 
3.97 15 30 
4.047 15 30 
4.156 15 30 
4.234 15 30 
4.327 15 30 
4.391 15 30 
4.453 15 30 
4.547 15 30 
4.624 15 30 
4.687 15 30 
4.75 15 30 
4.843 15 30 
4.969 15 30 
5.031 15 30 
5.126 15 30 
5.188 15 30 
5.25 15 30 
5.329 15 30 
5.406 15 30 
5.5 15 30 
5.595 15 30 
5.719 15 30 
5.796 15 30 
5.891 15 30 
5.969 15 30 
6.046 15 30 
6.14 15 30 
6.234 15 30 
6.312 15 30 
6.39 15 30 
6.452 15 30 
6.532 15 30 
6.609 15 30 
6.703 15 30 
6.782 15 30 
6.843 15 30 
6.938 15 30 
7.031 15 30 
7.093 15 30 
7.173 15 30 
7.266 15 30 
7.328 15 30 
7.407 15 30 
7.501 15 30 
7.609 15 30 
7.688 15 30 
7.765 15 30 
7.828 15 30 
7.89 15 30 
7.968 15 30 
8.094 15 30 
8.172 15 30 
8.249 15 30 
8.328 15 30 
8.39 15 30 
8.454 15 30 
8.546 15 30 
8.626 15 30 
8.704 15 30 
8.797 15 30 
8.89 15 30 
8.97 15 30 
9.063 15 30 
9.126 15 30 
9.188 15 30 
9.25 15 30 
9.358 15 30 
9.438 15 30 
9.53 15 30 
9.609 15 30 
9.688 15 30 
9.766 15 30 
9.828 15 30 
9.89 15 30 
9.953 15 30 
10.031 15 30 
10.124 15 30 
10.203 15 30 
10.296 15 30 
10.375 15 30 
10.468 15 30 
10.532 15 30 
10.594 15 30 
10.673 15 30 
10.766 15 30 
10.859 15 30 
10.937 15 30 
11.001 15 30 
11.063 15 30 
11.125 15 30 
11.203 15 30 
11.296 15 30 
11.36 15 30 
11.437 15 30 
11.531 15 30 
11.624 15 30 
11.687 15 30 
11.782 15 30 
11.859 15 30 
11.953 15 30 
12.031 15 30 
12.14 15 30 
12.219 15 30 
12.298 15 30 
12.375 15 30 
12.454 15 30 
12.532 15 30 
12.595 15 30 
12.656 15 30 
12.734 15 30 
12.827 15 30 
12.938 15 30 
12.999 15 30 
13.062 15 30 
13.156 15 30 
13.218 15 30 
13.296 15 30 
13.374 15 30 
13.484 15 30 
13.562 15 30 
13.625 15 30 
13.687 15 30 
13.765 15 30 
13.829 15 30 
13.89 15 30 
13.968 15 30 
14.048 15 30 
14.156 15 30 
14.234 15 30 
14.344 15 30 
14.423 15 30 
14.515 15 30 
14.594 15 30 
14.671 15 30 
14.749 15 30 
14.828 15 30 
14.969 15 30 
15.046 15 30 
15.125 15 30 
15.218 15 30 
15.296 15 30 
15.359 15 30 
15.437 15 30 
15.531 15 30 
15.625 15 30 
15.719 15 30 
15.812 15 30 
15.922 15 30 
16.001 15 30 
16.094 15 30 
16.187 15 30 
16.265 15 30 
16.327 15 30 
16.39 15 30 
16.452 15 30 
16.531 15 30 
16.609 15 30 
16.687 15 30 
16.75 15 30 
16.812 15 30 
16.89 15 30 
16.968 15 30 
17.032 15 30 
17.109 15 30 
17.187 15 30 
17.251 15 30 
17.328 15 30 
17.407 15 30 
17.516 15 30 
17.594 15 30 
17.657 15 30 
17.75 15 30 
17.844 15 30 
17.922 15 30 
17.983 15 30 
18.046 15 30 
18.125 15 30 
18.203 15 30 
18.296 15 30 
18.374 15 30 
18.453 15 30 
18.546 15 30 
18.624 15 30 
18.704 15 30 
18.796 15 30 
18.875 15 30 
18.968 15 30 
19.032 15 30 
19.125 15 30 
19.187 15 30 
19.25 15 30 
19.328 15 30 
19.406 15 30 
19.5 15 30 
19.594 15 30 
19.657 15 30 
19.766 15 30 
19.827 15 30 
19.89 15 30 
19.953 15 30 
20.031 15 30 
20.14 15 30 
20.234 15 30 
20.328 15 30 
20.39 15 30 
20.468 15 30 
