0.7 0.00443335 0.00185002 -0.00697306 -0.818348 
0.733333 0.00472822 0.00196008 -0.00424185 -0.821484 
0.766667 0.00501553 0.00210243 0.000201413 -0.818534 
0.8 0.00531152 0.00225701 0.00654258 -0.810773 
0.833333 0.0056043 0.00243618 0.0130003 -0.800784 
0.866667 0.00584646 0.00260406 0.0172257 -0.791261 
0.9 0.00595013 0.00276614 0.0189097 -0.783438 
0.933333 0.00604227 0.0029336 0.0176996 -0.778508 
0.966667 0.00613504 0.00306291 0.0126528 -0.778537 
1 0.00607208 0.00312973 0.0043721 -0.784094 
1.03333 0.0059778 0.00315917 -0.00500063 -0.793707 
1.06667 0.00587415 0.00314584 -0.0145675 -0.806671 
1.1 0.00602988 0.0032754 -0.0178967 -0.815458 
1.13333 0.00614665 0.00315945 -0.0232135 -0.827701 
1.16667 0.00624697 0.00316157 -0.0223828 -0.834458 
1.2 0.00638669 0.0031188 -0.0219282 -0.841383 
1.23333 0.0066986 0.00313755 -0.0174941 -0.843458 
1.26667 0.00696571 0.00321892 -0.013568 -0.844655 
1.3 0.00721701 0.00334189 -0.00779509 -0.842363 
1.33333 0.00749101 0.00356163 -0.00648008 -0.843409 
1.36667 0.00759406 0.00381857 -0.009596 -0.849247 
1.4 0.00772243 0.00403744 -0.013061 -0.856536 
1.43333 0.00783384 0.00422678 -0.019223 -0.868164 
1.46667 0.00797942 0.0043599 -0.0271154 -0.883888 
1.5 0.00801341 0.00436573 -0.0371876 -0.904816 
1.53333 0.0080628 0.00432261 -0.0458312 -0.927415 
1.56667 0.00806754 0.00428512 -0.0534096 -0.951639 
1.6 0.00811922 0.00416715 -0.0570946 -0.973792 
1.63333 0.00828041 0.00407465 -0.0583991 -0.994363 
1.66667 0.00841023 0.0039997 -0.0574801 -1.01274 
1.7 0.0086318 0.00403486 -0.0527248 -1.02629 
1.73333 0.0089061 0.00402031 -0.0459023 -1.03581 
1.76667 0.00921074 0.0040617 -0.0403985 -1.04462 
1.8 0.00948553 0.00420408 -0.034874 -1.05156 
1.83333 0.00956497 0.00430434 -0.0385552 -1.06753 
1.86667 0.00970355 0.00458313 -0.0393404 -1.08131 
1.9 0.00981264 0.00471996 -0.0461224 -1.10243 
1.93333 0.00979237 0.00498903 -0.0502823 -1.12271 
1.96667 0.00976631 0.00503581 -0.0600943 -1.15106 
2 0.0098598 0.00498211 -0.0665914 -1.17876 
2.03333 0.0100596 0.00494056 -0.0711665 -1.20636 
2.06667 0.0103709 0.00478257 -0.0718376 -1.23087 
2.1 0.0105962 0.00457022 -0.0678766 -1.25014 
2.13333 0.0109527 0.00450586 -0.0643681 -1.26862 
2.16667 0.0112828 0.004467 -0.0590407 -1.28379 
2.2 0.0114779 0.00457733 -0.0556476 -1.29947 
2.23333 0.0116235 0.00475773 -0.0514598 -1.31307 
2.26667 0.0118337 0.00500844 -0.0508127 -1.32946 
2.3 0.0119908 0.00520651 -0.0541554 -1.35035 
2.33333 0.0121028 0.00544981 -0.0585515 -1.37359 
2.36667 0.012129 0.00557743 -0.0642889 -1.39988 
2.4 0.0122497 0.00565152 -0.0695894 -1.42756 
2.43333 0.0122349 0.00561552 -0.0737844 -1.45571 
2.46667 0.0122176 0.00550556 -0.0781533 -1.48546 
2.5 0.0121593 0.00538725 -0.0788791 -1.51237 
2.53333 0.0121474 0.00520979 -0.0786588 -1.5384 
2.56667 0.0122274 0.00497367 -0.0737713 -1.55885 
2.6 0.0124292 0.00491646 -0.0692398 -1.5781 
2.63333 0.0126812 0.00502166 -0.0646355 -1.59574 
2.66667 0.0128524 0.00505661 -0.0629784 -1.61533 
2.7 0.0129588 0.00522168 -0.0573596 -1.62969 
2.73333 0.0129496 0.00542341 -0.0575813 -1.64907 
2.76667 0.0128462 0.00559437 -0.0621142 -1.67362 
2.8 0.0125936 0.0057629 -0.0681739 -1.70147 
2.83333 0.012558 0.00586109 -0.075376 -1.7327 
2.86667 0.0124669 0.00584448 -0.0815526 -1.76512 
2.9 0.0123661 0.00571682 -0.0848044 -1.79614 
2.93333 0.0123238 0.00550011 -0.0845088 -1.82406 
2.96667 0.0123662 0.00528669 -0.0824019 -1.84974 
3 0.0122814 0.00502979 -0.0770088 -1.87084 
3.03333 0.0123429 0.00484163 -0.0688389 -1.88687 
3.06667 0.0123848 0.0047535 -0.0623395 -1.90214 
3.1 0.0125659 0.00487307 -0.0570166 -1.91664 
3.13333 0.0126139 0.00509142 -0.0542953 -1.93243 
3.16667 0.0126238 0.00532949 -0.0544487 -1.95071 
3.2 0.0126064 0.00562431 -0.0572047 -1.97211 
3.23333 0.0125507 0.00579578 -0.0639517 -1.99915 
3.26667 0.0124523 0.00600831 -0.0694951 -2.02701 
3.3 0.0122803 0.00617551 -0.0759993 -2.05785 
3.33333 0.0120877 0.00610347 -0.0809231 -2.089 
3.36667 0.0118953 0.00590694 -0.0829755 -2.11839 
3.4 0.012061 0.00567859 -0.0798938 -2.14241 
3.43333 0.0122306 0.00550564 -0.0765084 -2.16505 
3.46667 0.012535 0.00542303 -0.0698536 -2.1827 
3.5 0.0128389 0.00542755 -0.062702 -2.19754 
3.53333 0.0129853 0.00544549 -0.0572666 -2.21202 
3.56667 0.0131236 0.00561415 -0.0537455 -2.22695 
3.6 0.0130645 0.00577385 -0.0520117 -2.24282 
3.63333 0.0130044 0.00600638 -0.0547545 -2.2634 
