0.269 30 50 
0.347 30 50 
0.441 30 50 
0.52 30 50 
0.597 30 50 
0.659 30 50 
0.721 30 50 
0.785 30 50 
0.878 30 50 
0.971 30 50 
1.065 30 50 
1.159 30 50 
1.221 30 50 
1.3 30 50 
1.362 30 50 
1.425 30 50 
1.503 30 50 
1.598 30 50 
1.659 30 50 
1.723 30 50 
1.801 30 50 
1.895 30 50 
1.973 30 50 
2.05 30 50 
2.128 30 50 
2.192 30 50 
2.253 30 50 
2.332 30 50 
2.44 30 50 
2.502 30 50 
2.566 30 50 
2.628 30 50 
2.69 30 50 
2.785 30 50 
2.863 30 50 
2.925 30 50 
2.988 30 50 
3.065 30 50 
3.129 30 50 
3.223 30 50 
3.301 30 50 
3.362 30 50 
3.425 30 50 
3.487 30 50 
3.551 30 50 
3.629 30 50 
3.707 30 50 
3.8 30 50 
3.864 30 50 
3.956 30 50 
4.02 30 50 
4.127 30 50 
4.191 30 50 
4.253 30 50 
4.316 30 50 
4.394 30 50 
4.503 30 50 
4.565 30 50 
4.644 30 50 
4.754 30 50 
4.816 30 50 
4.894 30 50 
4.957 30 50 
5.019 30 50 
5.113 30 50 
5.223 30 50 
5.301 30 50 
5.409 30 50 
5.504 30 50 
5.597 30 50 
5.706 30 50 
5.816 30 50 
5.894 30 50 
5.971 30 50 
6.05 30 50 
6.129 30 50 
6.19 30 50 
6.253 30 50 
6.331 30 50 
6.456 30 50 
6.534 30 50 
6.581 30 50 
6.659 30 50 
6.722 30 50 
6.785 30 50 
6.863 30 50 
6.926 30 50 
7.019 30 50 
7.097 30 50 
7.192 30 50 
7.285 30 50 
7.364 30 50 
7.425 30 50 
7.488 30 50 
7.582 30 50 
7.675 30 50 
7.769 30 50 
7.862 30 50 
7.956 30 50 
8.018 30 50 
8.096 30 50 
8.159 30 50 
8.221 30 50 
8.285 30 50 
8.363 30 50 
8.456 30 50 
8.534 30 50 
8.613 30 50 
8.691 30 50 
8.753 30 50 
8.831 30 50 
