0.24 30 50 
0.318 30 50 
0.427 30 50 
0.506 30 50 
0.568 30 50 
0.629 30 50 
0.692 30 50 
0.801 30 50 
0.896 30 50 
0.973 30 50 
1.067 30 50 
1.13 30 50 
1.193 30 50 
1.255 30 50 
1.333 30 50 
1.396 30 50 
1.475 30 50 
1.552 30 50 
1.614 30 50 
1.678 30 50 
1.772 30 50 
1.834 30 50 
1.897 30 50 
1.959 30 50 
2.021 30 50 
2.1 30 50 
2.161 30 50 
2.224 30 50 
2.302 30 50 
2.379 30 50 
2.458 30 50 
2.568 30 50 
2.662 30 50 
2.724 30 50 
2.787 30 50 
2.849 30 50 
2.943 30 50 
3.036 30 50 
3.1 30 50 
3.192 30 50 
3.27 30 50 
3.333 30 50 
3.397 30 50 
3.458 30 50 
3.537 30 50 
3.631 30 50 
3.739 30 50 
3.803 30 50 
3.866 30 50 
3.928 30 50 
4.006 30 50 
4.084 30 50 
4.162 30 50 
4.255 30 50 
4.333 30 50 
4.426 30 50 
4.49 30 50 
4.583 30 50 
4.677 30 50 
4.77 30 50 
4.881 30 50 
4.99 30 50 
5.068 30 50 
5.162 30 50 
5.256 30 50 
5.334 30 50 
5.397 30 50 
5.489 30 50 
5.569 30 50 
5.646 30 50 
5.74 30 50 
5.834 30 50 
5.895 30 50 
5.958 30 50 
6.02 30 50 
6.084 30 50 
6.162 30 50 
6.27 30 50 
6.365 30 50 
6.459 30 50 
6.537 30 50 
6.6 30 50 
6.693 30 50 
6.756 30 50 
6.85 30 50 
6.942 30 50 
7.022 30 50 
7.099 30 50 
7.161 30 50 
7.224 30 50 
7.287 30 50 
7.366 30 50 
7.443 30 50 
7.522 30 50 
7.599 30 50 
7.676 30 50 
7.739 30 50 
7.801 30 50 
7.865 30 50 
7.942 30 50 
8.037 30 50 
8.145 30 50 
8.24 30 50 
8.365 30 50 
8.459 30 50 
8.537 30 50 
8.6 30 50 
8.662 30 50 
8.724 30 50 
8.787 30 50 
