0.166667 0.111181 0.020502 0.741671 -1.209200 0.683938 0.570396 
0.200000 0.111106 0.039421 0.980597 -1.142460 0.687108 0.565250 
0.233333 0.108169 0.053084 0.637613 -1.128170 0.689499 0.564131 
0.266667 0.088324 0.050128 -0.220143 -1.090750 0.694395 0.559658 
0.300000 0.061971 0.045206 -1.070033 -1.138330 0.695423 0.559677 
0.333333 0.057225 0.036009 -1.536681 -1.193500 0.697496 0.558673 
0.366667 0.070389 0.024631 -1.690709 -1.229640 0.699576 0.557150 
0.400000 0.077574 0.017697 -1.699024 -1.295170 0.700872 0.554594 
0.433333 0.072438 0.016586 -1.533247 -1.354290 0.702111 0.551388 
0.466667 0.068601 0.017386 -1.113548 -1.382860 0.702766 0.550449 
0.500000 0.075300 0.014770 -0.590553 -1.459640 0.703265 0.547926 
0.533333 0.089792 -0.009794 -0.275020 -1.404020 0.705914 0.545373 
0.566667 0.103672 -0.017971 -0.121741 -1.447990 0.703932 0.541639 
0.600000 0.112351 -0.001114 0.227692 -1.445610 0.703981 0.538525 
0.633333 0.111400 0.032951 0.724896 -1.445330 0.704282 0.534418 
0.666667 0.104151 0.044221 0.918691 -1.381690 0.707705 0.530287 
0.700000 0.094246 0.036803 0.656037 -1.364000 0.710289 0.529294 
0.733333 0.090518 0.030334 0.132728 -1.357670 0.710360 0.524628 
0.766667 0.094463 0.039097 -0.551762 -1.364030 0.712438 0.523108 
0.800000 0.103346 0.045003 -1.281460 -1.360150 0.714379 0.519867 
0.833333 0.107029 0.044942 -1.731656 -1.470740 0.717674 0.516459 
0.866667 0.111393 0.027102 -1.778983 -1.490580 0.718747 0.513368 
0.900000 0.101808 0.025640 -1.676087 -1.576950 0.718801 0.509744 
0.933333 0.082048 0.021846 -1.609007 -1.599360 0.719895 0.504858 
0.966667 0.072237 0.013322 -1.391386 -1.671430 0.721191 0.504501 
1.000000 0.089408 0.002598 -0.728626 -1.704800 0.720973 0.501802 
1.033330 0.116155 0.009790 0.219775 -1.742730 0.719299 0.497760 
1.066670 0.131657 0.016212 0.828620 -1.684530 0.719899 0.494030 
1.100000 0.131727 0.019839 0.791520 -1.646330 0.720294 0.488426 
1.133330 0.126388 0.022370 0.444102 -1.650400 0.720599 0.484948 
1.166670 0.126254 0.026239 0.103520 -1.636000 0.720995 0.480823 
1.200000 0.126735 0.042916 -0.260492 -1.629910 0.721848 0.476441 
1.233330 0.119639 0.065694 -0.679371 -1.642160 0.722447 0.471555 
1.266670 0.103734 0.074846 -1.135102 -1.706190 0.725567 0.468508 
1.300000 0.095937 0.047383 -1.581455 -1.684070 0.728427 0.463940 
1.333330 0.087231 0.028327 -1.787564 -1.811670 0.727479 0.461793 
1.366670 0.085334 0.015818 -1.682544 -1.847550 0.727439 0.458060 
1.400000 0.082114 0.014113 -1.542517 -1.887040 0.727598 0.456011 
1.433330 0.077955 0.013150 -1.426349 -1.946470 0.726825 0.452549 
1.466670 0.081570 0.008648 -1.051472 -1.987610 0.726339 0.450062 
1.500000 0.103156 0.006013 -0.421827 -2.037780 0.725072 0.448380 
1.533330 0.139912 -0.000742 0.033074 -2.017540 0.723882 0.443753 
1.566670 0.170774 0.003016 0.172223 -1.983770 0.722245 0.439824 
1.600000 0.174250 0.045122 0.337697 -2.042620 0.717256 0.433433 
1.633330 0.157327 0.070828 0.579160 -1.981830 0.719317 0.427591 
1.666670 0.128178 0.083277 0.477631 -1.977830 0.719007 0.422062 
1.700000 0.105985 0.069188 -0.126159 -1.949210 0.720808 0.417271 
1.733330 0.096953 0.060213 -0.838104 -1.965950 0.721404 0.413483 
1.766670 0.102076 0.070290 -1.279937 -2.043070 0.720272 0.411334 
1.800000 0.115807 0.070432 -1.564858 -2.053960 0.722785 0.405223 
1.833330 0.117226 0.056291 -1.832678 -2.107380 0.722352 0.400953 
1.866670 0.107705 0.038035 -1.829931 -2.193530 0.721216 0.396806 
1.900000 0.099434 0.023598 -1.452937 -2.255550 0.719510 0.393963 
1.933330 0.100129 0.011501 -0.997550 -2.272700 0.718537 0.390814 
1.966670 0.103572 0.007131 -0.574583 -2.299940 0.717209 0.388578 
2.000000 0.102095 0.013701 -0.057058 -2.337800 0.712503 0.384932 
2.033330 0.107533 0.019884 0.388906 -2.315940 0.712557 0.382620 
2.066670 0.127997 0.025489 0.504622 -2.277940 0.711559 0.379976 
2.100000 0.143539 0.039360 0.444034 -2.281810 0.706413 0.374795 
2.133330 0.136737 0.050366 0.416942 -2.279950 0.706604 0.370711 
2.166670 0.114491 0.050304 0.293145 -2.241130 0.704650 0.365214 
2.200000 0.096445 0.060736 -0.056080 -2.239890 0.703347 0.361819 
2.233330 0.104293 0.086702 -0.619337 -2.278320 0.703724 0.359443 
2.266670 0.140024 0.096695 -1.372518 -2.257110 0.703813 0.353834 
2.300000 0.155338 0.092045 -2.065261 -2.357130 0.703255 0.346743 
2.333330 0.150150 0.059162 -2.328450 -2.421860 0.700970 0.340550 
2.366670 0.132804 0.033285 -2.112923 -2.513260 0.696933 0.338463 
2.400000 0.125269 0.018174 -1.561044 -2.546040 0.695506 0.333850 
2.433330 0.127328 0.025096 -0.773383 -2.626620 0.691778 0.332820 
2.466670 0.132674 0.024536 -0.008602 -2.617800 0.687552 0.329003 
2.500000 0.137812 0.020830 0.432418 -2.592710 0.685793 0.324801 
2.533330 0.146875 0.030644 0.580835 -2.594470 0.680557 0.324158 
2.566670 0.157015 0.047920 0.584467 -2.569280 0.677939 0.319415 
2.600000 0.154082 0.062984 0.397310 -2.551510 0.673966 0.314289 
2.633330 0.134825 0.068423 -0.010821 -2.526370 0.671560 0.309807 
2.666670 0.108179 0.075849 -0.549694 -2.571970 0.668437 0.306230 
2.700000 0.102912 0.067011 -1.108332 -2.554820 0.668703 0.301305 
2.733330 0.108405 0.065095 -1.470710 -2.624860 0.667141 0.298487 
2.766670 0.112569 0.069308 -1.533228 -2.697810 0.662310 0.295149 
2.800000 0.112496 0.062766 -1.571377 -2.712130 0.662218 0.290326 
2.833330 0.109158 0.052185 -1.735020 -2.774060 0.659038 0.287393 
2.866670 0.110137 0.041415 -1.687033 -2.841090 0.654941 0.285569 
2.900000 0.114797 0.032651 -1.162177 -2.901140 0.653769 0.282643 
2.933330 0.122713 0.023771 -0.403800 -2.924790 0.648218 0.280554 
2.966670 0.135232 0.021214 0.180313 -2.910830 0.644747 0.280112 
3.000000 0.149467 0.032207 0.463275 -2.910800 0.641878 0.277591 
3.033330 0.156438 0.042184 0.543093 -2.884060 0.634381 0.275204 
3.066670 0.153344 0.052046 0.482990 -2.878940 0.631432 0.272281 
3.100000 0.148429 0.057119 0.291090 -2.843590 0.627621 0.268585 
3.133330 0.130292 0.075575 -0.048903 -2.865720 0.622343 0.266903 
3.166670 0.118438 0.083477 -0.261916 -2.856510 0.618895 0.261012 
