0.066667 0.031011 0.032787 -0.924484 0.243638 0.706664 0.270045 
0.100000 0.034065 0.025263 -0.793721 0.182589 0.706164 0.271575 
0.133333 0.043732 0.008600 -0.542066 0.182853 0.708479 0.272669 
0.166667 0.049234 -0.001158 -0.361001 0.192207 0.710698 0.271607 
0.200000 0.050134 -0.002401 -0.151375 0.135421 0.710368 0.273253 
0.233333 0.049081 -0.009725 0.213204 0.171067 0.714498 0.272636 
0.266667 0.048312 -0.013883 0.604614 0.165746 0.713968 0.272806 
0.300000 0.046369 -0.013413 0.853213 0.200186 0.716839 0.272341 
0.333333 0.041837 -0.007475 0.862377 0.228109 0.718253 0.271963 
0.366667 0.039292 -0.001691 0.653388 0.266363 0.719604 0.273311 
0.400000 0.044825 0.005689 0.328457 0.260068 0.720032 0.272302 
0.433333 0.054908 0.011171 -0.046522 0.290345 0.722671 0.273951 
0.466667 0.062319 0.013347 -0.357865 0.268692 0.723736 0.274276 
0.500000 0.066860 0.006606 -0.446776 0.255888 0.726045 0.276531 
0.533333 0.066101 -0.000282 -0.379476 0.225008 0.727694 0.275426 
0.566667 0.055700 -0.006340 -0.394626 0.247289 0.730731 0.277172 
0.600000 0.042478 -0.005942 -0.498714 0.205156 0.732151 0.276515 
0.633333 0.038879 -0.006421 -0.389543 0.210142 0.732436 0.276943 
0.666667 0.048597 -0.003972 0.141956 0.177375 0.735052 0.276658 
0.700000 0.063873 -0.002648 0.812283 0.185889 0.735647 0.277372 
0.733333 0.074462 -0.006411 1.106042 0.268894 0.739030 0.277194 
0.766667 0.071536 -0.001946 0.916212 0.267967 0.740920 0.278280 
0.800000 0.052949 0.003812 0.537115 0.306001 0.743443 0.278539 
0.833333 0.033967 0.009919 0.274534 0.328847 0.745616 0.279116 
0.866667 0.033452 0.009919 0.232655 0.298985 0.744017 0.280393 
0.900000 0.049425 0.005282 0.191409 0.333942 0.746141 0.280568 
0.933333 0.061271 0.006969 -0.043563 0.351110 0.749269 0.280951 
0.966667 0.060318 0.012173 -0.274065 0.318168 0.749213 0.282594 
1.000000 0.052205 0.009897 -0.340079 0.308811 0.752377 0.283835 
1.033330 0.044871 0.006060 -0.403348 0.312707 0.753182 0.283898 
1.066670 0.043202 0.004542 -0.510329 0.292679 0.754352 0.284420 
1.100000 0.044913 -0.000039 -0.451969 0.269280 0.755696 0.285650 
1.133330 0.049230 -0.006861 -0.132403 0.252312 0.758062 0.285587 
1.166670 0.061789 -0.012937 0.328732 0.270994 0.758698 0.285402 
1.200000 0.078493 -0.016065 0.756988 0.269190 0.761220 0.285561 
1.233330 0.080775 -0.021030 0.957159 0.315680 0.764615 0.286689 
1.266670 0.067151 -0.018290 0.830146 0.349125 0.767910 0.285450 
1.300000 0.055660 -0.010611 0.554593 0.373092 0.768687 0.286820 
1.333330 0.056721 -0.003655 0.391046 0.374754 0.770737 0.286517 
1.366670 0.061660 0.002335 0.322700 0.392170 0.772550 0.287797 
1.400000 0.060399 0.012371 0.124521 0.400973 0.774922 0.288331 
1.433330 0.054359 0.020198 -0.213536 0.416681 0.776118 0.289650 
1.466670 0.049899 0.020555 -0.414041 0.384072 0.777475 0.291692 
1.500000 0.050852 0.013005 -0.376003 0.359286 0.778010 0.292162 
1.533330 0.053645 0.004366 -0.305381 0.382615 0.780968 0.293357 
1.566670 0.056178 0.002081 -0.301114 0.344661 0.781525 0.293769 
1.600000 0.059187 -0.003396 -0.279837 0.345737 0.783582 0.294765 
1.633330 0.059418 -0.011208 -0.179810 0.338094 0.785879 0.294998 
1.666670 0.055305 -0.019779 0.064530 0.334816 0.787617 0.295447 
1.700000 0.050054 -0.023503 0.456628 0.328250 0.789322 0.295040 
1.733330 0.050404 -0.021526 0.819189 0.369163 0.792245 0.294865 
1.766670 0.064525 -0.014720 0.970908 0.392429 0.792341 0.294720 
1.800000 0.080765 -0.010545 0.871429 0.426282 0.795297 0.295409 
1.833330 0.081647 -0.007381 0.559777 0.455002 0.799359 0.296980 
1.866670 0.072196 -0.000661 0.166028 0.467235 0.800559 0.297241 
1.900000 0.069333 0.012105 -0.101761 0.466472 0.802529 0.299235 
1.933330 0.071330 0.030106 -0.168664 0.444816 0.804436 0.299072 
1.966670 0.067523 0.036233 -0.163822 0.464286 0.806432 0.303162 
2.000000 0.058461 0.024742 -0.223567 0.437470 0.807957 0.304680 
2.033330 0.059664 -0.001836 -0.383814 0.441292 0.807936 0.305723 
2.066670 0.067657 -0.022542 -0.558262 0.426393 0.811508 0.305765 
2.100000 0.071919 -0.028890 -0.529075 0.400706 0.813803 0.306510 
2.133330 0.074341 -0.025609 -0.173814 0.378161 0.816530 0.305842 
2.166670 0.082169 -0.023426 0.333623 0.388911 0.818650 0.306358 
2.200000 0.090896 -0.024490 0.715253 0.407537 0.821684 0.306935 
2.233330 0.086493 -0.023008 0.861735 0.439744 0.825161 0.307371 
2.266670 0.067200 -0.009637 0.824544 0.463379 0.828193 0.307719 
2.300000 0.048668 0.009124 0.666748 0.491704 0.829818 0.308855 
2.333330 0.046364 0.020201 0.427918 0.511726 0.829856 0.309545 
2.366670 0.056425 0.018360 0.177920 0.519549 0.831259 0.311799 
2.400000 0.066416 0.009921 -0.008110 0.523153 0.833357 0.312723 
2.433330 0.073423 0.002646 -0.135042 0.513072 0.834934 0.314171 
2.466670 0.080493 -0.001439 -0.269873 0.519995 0.836953 0.315741 
2.500000 0.083886 0.004674 -0.441262 0.494871 0.839648 0.316222 
2.533330 0.078032 0.011366 -0.597837 0.489835 0.842376 0.318408 
2.566670 0.066953 0.010141 -0.623374 0.461231 0.843888 0.320148 
2.600000 0.061109 -0.003730 -0.415201 0.438820 0.845353 0.320717 
2.633330 0.064822 -0.019470 0.009283 0.434593 0.847928 0.321967 
2.666670 0.075884 -0.024630 0.511534 0.439740 0.849928 0.321070 
2.700000 0.086489 -0.020477 0.889113 0.464229 0.852743 0.321787 
2.733330 0.089376 -0.016803 0.980052 0.505043 0.856477 0.323385 
2.766670 0.086732 -0.017718 0.815980 0.539192 0.858372 0.323648 
2.800000 0.082741 -0.018297 0.551539 0.547793 0.861317 0.325167 
2.833330 0.075466 -0.013108 0.261576 0.573635 0.863988 0.325758 
2.866670 0.070568 0.002642 -0.011171 0.580010 0.867053 0.326816 
2.900000 0.076892 0.018112 -0.189212 0.556455 0.867115 0.328226 
2.933330 0.090501 0.017991 -0.266585 0.573434 0.869661 0.330671 
2.966670 0.094567 0.013379 -0.309678 0.539224 0.872642 0.333012 
3.000000 0.086618 0.004811 -0.369401 0.548217 0.874680 0.334569 
3.033330 0.073695 0.003287 -0.417793 0.525884 0.877117 0.336085 
3.066670 0.063629 0.002431 -0.354674 0.513630 0.879207 0.337018 
3.100000 0.061223 -0.000495 -0.140035 0.496846 0.880290 0.338727 
3.133330 0.067930 -0.006962 0.176664 0.511705 0.882854 0.338760 
3.166670 0.079960 -0.010222 0.527475 0.505907 0.884382 0.340312 
3.200000 0.088923 -0.012691 0.779695 0.537257 0.887776 0.341172 
3.233330 0.088412 -0.014626 0.805698 0.572708 0.890211 0.341803 
3.266670 0.080600 -0.019266 0.662697 0.593522 0.893537 0.344361 
3.300000 0.076409 -0.022405 0.468378 0.602377 0.894900 0.344410 
3.333330 0.080258 -0.016113 0.222073 0.631488 0.898096 0.344495 
3.366670 0.086750 0.000621 -0.042141 0.623295 0.901084 0.346750 
3.400000 0.090920 0.011700 -0.149909 0.627103 0.902016 0.348983 
3.433330 0.091534 0.017969 -0.041101 0.603765 0.905215 0.350347 
3.466670 0.084132 0.015399 0.024052 0.613435 0.906929 0.352907 
3.500000 0.069420 0.008219 -0.210102 0.629979 0.909083 0.355824 
3.533330 0.062389 0.006033 -0.557002 0.607435 0.910709 0.355739 
3.566670 0.071588 0.007832 -0.623910 0.572204 0.911590 0.357011 
3.600000 0.084826 0.001451 -0.327621 0.562403 0.914318 0.359539 
3.633330 0.089889 -0.014395 0.123244 0.557808 0.916829 0.361052 
3.666670 0.092038 -0.028337 0.537926 0.566764 0.919870 0.361472 
3.700000 0.100903 -0.031685 0.852220 0.603347 0.922963 0.362404 
3.733330 0.114533 -0.021928 1.028402 0.611785 0.926257 0.363105 
3.766670 0.115038 -0.017103 0.981645 0.674802 0.930089 0.365696 
3.800000 0.098939 -0.008186 0.692233 0.689466 0.933629 0.368053 
3.833330 0.081494 0.001887 0.256359 0.706708 0.935465 0.369226 
3.866670 0.079229 0.013723 -0.192205 0.717093 0.937173 0.370841 
3.900000 0.087034 0.024119 -0.476087 0.693679 0.938733 0.373488 
3.933330 0.090769 0.025899 -0.467016 0.677881 0.940613 0.376126 
3.966670 0.086093 0.019677 -0.294709 0.654210 0.942926 0.378754 
4.000000 0.083024 0.003270 -0.218117 0.665439 0.944284 0.380740 
4.033330 0.086627 -0.012866 -0.232361 0.660492 0.946376 0.382133 
4.066670 0.089942 -0.018978 -0.124047 0.627644 0.949414 0.383405 
4.100000 0.084341 -0.021734 0.114643 0.646119 0.953153 0.384651 
4.133330 0.078695 -0.022029 0.342782 0.654088 0.954225 0.386078 
4.166670 0.083211 -0.021378 0.565197 0.663300 0.957642 0.386538 
4.200000 0.096997 -0.015859 0.802065 0.683074 0.959814 0.387902 
4.233330 0.112147 -0.006582 0.916653 0.719778 0.963369 0.390079 
4.266670 0.119769 0.003914 0.792336 0.750097 0.965546 0.392226 
4.300000 0.113191 0.011454 0.485235 0.775369 0.969244 0.395890 
4.333330 0.096875 0.017092 0.112521 0.772988 0.970682 0.398739 
4.366670 0.086321 0.015669 -0.233820 0.791272 0.972807 0.400609 
4.400000 0.090103 0.012082 -0.430687 0.757055 0.973960 0.403339 
4.433330 0.105120 -0.000693 -0.408194 0.755893 0.976234 0.405710 
4.466670 0.115643 -0.010310 -0.302430 0.721884 0.978764 0.407496 
4.500000 0.109997 -0.022627 -0.260935 0.751665 0.983570 0.411014 
4.533330 0.099989 -0.021747 -0.137710 0.713166 0.985159 0.411564 
4.566670 0.099606 -0.017765 0.284901 0.721168 0.988764 0.413904 
4.600000 0.108455 -0.005541 0.849984 0.726937 0.990996 0.414411 
4.633330 0.112954 -0.000416 1.160992 0.786461 0.994834 0.418590 
4.666670 0.108542 -0.003274 1.079561 0.820108 0.996565 0.420710 
4.700000 0.098679 -0.012852 0.783908 0.846710 0.998859 0.423021 
4.733330 0.085909 -0.014797 0.434962 0.869957 1.002000 0.425637 
4.766670 0.074759 -0.001523 0.078992 0.878802 1.004110 0.426151 
4.800000 0.072120 0.013629 -0.199288 0.880224 1.004930 0.429210 
4.833330 0.080251 0.016390 -0.299399 0.857040 1.006200 0.430924 
4.866670 0.093960 0.005209 -0.262724 0.857837 1.006920 0.433779 
4.900000 0.101379 -0.000787 -0.246971 0.843213 1.010270 0.436101 
4.933330 0.097703 0.001956 -0.343683 0.842536 1.012650 0.438481 
4.966670 0.089173 0.004137 -0.460291 0.827805 1.014010 0.440995 
5.000000 0.083485 -0.006138 -0.392255 0.806844 1.016020 0.443472 
5.033330 0.082129 -0.023190 -0.054598 0.795442 1.017840 0.444596 
5.066670 0.085333 -0.030884 0.402900 0.798734 1.021510 0.446504 
5.100000 0.096415 -0.023535 0.789750 0.834156 1.023520 0.447067 
5.133330 0.112937 -0.006911 1.058474 0.850913 1.026370 0.448788 
5.166670 0.123155 -0.001806 1.169162 0.893355 1.029530 0.454057 
5.200000 0.125960 -0.008822 0.980444 0.935230 1.031100 0.455393 
5.233330 0.125120 -0.017145 0.486124 0.966163 1.034570 0.459173 
5.266670 0.120349 -0.016257 -0.016888 0.976769 1.037560 0.462700 
5.300000 0.113994 -0.001741 -0.261801 0.941262 1.039750 0.464695 
5.333330 0.110959 0.008932 -0.356934 0.955768 1.042230 0.468611 
5.366670 0.113136 0.014933 -0.483672 0.940587 1.043650 0.471309 
5.400000 0.115346 0.009122 -0.499749 0.921037 1.044950 0.474916 
5.433330 0.110409 -0.002077 -0.207977 0.894191 1.048420 0.478378 
5.466670 0.098624 -0.012075 0.208767 0.899053 1.049740 0.480742 
5.500000 0.087185 -0.013995 0.371392 0.915437 1.053030 0.482344 
5.533330 0.081552 -0.016926 0.297390 0.951287 1.054850 0.484751 
5.566670 0.084220 -0.020208 0.420554 0.921627 1.055580 0.486695 
5.600000 0.090994 -0.023915 0.845602 0.947033 1.059630 0.488325 
5.633330 0.099481 -0.018025 1.103051 0.992698 1.061520 0.489987 
5.666670 0.106174 -0.009824 0.880358 1.044780 1.063410 0.493573 
5.700000 0.105304 -0.000939 0.432152 1.045850 1.065600 0.495748 
5.733330 0.098985 0.003400 0.108916 1.058590 1.067420 0.500261 
5.766670 0.101576 0.008346 -0.045197 1.056890 1.068590 0.501466 
5.800000 0.117876 0.011772 -0.165468 1.054680 1.069790 0.505362 
5.833330 0.131128 0.011385 -0.343066 1.049230 1.071730 0.508819 
5.866670 0.127205 0.005814 -0.546731 1.034160 1.074130 0.514325 
5.900000 0.114108 -0.005352 -0.637969 1.012420 1.075550 0.516416 
5.933330 0.105060 -0.019906 -0.444547 0.992383 1.078020 0.519364 
5.966670 0.103722 -0.031662 0.087739 0.977743 1.080880 0.522948 
6.000000 0.106373 -0.034447 0.716721 0.985289 1.083100 0.522657 
6.033330 0.107183 -0.028059 1.037368 1.034360 1.087260 0.527881 
6.066670 0.107629 -0.015302 0.956562 1.077110 1.088860 0.528573 
6.100000 0.108140 -0.005258 0.768711 1.085210 1.090580 0.532121 
6.133330 0.105203 -0.006079 0.659893 1.113370 1.092870 0.536710 
6.166670 0.100787 -0.005293 0.500934 1.140340 1.093610 0.537420 
6.200000 0.099513 0.004555 0.135578 1.144970 1.096890 0.542173 
6.233330 0.101027 0.013164 -0.366484 1.155460 1.095850 0.544250 
6.266670 0.101615 0.018828 -0.624888 1.130990 1.097950 0.547954 
