0.7 0.00211956 0.000622169 -0.00875034 -0.788551 
0.733333 0.00229776 0.00072882 -0.00904398 -0.793624 
0.766667 0.00245099 0.000791924 -0.0079869 -0.79506 
0.8 0.00254836 0.000842959 -0.00790625 -0.797247 
0.833333 0.00266291 0.000920964 -0.0100049 -0.802262 
0.866667 0.00273063 0.00098635 -0.0124346 -0.808438 
0.9 0.00274112 0.00107986 -0.0161867 -0.817005 
0.933333 0.00273026 0.00115191 -0.0200828 -0.827003 
0.966667 0.00267018 0.00120917 -0.0224044 -0.836445 
1 0.00272013 0.00112363 -0.0238175 -0.845585 
1.03333 0.00277768 0.00106975 -0.0243404 -0.854146 
1.06667 0.00282922 0.00100981 -0.0228952 -0.860556 
1.1 0.00297946 0.000937317 -0.0206067 -0.865486 
1.13333 0.00315287 0.000955016 -0.0180086 -0.869288 
1.16667 0.00324072 0.000942311 -0.0150684 -0.87182 
1.2 0.00328257 0.000936637 -0.0141014 -0.875702 
1.23333 0.00334553 0.000972683 -0.0141303 -0.880436 
1.26667 0.00337287 0.00105184 -0.0127338 -0.883498 
1.3 0.0034301 0.00110852 -0.0145317 -0.889865 
1.33333 0.00338653 0.00119299 -0.0172997 -0.897976 
1.36667 0.00341711 0.00121286 -0.0191318 -0.905905 
1.4 0.00332932 0.00120442 -0.0230371 -0.916893 
1.43333 0.00328764 0.00116551 -0.0259009 -0.927952 
1.46667 0.00325695 0.00101414 -0.0256036 -0.936235 
1.5 0.00331349 0.000966644 -0.0247715 -0.943787 
1.53333 0.0034414 0.000969514 -0.0234144 -0.950442 
1.56667 0.00350351 0.000914522 -0.0201413 -0.954383 
1.6 0.00361092 0.000908443 -0.017032 -0.957427 
1.63333 0.00373787 0.000926088 -0.0135462 -0.958989 
1.66667 0.00381229 0.00101399 -0.011602 -0.96121 
1.7 0.00386937 0.00100884 -0.0106602 -0.963965 
1.73333 0.00389927 0.00114405 -0.0116492 -0.968686 
1.76667 0.00390414 0.00123322 -0.0141053 -0.975469 
1.8 0.00392383 0.00130144 -0.018846 -0.985767 
1.83333 0.00383058 0.00140197 -0.0225002 -0.996362 
1.86667 0.00376713 0.00131527 -0.0243754 -1.00608 
1.9 0.00382378 0.00131254 -0.0253976 -1.01541 
1.93333 0.00395475 0.00121367 -0.0243879 -1.02268 
1.96667 0.00402391 0.0011231 -0.0219493 -1.02793 
2 0.00404424 0.00116892 -0.019335 -1.03216 
2.03333 0.00397425 0.00117563 -0.0167828 -1.03559 
2.06667 0.00414661 0.00118942 -0.0140376 -1.03795 
2.1 0.00423382 0.00118622 -0.00964267 -1.03744 
2.13333 0.00431972 0.00119816 -0.0078806 -1.03857 
2.16667 0.00438076 0.00126382 -0.00925955 -1.04283 
2.2 0.00432972 0.00145176 -0.0107828 -1.04771 
2.23333 0.00430208 0.0015007 -0.0149182 -1.05619 
2.26667 0.00420699 0.00148501 -0.0190561 -1.06605 
2.3 0.00429847 0.00148992 -0.0226864 -1.07668 
2.33333 0.00421832 0.00150809 -0.0260726 -1.08824 
2.36667 0.00418966 0.00143741 -0.0276118 -1.09875 
2.4 0.00418998 0.0013427 -0.0271038 -1.10736 
2.43333 0.00431689 0.00124276 -0.0258258 -1.11488 
2.46667 0.00438035 0.00120144 -0.0236455 -1.12092 
2.5 0.00455614 0.00112371 -0.0201412 -1.12466 
2.53333 0.00463275 0.001113 -0.0165831 -1.12717 
2.56667 0.00468326 0.00114891 -0.0139069 -1.12954 
2.6 0.00477501 0.00133776 -0.0144152 -1.13478 
2.63333 0.00483961 0.00132745 -0.0152418 -1.14056 
2.66667 0.00475457 0.00151569 -0.0159134 -1.14643 
2.7 0.00479702 0.00153723 -0.0179483 -1.15414 
2.73333 0.00485731 0.00156567 -0.022977 -1.16606 
2.76667 0.00499031 0.0015945 -0.0262125 -1.17754 
2.8 0.00499347 0.00156548 -0.0270655 -1.18728 
2.83333 0.00501441 0.00150235 -0.0302408 -1.20005 
2.86667 0.00495004 0.00155804 -0.0290139 -1.20868 
2.9 0.00495656 0.00150356 -0.0274062 -1.21646 
2.93333 0.00516817 0.00138746 -0.0253761 -1.2232 
2.96667 0.00525596 0.00142575 -0.0212576 -1.22679 
3 0.00544038 0.00139028 -0.0166367 -1.22842 
3.03333 0.00541744 0.00142811 -0.0140678 -1.23094 
3.06667 0.00556179 0.00147811 -0.0130984 -1.23448 
3.1 0.00560966 0.00153427 -0.0132967 -1.23908 
3.13333 0.00564062 0.00165144 -0.0148268 -1.24532 
3.16667 0.00557412 0.00182718 -0.0185813 -1.2547 
3.2 0.00559027 0.00184925 -0.0209881 -1.26373 
3.23333 0.005511 0.00186416 -0.0260972 -1.27676 
3.26667 0.00551773 0.00181372 -0.0289213 -1.28879 
3.3 0.00559697 0.00169727 -0.0299011 -1.29959 
3.33333 0.00575279 0.00156554 -0.0279673 -1.30727 
3.36667 0.00585376 0.0016314 -0.0253252 -1.31347 
3.4 0.0060223 0.00152285 -0.0238406 -1.32016 
3.43333 0.00596806 0.00162545 -0.0196821 -1.3232 
3.46667 0.00612244 0.00158668 -0.0174662 -1.32715 
3.5 0.00615537 0.00161794 -0.016414 -1.33173 
3.53333 0.00611017 0.00166376 -0.0195942 -1.34095 
3.56667 0.00617926 0.00182971 -0.0205498 -1.34861 
3.6 0.00636861 0.00180806 -0.0251467 -1.36089 
3.63333 0.00644231 0.00188527 -0.027942 -1.37257 
3.66667 0.00642761 0.00190381 -0.0305393 -1.38495 
3.7 0.00652774 0.0018608 -0.0316505 -1.39644 
3.73333 0.00659245 0.0018395 -0.0335871 -1.40928 
3.76667 0.00667321 0.00178737 -0.0338326 -1.42076 
3.8 0.00670836 0.00175294 -0.0325836 -1.43057 
3.83333 0.00679399 0.00176501 -0.0301919 -1.4386 
3.86667 0.0068218 0.00177912 -0.0271945 -1.44513 
3.9 0.00689167 0.00174378 -0.0244212 -1.45092 
3.93333 0.00680328 0.00176858 -0.0230944 -1.4575 
3.96667 0.00676343 0.00185507 -0.0223051 -1.46426 
4 0.00675526 0.00193875 -0.0234569 -1.47306 
4.03333 0.00673845 0.00205036 -0.0283733 -1.48668 
4.06667 0.00665045 0.00210636 -0.0317854 -1.50017 
4.1 0.00654002 0.00208961 -0.0358166 -1.51552 
4.13333 0.00658064 0.00215196 -0.0361008 -1.52779 
4.16667 0.00673456 0.00203992 -0.0399603 -1.54438 
4.2 0.00672243 0.0020081 -0.0390797 -1.55666 
4.23333 0.00673962 0.00199179 -0.0367384 -1.56693 
4.26667 0.00686962 0.00203372 -0.0306346 -1.57197 
4.3 0.0068716 0.00194196 -0.0287404 -1.57994 
4.33333 0.0069432 0.00199862 -0.0268743 -1.58732 
4.36667 0.00695085 0.00205788 -0.0255985 -1.59477 
4.4 0.00691777 0.00218834 -0.0276978 -1.60578 
4.43333 0.006755 0.00230679 -0.0298452 -1.61755 
4.46667 0.00668916 0.00236931 -0.034531 -1.63303 
4.5 0.00659697 0.00252595 -0.0339604 -1.64387 
4.53333 0.00667957 0.00249008 -0.0355956 -1.65712 
4.56667 0.00679753 0.00244374 -0.0378987 -1.6717 
4.6 0.00698949 0.00233345 -0.039612 -1.68636 
4.63333 0.00710043 0.00236879 -0.0401238 -1.70016 
4.66667 0.00724282 0.00240886 -0.0390965 -1.71233 
4.7 0.00733754 0.00242618 -0.0375823 -1.72357 
4.73333 0.00744057 0.00246172 -0.0364286 -1.73474 
4.76667 0.00755195 0.00250484 -0.0343744 -1.74445 
4.8 0.00761781 0.00258223 -0.0346212 -1.7562 
4.83333 0.00759802 0.00267153 -0.0343859 -1.76747 
4.86667 0.00748077 0.00273546 -0.03717 -1.78222 
4.9 0.00741141 0.00280007 -0.0384012 -1.79606 
4.93333 0.00734897 0.00281227 -0.0403876 -1.8112 
4.96667 0.00736112 0.00280498 -0.0429141 -1.82765 
5 0.00727789 0.00272716 -0.0452219 -1.84468 
5.03333 0.00725562 0.00273492 -0.0437802 -1.85805 
5.06667 0.00724446 0.00267679 -0.0409295 -1.86928 
5.1 0.00726378 0.00269021 -0.0379558 -1.87941 
5.13333 0.007407 0.0026087 -0.0346221 -1.88813 
5.16667 0.0075853 0.00265009 -0.0336922 -1.89857 
5.2 0.00754669 0.00279255 -0.0299248 -1.90535 
5.23333 0.00760835 0.00275794 -0.0346023 -1.92085 
5.26667 0.00751742 0.00289792 -0.0352969 -1.9332 
5.3 0.0073477 0.00307114 -0.0366171 -1.94653 
5.33333 0.00720015 0.00310177 -0.0382832 -1.9607 
5.36667 0.00710654 0.00306548 -0.0395733 -1.97499 
5.4 0.00710058 0.00294281 -0.0421137 -1.99118 
5.43333 0.00704398 0.00286548 -0.0402018 -2.00296 
5.46667 0.00705232 0.00285537 -0.0372339 -2.01285 
5.5 0.00700016 0.00280735 -0.0337005 -2.02109 
5.53333 0.00700812 0.00273055 -0.0305235 -2.02858 
5.56667 0.00714281 0.00258996 -0.0295601 -2.03761 
5.6 0.00714043 0.00257663 -0.0276148 -2.04517 
5.63333 0.00713959 0.00267919 -0.0253937 -2.05175 
5.66667 0.00708221 0.00280113 -0.0246351 -2.05932 
5.7 0.00706605 0.00286573 -0.0258215 -2.06894 
5.73333 0.00708719 0.0029901 -0.0268434 -2.07875 
5.76667 0.00705684 0.00304629 -0.0308217 -2.09239 
5.8 0.00698589 0.00306138 -0.0349709 -2.10756 
5.83333 0.00690074 0.00300584 -0.0372029 -2.12186 
5.86667 0.0068473 0.00298178 -0.0393262 -2.13676 
5.9 0.00676729 0.00283328 -0.0388665 -2.14933 
5.93333 0.00680418 0.00271358 -0.0363815 -2.15935 
5.96667 0.00677985 0.00265527 -0.0310435 -2.16518 
6 0.00680254 0.00257592 -0.0282089 -2.17218 
6.03333 0.00683459 0.0024987 -0.0256145 -2.17852 
6.06667 0.00689452 0.00254178 -0.0236702 -2.18476 
6.1 0.00692608 0.00261744 -0.0220322 -2.19072 
6.13333 0.00693594 0.0028286 -0.0226522 -2.1988 
6.16667 0.00701864 0.00295936 -0.0248758 -2.20897 
6.2 0.00698867 0.00304373 -0.0282542 -2.22125 
6.23333 0.0069385 0.00309674 -0.0314731 -2.23447 
6.26667 0.00694317 0.00310144 -0.0356451 -2.24989 
6.3 0.0069284 0.00318886 -0.0349268 -2.26092 
6.33333 0.00695698 0.00312069 -0.0352749 -2.27297 
6.36667 0.0070225 0.00301919 -0.036582 -2.28627 
6.4 0.00711337 0.00287586 -0.0353027 -2.29696 
6.43333 0.00719702 0.00282416 -0.0321348 -2.30499 
6.46667 0.00722257 0.0027931 -0.0307156 -2.31402 
6.5 0.00729277 0.00280093 -0.0274634 -2.32042 
6.53333 0.00723809 0.00285298 -0.0245313 -2.32611 
6.56667 0.00727067 0.00292095 -0.0234793 -2.33305 
6.6 0.00721833 0.00303105 -0.0235253 -2.34093 
6.63333 0.00713622 0.00311989 -0.0242366 -2.34961 
6.66667 0.00713758 0.00319651 -0.0265152 -2.36038 
6.7 0.00712307 0.00325279 -0.0305 -2.37392 
6.73333 0.00702298 0.00329482 -0.036213 -2.39083 
6.76667 0.00696776 0.00322634 -0.0387766 -2.40593 
6.8 0.00688722 0.00314429 -0.0398493 -2.42012 
6.83333 0.00692396 0.00302422 -0.040242 -2.43387 
6.86667 0.00692907 0.00282976 -0.0390644 -2.44589 
6.9 0.00695093 0.00272417 -0.0360461 -2.45535 
6.93333 0.00693496 0.00262486 -0.0321851 -2.46281 
6.96667 0.00704426 0.0026319 -0.0276628 -2.4682 
7 0.00703291 0.00266435 -0.0248768 -2.47413 
7.03333 0.00694601 0.00272003 -0.02383 -2.48119 
7.06667 0.00686966 0.00278928 -0.0246799 -2.49013 
7.1 0.00675082 0.00284555 -0.025077 -2.49883 
7.13333 0.00672009 0.00292318 -0.027148 -2.50963 
7.16667 0.00663862 0.00295615 -0.0311761 -2.52344 
7.2 0.00668103 0.00299583 -0.0341944 -2.53739 
7.23333 0.00663219 0.00301869 -0.0385391 -2.55392 
7.26667 0.00671411 0.00298358 -0.0402932 -2.56884 
7.3 0.00677877 0.00280348 -0.0421079 -2.58441 
7.33333 0.00682119 0.00266516 -0.0404049 -2.59644 
7.36667 0.00692212 0.00259602 -0.0388003 -2.60801 
7.4 0.00689173 0.00254939 -0.0364706 -2.61819 
7.43333 0.00690434 0.00255534 -0.0327176 -2.62592 
7.46667 0.00703004 0.00259533 -0.0270929 -2.63019 
7.5 0.00718596 0.00265691 -0.0248216 -2.63654 
7.53333 0.0072864 0.00274609 -0.0253588 -2.64544 
7.56667 0.00722469 0.00289994 -0.0262319 -2.65493 
7.6 0.00721174 0.00311125 -0.0278952 -2.66563 
7.63333 0.00718932 0.00319737 -0.0320194 -2.6798 
7.66667 0.00713014 0.00324401 -0.0364081 -2.69566 
7.7 0.00703546 0.00311008 -0.0409579 -2.71316 
7.73333 0.00695497 0.00310798 -0.0420107 -2.72806 
7.76667 0.00706424 0.00304142 -0.0422731 -2.74237 
7.8 0.00718329 0.00295716 -0.0411461 -2.75513 
7.83333 0.00734552 0.00297881 -0.0383133 -2.7655 
7.86667 0.00744971 0.00304807 -0.0361748 -2.77575 
7.9 0.00759612 0.00300589 -0.0331842 -2.78428 
7.93333 0.00768838 0.00297741 -0.0318309 -2.79374 
7.96667 0.00775691 0.00295157 -0.0297029 -2.80184 
8 0.00777898 0.00303042 -0.0305884 -2.81279 
8.03333 0.00775179 0.00323824 -0.0305504 -2.82294 
8.06667 0.0077243 0.00335342 -0.0319006 -2.83471 
8.1 0.00760264 0.00340285 -0.0351595 -2.8492 
8.13333 0.0076264 0.00338296 -0.0376974 -2.86391 
8.16667 0.00763504 0.00332236 -0.0395922 -2.87871 
8.2 0.00759399 0.0031997 -0.0410155 -2.89359 
8.23333 0.00752431 0.0031697 -0.0410356 -2.90729 
8.26667 0.00759493 0.00315899 -0.0385883 -2.91808 
8.3 0.00765966 0.00310145 -0.0368576 -2.9289 
8.33333 0.00770256 0.00297232 -0.0338567 -2.93764 
8.36667 0.00765896 0.00293684 -0.0314268 -2.94606 
