0.7 0.00290667 0.00109206 -0.0186981 -0.760687 
0.733333 0.00310426 0.001096 -0.0184439 -0.769057 
0.766667 0.00324065 0.00114824 -0.0164654 -0.773352 
0.8 0.00335647 0.00121677 -0.0140137 -0.77585 
0.833333 0.00350663 0.00132074 -0.0106568 -0.776451 
0.866667 0.00356931 0.00141809 -0.00870894 -0.777529 
0.9 0.00366998 0.00152182 -0.0088277 -0.780538 
0.933333 0.0036912 0.00155926 -0.00924614 -0.783945 
0.966667 0.0036805 0.00157161 -0.0136257 -0.792199 
1 0.0036383 0.00156819 -0.0179217 -0.80182 
1.03333 0.00363046 0.00165613 -0.0218949 -0.812485 
1.06667 0.00354104 0.00163997 -0.0259409 -0.824562 
1.1 0.00351948 0.00164626 -0.0292117 -0.837071 
1.13333 0.00351835 0.00161353 -0.029216 -0.846814 
1.16667 0.00360345 0.00153433 -0.0283343 -0.855512 
1.2 0.00370472 0.00147796 -0.0252245 -0.861286 
1.23333 0.00377951 0.00144413 -0.0219427 -0.86582 
1.26667 0.00387582 0.00150139 -0.0158217 -0.865909 
1.3 0.00407388 0.00155384 -0.0116438 -0.866251 
1.33333 0.0042045 0.00166384 -0.00959891 -0.867718 
1.36667 0.00421937 0.00174682 -0.00948482 -0.870783 
1.4 0.00422573 0.00179578 -0.010453 -0.875087 
1.43333 0.00425726 0.00184601 -0.0127722 -0.88131 
1.46667 0.00423324 0.00199741 -0.0162272 -0.889646 
1.5 0.00422014 0.00201911 -0.0194964 -0.898914 
1.53333 0.00428221 0.00202669 -0.0229217 -0.909456 
1.56667 0.00428191 0.00199664 -0.0282309 -0.923364 
1.6 0.00429547 0.00196011 -0.0291856 -0.933901 
1.63333 0.00432129 0.0018963 -0.0294293 -0.943917 
1.66667 0.00443529 0.00175131 -0.029615 -0.953946 
1.7 0.0045469 0.00169145 -0.0257008 -0.959197 
1.73333 0.00472814 0.00173173 -0.022687 -0.964206 
1.76667 0.00484213 0.00169736 -0.0182284 -0.966506 
1.8 0.00492849 0.00170164 -0.0149352 -0.968694 
1.83333 0.0050134 0.00175853 -0.0115774 -0.969709 
1.86667 0.00505609 0.00183503 -0.0107022 -0.972535 
1.9 0.00505651 0.00198644 -0.012745 -0.978514 
1.93333 0.00507895 0.00207503 -0.0150658 -0.985502 
1.96667 0.00504252 0.00218216 -0.0192345 -0.995445 
2 0.00506053 0.00215917 -0.0244421 -1.008 
2.03333 0.0049797 0.00223173 -0.0286694 -1.02114 
2.06667 0.00491363 0.00217332 -0.0310038 -1.03345 
2.1 0.00494185 0.0020334 -0.0305216 -1.04322 
2.13333 0.00498297 0.00196272 -0.0293889 -1.05206 
2.16667 0.00501133 0.001919 -0.0273782 -1.05948 
2.2 0.00514908 0.00188491 -0.0239211 -1.06452 
2.23333 0.0052896 0.00187694 -0.0205785 -1.06855 
2.26667 0.00533622 0.00193781 -0.0185567 -1.07302 
2.3 0.00542958 0.00194992 -0.0150978 -1.07513 
2.33333 0.00552095 0.00205726 -0.0142793 -1.07919 
2.36667 0.00551387 0.00217655 -0.015709 -1.08564 
2.4 0.00549617 0.00231439 -0.0172575 -1.0927 
2.43333 0.00547975 0.00235127 -0.0203946 -1.10216 
2.46667 0.00546076 0.00235704 -0.0234539 -1.11257 
2.5 0.00537486 0.00241976 -0.0287458 -1.12663 
2.53333 0.00541932 0.0023785 -0.031878 -1.13991 
2.56667 0.00540172 0.00234953 -0.032875 -1.15172 
2.6 0.00542283 0.00219968 -0.0320065 -1.16165 
2.63333 0.00551527 0.0020916 -0.0304065 -1.17043 
2.66667 0.00560125 0.00204454 -0.0284504 -1.17826 
2.7 0.00563574 0.00195642 -0.0248528 -1.18349 
2.73333 0.00562043 0.00199972 -0.0214183 -1.18772 
2.76667 0.00564696 0.0019716 -0.018717 -1.19167 
2.8 0.00575106 0.00206562 -0.0159006 -1.19459 
2.83333 0.00583449 0.00221478 -0.0162068 -1.20025 
2.86667 0.0057884 0.00232926 -0.0187045 -1.2086 
2.9 0.00580341 0.00231227 -0.0203971 -1.21683 
2.93333 0.00575787 0.00232206 -0.022733 -1.22639 
2.96667 0.00570693 0.00236541 -0.0282619 -1.24049 
3 0.00575079 0.00234303 -0.0296513 -1.25155 
3.03333 0.00578008 0.00230107 -0.0306809 -1.26265 
3.06667 0.00578383 0.00223536 -0.0315996 -1.27397 
3.1 0.0058394 0.00208512 -0.030628 -1.28335 
3.13333 0.00592072 0.00210274 -0.0278691 -1.2903 
3.16667 0.00598537 0.00206367 -0.024488 -1.2956 
3.2 0.00603825 0.00209874 -0.0225409 -1.30147 
3.23333 0.00618128 0.00204377 -0.0190168 -1.30482 
3.26667 0.00624354 0.00213914 -0.0177271 -1.30964 
3.3 0.00626735 0.00221176 -0.0200348 -1.31827 
3.33333 0.00633646 0.00236185 -0.0230186 -1.32847 
3.36667 0.0062967 0.00243121 -0.0258821 -1.33952 
3.4 0.00618379 0.0025156 -0.0299746 -1.35298 
3.43333 0.00617438 0.00256003 -0.0331297 -1.3667 
3.46667 0.00615156 0.00250765 -0.0365505 -1.38178 
3.5 0.00618719 0.00243125 -0.0378253 -1.39547 
3.53333 0.00615071 0.00231147 -0.0382106 -1.40853 
3.56667 0.00619529 0.00220825 -0.0377875 -1.42077 
3.6 0.00631219 0.00214175 -0.0350151 -1.43009 
3.63333 0.00643784 0.00222038 -0.0319625 -1.43816 
3.66667 0.0065106 0.00217257 -0.0289242 -1.44523 
3.7 0.00658155 0.00218958 -0.0250186 -1.45026 
3.73333 0.00658286 0.00212761 -0.0244302 -1.4579 
3.76667 0.00652812 0.00222608 -0.0245391 -1.46618 
3.8 0.00650782 0.00228741 -0.0254701 -1.47545 
3.83333 0.0064415 0.00243365 -0.0261877 -1.48479 
3.86667 0.00628301 0.00251104 -0.0300055 -1.49803 
3.9 0.00620841 0.00253276 -0.0335624 -1.51223 
3.93333 0.00616278 0.00254254 -0.0352451 -1.5254 
3.96667 0.00612948 0.00247541 -0.0371016 -1.53934 
4 0.0060879 0.00232685 -0.0376042 -1.5523 
4.03333 0.00605515 0.00221783 -0.0368106 -1.5639 
4.06667 0.00607777 0.00207266 -0.0348577 -1.57386 
4.1 0.00616641 0.00201469 -0.0314262 -1.58143 
4.13333 0.00629298 0.00199177 -0.0252263 -1.58459 
4.16667 0.0064359 0.00196734 -0.0208453 -1.58783 
4.2 0.00646913 0.00203142 -0.0199159 -1.59368 
4.23333 0.00650494 0.00224367 -0.0189728 -1.5992 
4.26667 0.00648329 0.00232385 -0.0227462 -1.60998 
4.3 0.00643903 0.0024895 -0.023504 -1.61846 
4.33333 0.00639718 0.00252078 -0.0265419 -1.62988 
4.36667 0.00626172 0.0024397 -0.0312098 -1.64424 
4.4 0.00617726 0.00242701 -0.0351279 -1.65927 
4.43333 0.00608623 0.00236745 -0.0381912 -1.67459 
4.46667 0.00600623 0.00232951 -0.0389761 -1.68825 
4.5 0.00598368 0.00219671 -0.0395294 -1.70189 
4.53333 0.00605739 0.00206948 -0.0387401 -1.71414 
4.56667 0.00616855 0.00199767 -0.0359542 -1.72376 
4.6 0.00633118 0.0019035 -0.0329334 -1.73218 
4.63333 0.00641317 0.00191687 -0.0305465 -1.74034 
4.66667 0.00646844 0.00190709 -0.0277108 -1.74718 
4.7 0.00650965 0.00198079 -0.0252598 -1.75352 
4.73333 0.00648993 0.00211666 -0.0252519 -1.76193 
4.76667 0.00657998 0.00218087 -0.0240538 -1.76893 
4.8 0.0065105 0.00229364 -0.0256877 -1.77888 
4.83333 0.00636412 0.00235846 -0.0292832 -1.79169 
4.86667 0.00630187 0.00235392 -0.0334591 -1.80638 
4.9 0.00619401 0.00238083 -0.0378747 -1.82274 
4.93333 0.00615408 0.00231852 -0.0393521 -1.83711 
4.96667 0.00608778 0.00207925 -0.0418197 -1.85314 
5 0.00614841 0.00202715 -0.0394596 -1.8643 
5.03333 0.00617439 0.00183027 -0.0396778 -1.87771 
5.06667 0.00619735 0.0018053 -0.0378829 -1.88881 
5.1 0.00623951 0.00184153 -0.0345796 -1.89754 
5.13333 0.00639057 0.00183205 -0.0309289 -1.90476 
5.16667 0.00650579 0.00196166 -0.0273641 -1.91086 
5.2 0.00661903 0.00208759 -0.0251246 -1.91734 
5.23333 0.0066824 0.00226779 -0.0257143 -1.92641 
5.26667 0.00661555 0.00237545 -0.0254436 -1.93466 
5.3 0.00653505 0.00237543 -0.0293568 -1.94776 
5.33333 0.00651075 0.00242835 -0.0321765 -1.96088 
5.36667 0.00653042 0.00250947 -0.0347971 -1.9747 
5.4 0.00648785 0.00257243 -0.039657 -1.99203 
5.43333 0.00652467 0.00259073 -0.0411456 -2.00701 
5.46667 0.00659125 0.00251546 -0.0409158 -2.02045 
5.5 0.0066349 0.00247435 -0.0404686 -2.03356 
5.53333 0.00670914 0.00239053 -0.0387585 -2.04503 
5.56667 0.00683734 0.00229587 -0.0353506 -2.05393 
5.6 0.00696636 0.00226083 -0.0324974 -2.06235 
5.63333 0.00708153 0.00230748 -0.0306323 -2.07098 
5.66667 0.0072429 0.00242386 -0.0290409 -2.07931 
5.7 0.00735022 0.00259065 -0.0284013 -2.08823 
5.73333 0.00738507 0.00272639 -0.0290397 -2.09845 
5.76667 0.00735218 0.00289371 -0.0316293 -2.11119 
5.8 0.00731554 0.0029701 -0.0352252 -2.12598 
5.83333 0.00740731 0.00300766 -0.0380047 -2.141 
5.86667 0.00733181 0.00304952 -0.0407149 -2.15687 
5.9 0.00730927 0.00294866 -0.0418771 -2.17181 
5.93333 0.00730973 0.00287188 -0.0426744 -2.18671 
5.96667 0.00734223 0.00275509 -0.0402946 -2.19813 
6 0.00744877 0.0027116 -0.0384644 -2.2094 
6.03333 0.00763331 0.00272978 -0.0357428 -2.21901 
6.06667 0.0076622 0.00275116 -0.0326961 -2.22733 
6.1 0.00767785 0.00277936 -0.0319144 -2.2373 
6.13333 0.00767282 0.0027856 -0.0296848 -2.24531 
6.16667 0.00762261 0.0028545 -0.0308018 -2.25652 
6.2 0.00763729 0.00291624 -0.0330318 -2.26942 
6.23333 0.00761244 0.00297205 -0.0353201 -2.28313 
6.26667 0.00760866 0.00308919 -0.0380852 -2.29817 
6.3 0.00756131 0.00314359 -0.0400887 -2.31323 
6.33333 0.00748785 0.00312347 -0.041664 -2.32845 
6.36667 0.00746301 0.00303805 -0.0420333 -2.34278 
6.4 0.00738819 0.00289299 -0.0400765 -2.35448 
6.43333 0.00750112 0.00281766 -0.0367058 -2.36386 
6.46667 0.0075294 0.00269153 -0.0341721 -2.3731 
6.5 0.00760869 0.00264026 -0.0301257 -2.37972 
6.53333 0.0077089 0.00266619 -0.0271118 -2.3862 
6.56667 0.00764675 0.00272384 -0.0264931 -2.39451 
6.6 0.00760688 0.00281139 -0.0268027 -2.4037 
6.63333 0.00758044 0.00292482 -0.0290104 -2.41525 
6.66667 0.00751951 0.00302896 -0.032219 -2.4287 
6.7 0.00748866 0.00308498 -0.0359535 -2.44385 
6.73333 0.00736675 0.00313202 -0.038721 -2.4591 
6.76667 0.00721649 0.00304441 -0.0401913 -2.47375 
6.8 0.007235 0.00293073 -0.0409145 -2.488 
6.83333 0.00730844 0.00290052 -0.0388849 -2.49924 
6.86667 0.00740152 0.00281071 -0.0369807 -2.50995 
6.9 0.00749053 0.00272743 -0.0341443 -2.51893 
6.93333 0.00755034 0.00271785 -0.0301068 -2.52555 
6.96667 0.00755597 0.00269687 -0.0282249 -2.53336 
7 0.00756301 0.00272892 -0.0262081 -2.54039 
7.03333 0.00757067 0.00284188 -0.0265304 -2.5495 
7.06667 0.0075012 0.00290445 -0.0279585 -2.56003 
7.1 0.00744378 0.00300278 -0.0303129 -2.57213 
7.13333 0.00745113 0.00312698 -0.0333197 -2.58579 
7.16667 0.00729514 0.00314437 -0.0365873 -2.60075 
7.2 0.00722378 0.00313206 -0.0391745 -2.616 
7.23333 0.00718414 0.00299964 -0.0435202 -2.63419 
7.26667 0.0071244 0.00288742 -0.0423536 -2.64732 
7.3 0.00710146 0.00275455 -0.0405712 -2.65933 
7.33333 0.00718619 0.00266277 -0.0365827 -2.66815 
7.36667 0.00723587 0.00256475 -0.0327712 -2.67584 
7.4 0.00729657 0.00253346 -0.0290167 -2.68233 
7.43333 0.00736706 0.00253797 -0.0249858 -2.68725 
7.46667 0.00739623 0.00259701 -0.0233094 -2.6936 
7.5 0.00743363 0.00280362 -0.0227319 -2.70068 
7.53333 0.00739974 0.00296342 -0.0247364 -2.71063 
7.56667 0.00725596 0.0029525 -0.0277986 -2.72249 
7.6 0.00716336 0.0030086 -0.03116 -2.73572 
7.63333 0.00705862 0.0030459 -0.0348466 -2.75046 
7.66667 0.00695897 0.00299226 -0.0390164 -2.767 
7.7 0.00692899 0.00298676 -0.039535 -2.78062 
7.73333 0.00690286 0.00288288 -0.0387213 -2.79283 
7.76667 0.00687415 0.00266874 -0.0388101 -2.80585 
7.8 0.00696184 0.00262074 -0.035575 -2.81496 
7.83333 0.00702998 0.00251874 -0.0315191 -2.82204 
7.86667 0.006982 0.00244888 -0.0290911 -2.82968 
7.9 0.0070228 0.00245172 -0.0256836 -2.83535 
7.93333 0.00708364 0.00250313 -0.0244604 -2.84247 
7.96667 0.00710838 0.00272685 -0.0213639 -2.84697 
8 0.00708348 0.00286742 -0.0234399 -2.85654 
8.03333 0.0071224 0.002995 -0.0247223 -2.86586 
8.06667 0.00697368 0.00301925 -0.029937 -2.88026 
8.1 0.00694188 0.00306423 -0.032291 -2.89302 
8.13333 0.00676886 0.00297143 -0.0361846 -2.90838 
8.16667 0.00670573 0.00291264 -0.0391092 -2.92389 
8.2 0.00674076 0.00277166 -0.0410008 -2.93916 
8.23333 0.00676415 0.00259782 -0.0403526 -2.95206 
8.26667 0.00683006 0.00246795 -0.0383265 -2.96312 
8.3 0.00694142 0.00242987 -0.0351461 -2.97214 
8.33333 0.00694909 0.00238195 -0.0317445 -2.97984 
8.36667 0.00706745 0.00241341 -0.0275451 -2.98547 
8.4 0.00705171 0.00246926 -0.0255573 -2.9923 
8.43333 0.00706347 0.00254601 -0.0261342 -3.0015 
8.46667 0.00709207 0.00267581 -0.0267648 -3.01096 
8.5 0.00717559 0.00283066 -0.0250401 -3.01784 
8.53333 0.00719299 0.00291058 -0.0275789 -3.02919 
8.56667 0.0071148 0.00297927 -0.0311505 -3.0426 
8.6 0.00709537 0.00302663 -0.0309041 -3.05269 
8.63333 0.00706924 0.00299898 -0.0322639 -3.0646 
8.66667 0.00707674 0.00299536 -0.0316069 -3.07458 
8.7 0.00704986 0.00284677 -0.0299119 -3.08311 
8.73333 0.00708951 0.00267527 -0.0291563 -3.09219 
8.76667 0.0071411 0.00258416 -0.026743 -3.09906 
8.8 0.00728001 0.00258783 -0.0227912 -3.10331 
8.83333 0.00727292 0.00261289 -0.0212739 -3.10911 
8.86667 0.0074764 0.00269689 -0.0180101 -3.11235 
