0.283 15 50 
0.362 15 50 
0.488 15 50 
0.565 15 50 
0.658 15 50 
0.751 15 50 
0.846 15 50 
0.923 15 50 
0.987 15 50 
1.064 15 50 
1.158 15 50 
1.252 15 50 
1.33 15 50 
1.425 15 50 
1.518 15 50 
1.581 15 50 
1.675 15 50 
1.752 15 50 
1.83 15 50 
1.909 15 50 
1.972 15 50 
2.033 15 50 
2.128 15 50 
2.205 15 50 
2.283 15 50 
2.346 15 50 
2.409 15 50 
2.471 15 50 
2.548 15 50 
2.626 15 50 
2.706 15 50 
2.768 15 50 
2.862 15 50 
2.956 15 50 
3.049 15 50 
3.112 15 50 
3.189 15 50 
3.268 15 50 
3.362 15 50 
3.424 15 50 
3.518 15 50 
3.612 15 50 
3.721 15 50 
3.783 15 50 
3.846 15 50 
3.941 15 50 
4.019 15 50 
4.126 15 50 
4.221 15 50 
4.314 15 50 
4.376 15 50 
4.44 15 50 
4.517 15 50 
4.596 15 50 
4.674 15 50 
4.736 15 50 
4.799 15 50 
4.892 15 50 
4.97 15 50 
5.049 15 50 
5.111 15 50 
5.175 15 50 
5.237 15 50 
5.331 15 50 
5.44 15 50 
5.519 15 50 
5.612 15 50 
5.674 15 50 
5.753 15 50 
5.815 15 50 
5.876 15 50 
5.94 15 50 
6.002 15 50 
6.064 15 50 
6.143 15 50 
6.221 15 50 
6.314 15 50 
6.378 15 50 
6.439 15 50 
6.517 15 50 
6.58 15 50 
6.642 15 50 
6.706 15 50 
6.784 15 50 
6.861 15 50 
6.955 15 50 
7.049 15 50 
7.111 15 50 
7.175 15 50 
7.237 15 50 
7.331 15 50 
7.44 15 50 
7.532 15 50 
7.612 15 50 
7.72 15 50 
7.814 15 50 
7.876 15 50 
7.955 15 50 
8.049 15 50 
8.159 15 50 
8.253 15 50 
8.345 15 50 
8.425 15 50 
8.517 15 50 
8.581 15 50 
8.659 15 50 
8.753 15 50 
8.847 15 50 
8.925 15 50 
9.05 15 50 
9.112 15 50 
9.19 15 50 
9.268 15 50 
9.345 15 50 
9.423 15 50 
9.501 15 50 
9.58 15 50 
9.659 15 50 
9.752 15 50 
9.814 15 50 
9.877 15 50 
9.939 15 50 
10.017 15 50 
10.128 15 50 
10.237 15 50 
10.299 15 50 
10.378 15 50 
10.456 15 50 
10.519 15 50 
10.596 15 50 
10.658 15 50 
10.753 15 50 
10.847 15 50 
10.924 15 50 
11.003 15 50 
11.08 15 50 
11.142 15 50 
11.205 15 50 
11.267 15 50 
11.345 15 50 
11.408 15 50 
11.487 15 50 
11.58 15 50 
11.674 15 50 
11.753 15 50 
11.815 15 50 
11.909 15 50 
11.972 15 50 
12.033 15 50 
12.111 15 50 
12.189 15 50 
12.283 15 50 
12.347 15 50 
12.408 15 50 
12.471 15 50 
12.55 15 50 
12.613 15 50 
12.691 15 50 
12.768 15 50 
12.829 15 50 
12.924 15 50 
13.018 15 50 
13.096 15 50 
13.174 15 50 
13.251 15 50 
13.314 15 50 
13.393 15 50 
13.47 15 50 
13.534 15 50 
13.612 15 50 
13.721 15 50 
13.783 15 50 
13.847 15 50 
13.908 15 50 
13.972 15 50 
14.034 15 50 
14.128 15 50 
14.222 15 50 
14.316 15 50 
14.408 15 50 
14.472 15 50 
14.564 15 50 
14.642 15 50 
14.704 15 50 
14.784 15 50 
14.876 15 50 
14.955 15 50 
15.017 15 50 
15.081 15 50 
15.143 15 50 
15.206 15 50 
15.284 15 50 
15.345 15 50 
15.44 15 50 
15.55 15 50 
15.627 15 50 
15.722 15 50 
15.784 15 50 
15.847 15 50 
15.909 15 50 
15.986 15 50 
16.066 15 50 
16.159 15 50 
16.238 15 50 
16.314 15 50 
16.393 15 50 
16.47 15 50 
16.549 15 50 
16.611 15 50 
16.673 15 50 
16.737 15 50 
16.799 15 50 
16.877 15 50 
16.955 15 50 
17.018 15 50 
17.08 15 50 
17.143 15 50 
17.221 15 50 
17.346 15 50 
17.409 15 50 
17.502 15 50 
17.581 15 50 
17.675 15 50 
17.752 15 50 
17.816 15 50 
17.894 15 50 
17.972 15 50 
18.032 15 50 
18.143 15 50 
18.221 15 50 
18.299 15 50 
18.392 15 50 
18.471 15 50 
18.548 15 50 
18.611 15 50 
18.673 15 50 
18.752 15 50 
18.845 15 50 
18.939 15 50 
19.018 15 50 
19.111 15 50 
19.175 15 50 
19.236 15 50 
19.314 15 50 
19.377 15 50 
19.44 15 50 
19.518 15 50 
19.597 15 50 
19.674 15 50 
19.751 15 50 
19.815 15 50 
19.876 15 50 
19.939 15 50 
20.001 15 50 
20.064 15 50 
20.159 15 50 
20.236 15 50 
20.299 15 50 
20.393 15 50 
20.471 15 50 
20.549 15 50 
