0.7 -0.0265915 0.00473309 -0.571921 -0.395937 
0.733333 -0.0281483 0.00566704 -0.645145 -0.669998 
0.766667 -0.0292245 0.00641758 -0.697641 -0.94709 
0.8 -0.030043 0.00695196 -0.735226 -1.22399 
0.833333 -0.0305611 0.00733269 -0.761934 -1.50062 
0.866667 -0.0309595 0.00759301 -0.781565 -1.77791 
0.9 -0.0311745 0.00776889 -0.79437 -2.05358 
0.933333 -0.0312944 0.00787227 -0.802243 -2.32768 
0.966667 -0.0314284 0.00803469 -0.80684 -2.60052 
1 -0.03159 0.00817777 -0.812169 -2.87577 
1.03333 -0.0316351 0.00823831 -0.814935 -3.14975 
1.06667 -0.0316129 0.00823541 -0.815273 -3.42179 
1.1 -0.0316223 0.00830195 -0.818863 -3.69779 
1.13333 -0.0316142 0.0083715 -0.821962 -3.97441 
1.16667 -0.0316106 0.00839685 -0.825847 -4.25298 
1.2 -0.0500455 0.00721609 -0.91891 -4.63812 
1.23333 -0.0543147 0.00999996 -1.07529 -5.12903 
1.26667 -0.0574337 0.0121043 -1.18714 -5.61949 
1.3 -0.0596666 0.0136016 -1.26606 -6.10837 
1.33333 -0.0427054 0.0158064 -1.17808 -6.42654 
1.36667 -0.0394145 0.0138617 -1.02005 -6.63268 
1.4 -0.0369802 0.0125503 -0.90507 -6.83697 
1.43333 -0.035188 0.0116194 -0.822073 -7.04068 
1.46667 -0.0338616 0.0110184 -0.763171 -7.24517 
1.5 -0.0330083 0.0105219 -0.722402 -7.45144 
1.53333 -0.0322643 0.0101723 -0.693594 -7.65823 
1.56667 -0.0317505 0.0099457 -0.673713 -7.86596 
1.6 -0.0313854 0.00966624 -0.661842 -8.07652 
1.63333 -0.0311405 0.00950734 -0.653283 -8.28703 
1.66667 -0.0309267 0.00943116 -0.647519 -8.49799 
1.7 -0.0307681 0.00924722 -0.643103 -8.70861 
1.73333 -0.0306164 0.00906491 -0.637386 -8.91623 
1.76667 -0.0305565 0.00898169 -0.633386 -9.12397 
1.8 -0.0305403 0.00891978 -0.629178 -9.33013 
1.83333 -0.0305445 0.00890952 -0.625767 -9.53583 
1.86667 -0.0304086 0.00886662 -0.621176 -9.739 
1.9 -0.0303153 0.00888544 -0.61825 -9.94261 
1.93333 -0.0118155 0.0101339 -0.526275 -10.0401 
1.96667 -0.00744619 0.00736707 -0.372392 -10.0339 
2 -0.00434859 0.00526901 -0.262978 -10.0289 
2.03333 -0.0020811 0.00381272 -0.185024 -10.0245 
2.06667 -0.000415701 0.00272451 -0.129386 -10.0205 
2.1 0.000735593 0.00187125 -0.0912066 -10.0186 
2.13333 -0.0162261 -0.000240953 0.0237393 -9.91327 
2.16667 -0.0189651 0.00302363 0.0204006 -9.9093 
2.2 -0.0209342 0.00533288 0.0190471 -9.90409 
2.23333 -0.0222952 0.00696396 0.0181378 -9.89882 
2.26667 -0.0232069 0.0081754 0.0180888 -9.89283 
2.3 -0.023909 0.00908302 0.0192834 -9.88539 
2.33333 -0.0242966 0.00980355 0.0226148 -9.87503 
2.36667 -0.0246467 0.0103082 0.023504 -9.86644 
2.4 -0.0248326 0.010657 0.0233168 -9.85883 
2.43333 -0.0250275 0.0109738 0.0226456 -9.85185 
2.46667 -0.0251476 0.0112243 0.020145 -9.84725 
2.5 -0.0251522 0.0113641 0.0192862 -9.84155 
2.53333 -0.0250527 0.0115565 0.0152255 -9.83992 
2.56667 -0.0250692 0.0115739 0.0114486 -9.8393 
2.6 -0.0251054 0.011642 0.00824757 -9.83926 
2.63333 -0.0252802 0.0116108 0.0079672 -9.83684 
2.66667 -0.0252846 0.0115836 0.00873796 -9.83328 
2.7 -0.0251693 0.0115211 0.0104572 -9.82834 
2.73333 -0.0251092 0.0115122 0.0132344 -9.82157 
2.76667 -0.0250925 0.0114189 0.0158097 -9.81412 
2.8 -0.0250216 0.0114205 0.0186444 -9.8055 
2.83333 -0.0250062 0.0114929 0.0213744 -9.79607 
2.86667 -0.00718465 0.0130709 -0.0650109 -9.89092 
2.9 -0.0038825 0.00942486 -0.042543 -9.88606 
2.93333 -0.00153752 0.00677416 -0.027081 -9.88199 
2.96667 0.000289428 0.00491431 -0.016167 -9.87813 
3 0.00150114 0.00356898 -0.00895831 -9.87501 
3.03333 0.0023428 0.00248212 -0.00464223 -9.87291 
3.06667 0.00291072 0.00175619 -0.00310964 -9.87264 
3.1 0.00338289 0.00114825 0.000756118 -9.86912 
3.13333 0.00365464 0.00066142 0.00437264 -9.86459 
3.16667 0.00388576 0.00030924 0.00808024 -9.85876 
3.2 0.00406541 6.89473e-005 0.0105682 -9.85313 
3.23333 0.00414087 -0.000107679 0.0135086 -9.84614 
3.26667 0.00414442 -0.00026042 0.0186549 -9.83556 
3.3 0.00429267 -0.000314803 0.0222807 -9.82506 
3.33333 0.00423269 -0.000357 0.0236997 -9.81596 
3.36667 0.00434904 -0.000338544 0.0232435 -9.8086 
3.4 0.00440648 -0.000305798 0.0218836 -9.80245 
3.43333 0.00435669 -0.000265653 0.0213838 -9.79575 
3.46667 0.00432141 -0.000233747 0.0177537 -9.79291 
3.5 0.00425126 -0.0001966 0.0157643 -9.78934 
3.53333 0.00433113 -0.000236293 0.0131057 -9.78722 
3.56667 0.00434408 -0.00029271 0.0110246 -9.78531 
3.6 0.00432056 -0.000382863 0.0101044 -9.78272 
3.63333 0.00428734 -0.000503846 0.011832 -9.77731 
3.66667 0.00431998 -0.000523 0.0126852 -9.77236 
3.7 0.00419873 -0.000553669 0.0155048 -9.7648 
3.73333 0.00421667 -0.000608027 0.0172603 -9.75756 
3.76667 0.0042502 -0.000565864 0.0187871 -9.75001 
3.8 0.00422687 -0.000634494 0.0221478 -9.73978 
3.83333 0.00422791 -0.000605534 0.0221717 -9.73237 
3.86667 0.00415616 -0.000499774 0.0210024 -9.72636 
3.9 0.00410915 -0.000413952 0.0201884 -9.72032 
3.93333 0.00404691 -0.000374506 0.0201818 -9.7136 
3.96667 0.00398212 -0.000302438 0.0185999 -9.70874 
4 0.00407956 -0.00027078 0.0154873 -9.70621 
4.03333 0.00405485 -0.000297777 0.0138092 -9.70303 
4.06667 0.00424932 -0.000341088 0.0123232 -9.70018 
4.1 0.00432861 -0.00031817 0.011902 -9.69657 
4.13333 0.0041955 -0.000403307 0.0130336 -9.69127 
4.16667 0.00415846 -0.00044581 0.0140519 -9.68572 
4.2 0.00415793 -0.000586301 0.0147289 -9.68024 
4.23333 0.00419632 -0.000566534 0.0185584 -9.67081 
4.26667 0.00415529 -0.000607305 0.0208044 -9.66197 
4.3 0.00410879 -0.000665754 0.0229366 -9.65252 
4.33333 0.00409111 -0.000644139 0.0251167 -9.6423 
4.36667 0.00413899 -0.000555298 0.0255943 -9.63337 
4.4 0.00419797 -0.00053385 0.0264811 -9.62379 
4.43333 0.00420919 -0.000435731 0.0251263 -9.61656 
4.46667 0.00419394 -0.000436618 0.0234814 -9.61013 
4.5 0.00430756 -0.0004367 0.0210872 -9.60512 
4.53333 0.00444112 -0.000409722 0.0180183 -9.60172 
4.56667 0.00444492 -0.000339507 0.0158773 -9.59824 
4.6 0.00447564 -0.000394402 0.014456 -9.59462 
4.63333 0.00460812 -0.000493274 0.0129057 -9.59164 
4.66667 0.00471076 -0.000558614 0.0120975 -9.58829 
4.7 0.00475089 -0.000651186 0.0140646 -9.58193 
4.73333 0.00459957 -0.000727146 0.0159329 -9.57504 
4.76667 0.00459882 -0.000720276 0.017232 -9.56819 
4.8 0.00441712 -0.00075603 0.0220625 -9.55675 
4.83333 0.0044568 -0.000840393 0.0256791 -9.54513 
4.86667 0.0045799 -0.000813506 0.0265921 -9.53549 
4.9 0.00458339 -0.00080799 0.0263732 -9.52688 
4.93333 0.00465011 -0.000660974 0.026236 -9.51825 
4.96667 0.0046907 -0.000607216 0.0212779 -9.51536 
5 0.00462124 -0.000499329 0.0194961 -9.51037 
5.03333 0.0047559 -0.000337826 0.0185864 -9.50495 
5.06667 0.00484304 -0.000371787 0.0172078 -9.50038 
5.1 0.0048952 -0.000398706 0.0146542 -9.49766 
5.13333 0.00488925 -0.000480014 0.0137753 -9.49381 
5.16667 0.00493966 -0.000636019 0.0131384 -9.48997 
5.2 0.00495443 -0.000708752 0.0136773 -9.48495 
5.23333 0.00490257 -0.000779604 0.015349 -9.47842 
5.26667 0.0046984 -0.000702976 0.0160241 -9.47251 
5.3 0.00471863 -0.000811911 0.0192451 -9.46337 
5.33333 0.00475584 -0.00085432 0.0225141 -9.45309 
5.36667 0.00470614 -0.000874303 0.0254125 -9.44217 
5.4 0.00465703 -0.000817267 0.0277385 -9.43095 
5.43333 0.00466823 -0.000746461 0.0265527 -9.4231 
5.46667 0.00474964 -0.000745856 0.0252337 -9.41581 
5.5 0.00480145 -0.000706919 0.0252669 -9.40736 
5.53333 0.0048589 -0.000619629 0.0221282 -9.40264 
5.56667 0.00488659 -0.000494861 0.0206179 -9.39705 
5.6 0.00487066 -0.000552307 0.0184434 -9.39274 
5.63333 0.00490505 -0.000551666 0.0153375 -9.39026 
5.66667 0.00494757 -0.000604181 0.0146847 -9.38592 
5.7 0.00493422 -0.000738212 0.0149607 -9.3807 
5.73333 0.00491853 -0.000806532 0.0168343 -9.3735 
5.76667 0.00482845 -0.000907505 0.0172317 -9.36742 
5.8 0.0048201 -0.000939315 0.0184388 -9.36025 
5.83333 0.00480822 -0.00101585 0.0209347 -9.35116 
5.86667 0.00480505 -0.00100474 0.0219103 -9.34303 
5.9 0.00479803 -0.000978334 0.0240409 -9.33321 
5.93333 0.00474412 -0.0009266 0.025579 -9.32338 
5.96667 0.00478177 -0.000877239 0.0259983 -9.31436 
6 0.00486749 -0.000895004 0.0259024 -9.3058 
6.03333 0.00483701 -0.000799732 0.0236536 -9.29982 
6.06667 0.0049532 -0.000719664 0.0214372 -9.29456 
6.1 0.00495646 -0.000608899 0.0185059 -9.29087 
6.13333 0.00501144 -0.00062021 0.0161888 -9.28744 
6.16667 0.00509945 -0.00064542 0.0142611 -9.28432 
6.2 0.0051036 -0.000625889 0.0139115 -9.27998 
6.23333 0.00508597 -0.000689996 0.0138571 -9.2754 
6.26667 0.00513179 -0.000798789 0.0137596 -9.2709 
6.3 0.00512708 -0.000942581 0.0149741 -9.26488 
6.33333 0.00516597 -0.00100129 0.0161445 -9.25851 
6.36667 0.00515166 -0.00100398 0.0189389 -9.24983 
6.4 0.00509583 -0.000965454 0.0220672 -9.23982 
6.43333 0.00508171 -0.000923772 0.0255346 -9.22837 
6.46667 0.00520224 -0.000997271 0.0256706 -9.2197 
6.5 0.00518444 -0.000957469 0.0250622 -9.21186 
6.53333 0.00523613 -0.000806226 0.0244124 -9.20427 
6.56667 0.00523572 -0.000722999 0.0224806 -9.19842 
6.6 0.00527751 -0.000652267 0.0213258 -9.19229 
6.63333 0.0053185 -0.00063222 0.0184596 -9.18856 
