0.246 15 -40 
0.34 15 -40 
0.435 15 -40 
0.512 15 -40 
0.622 15 -40 
0.701 15 -40 
0.778 15 -40 
0.857 15 -40 
0.935 15 -40 
1.027 15 -40 
1.091 15 -40 
1.153 15 -40 
1.216 15 -40 
1.293 15 -40 
1.356 15 -40 
1.418 15 -40 
1.481 15 -40 
1.56 15 -40 
1.653 15 -40 
1.715 15 -40 
1.778 15 -40 
1.841 15 -40 
1.904 15 -40 
1.982 15 -40 
2.043 15 -40 
2.121 15 -40 
2.184 15 -40 
2.247 15 -40 
2.308 15 -40 
2.371 15 -40 
2.434 15 -40 
2.512 15 -40 
2.574 15 -40 
2.653 15 -40 
2.715 15 -40 
2.778 15 -40 
2.84 15 -40 
2.918 15 -40 
2.981 15 -40 
3.044 15 -40 
3.105 15 -40 
3.168 15 -40 
3.232 15 -40 
3.308 15 -40 
3.388 15 -40 
3.451 15 -40 
3.512 15 -40 
3.575 15 -40 
3.637 15 -40 
3.716 15 -40 
3.777 15 -40 
3.84 15 -40 
3.918 15 -40 
3.98 15 -40 
4.044 15 -40 
4.121 15 -40 
4.199 15 -40 
4.278 15 -40 
4.34 15 -40 
4.403 15 -40 
4.482 15 -40 
4.543 15 -40 
4.607 15 -40 
4.669 15 -40 
4.747 15 -40 
4.81 15 -40 
4.887 15 -40 
4.951 15 -40 
5.012 15 -40 
5.075 15 -40 
5.137 15 -40 
5.215 15 -40 
5.278 15 -40 
5.356 15 -40 
5.42 15 -40 
5.481 15 -40 
5.544 15 -40 
5.605 15 -40 
5.684 15 -40 
5.746 15 -40 
5.81 15 -40 
5.871 15 -40 
5.933 15 -40 
6.012 15 -40 
6.091 15 -40 
6.154 15 -40 
6.216 15 -40 
6.279 15 -40 
6.341 15 -40 
6.402 15 -40 
6.48 15 -40 
6.543 15 -40 
6.622 15 -40 
6.684 15 -40 
6.747 15 -40 
6.81 15 -40 
6.888 15 -40 
6.949 15 -40 
7.012 15 -40 
7.074 15 -40 
7.138 15 -40 
7.2 15 -40 
7.278 15 -40 
7.355 15 -40 
7.419 15 -40 
7.48 15 -40 
7.543 15 -40 
7.606 15 -40 
7.684 15 -40 
7.763 15 -40 
7.84 15 -40 
7.903 15 -40 
7.98 15 -40 
8.044 15 -40 
8.121 15 -40 
8.185 15 -40 
8.247 15 -40 
8.309 15 -40 
8.371 15 -40 
8.435 15 -40 
8.513 15 -40 
8.591 15 -40 
8.637 15 -40 
8.699 15 -40 
8.778 15 -40 
8.841 15 -40 
8.918 15 -40 
8.981 15 -40 
9.044 15 -40 
9.122 15 -40 
9.199 15 -40 
9.293 15 -40 
9.356 15 -40 
9.419 15 -40 
9.481 15 -40 
9.544 15 -40 
9.607 15 -40 
9.685 15 -40 
9.762 15 -40 
9.841 15 -40 
9.918 15 -40 
9.98 15 -40 
10.044 15 -40 
10.121 15 -40 
10.185 15 -40 
10.247 15 -40 
10.309 15 -40 
10.371 15 -40 
10.435 15 -40 
10.513 15 -40 
10.574 15 -40 
10.653 15 -40 
10.715 15 -40 
10.778 15 -40 
10.84 15 -40 
10.918 15 -40 
10.981 15 -40 
11.043 15 -40 
11.107 15 -40 
11.185 15 -40 
11.294 15 -40 
11.356 15 -40 
11.418 15 -40 
11.481 15 -40 
11.543 15 -40 
11.607 15 -40 
11.685 15 -40 
11.748 15 -40 
11.809 15 -40 
11.872 15 -40 
11.95 15 -40 
12.013 15 -40 
12.091 15 -40 
12.154 15 -40 
12.215 15 -40 
12.278 15 -40 
12.341 15 -40 
12.402 15 -40 
12.481 15 -40 
12.543 15 -40 
12.621 15 -40 
12.685 15 -40 
12.747 15 -40 
12.809 15 -40 
12.888 15 -40 
12.949 15 -40 
13.012 15 -40 
13.075 15 -40 
13.137 15 -40 
13.199 15 -40 
13.294 15 -40 
13.357 15 -40 
13.419 15 -40 
13.482 15 -40 
13.544 15 -40 
13.606 15 -40 
13.684 15 -40 
13.747 15 -40 
13.81 15 -40 
13.872 15 -40 
13.95 15 -40 
14.013 15 -40 
14.09 15 -40 
14.153 15 -40 
14.215 15 -40 
14.277 15 -40 
14.357 15 -40 
14.449 15 -40 
14.527 15 -40 
14.575 15 -40 
14.637 15 -40 
14.715 15 -40 
14.779 15 -40 
14.841 15 -40 
14.919 15 -40 
14.982 15 -40 
15.044 15 -40 
15.106 15 -40 
