0.7 -0.0341365 -0.00970873 0.233828 -0.349455 
0.733333 -0.0336708 -0.00981562 0.236285 -0.209386 
0.766667 -0.0278071 -0.00932514 0.198395 -0.204247 
0.8 -0.0219427 -0.00897985 0.236042 -0.0677745 
0.833333 -0.0134912 -0.00714453 0.181903 -0.0567777 
0.866667 -0.00719529 -0.00585311 0.141552 -0.0453737 
0.9 -0.00269267 -0.00462138 0.113342 -0.0320111 
0.933333 0.000574122 -0.00363858 0.0936643 -0.0176154 
0.966667 0.00298725 -0.00283548 0.0787046 -0.00410175 
1 0.00479793 -0.00231259 0.0662988 0.00747077 
1.03333 0.00613885 -0.00186473 0.0547719 0.0159585 
1.06667 0.00721048 -0.00161715 0.0430437 0.0203685 
1.1 0.00796739 -0.00139752 0.0329554 0.022806 
1.13333 0.00851374 -0.00132497 0.0250874 0.0245019 
1.16667 0.00894376 -0.0014148 0.0212467 0.0283301 
1.2 0.00926736 -0.00154501 0.0197331 0.0336252 
1.23333 0.00964781 -0.00167396 0.0225771 0.04356 
1.26667 0.00989055 -0.00177847 0.0275735 0.0569837 
1.3 0.0101287 -0.00185664 0.0324806 0.0719675 
1.33333 0.0103417 -0.00193728 0.037774 0.089043 
1.36667 0.0104226 -0.00194042 0.0398316 0.104063 
1.4 0.0104973 -0.00188369 0.0397926 0.117294 
1.43333 -0.00403441 -0.00155246 -0.0812191 -0.0122909 
1.46667 -0.00767492 -0.00178213 -0.273688 -0.266565 
1.5 -0.0101888 -0.00197227 -0.414228 -0.523697 
1.53333 -0.011927 -0.00206644 -0.515634 -0.781479 
1.56667 -0.0131425 -0.00205963 -0.589556 -1.04062 
1.6 -0.0140063 -0.00211029 -0.641918 -1.29895 
1.63333 -0.0144949 -0.00222756 -0.675227 -1.55224 
1.66667 -0.0148406 -0.0023052 -0.697979 -1.80417 
1.7 -0.0150983 -0.00239707 -0.711784 -2.05313 
1.73333 -0.0152313 -0.00245613 -0.719438 -2.29943 
1.76667 -0.0153351 -0.00249553 -0.725167 -2.546 
1.8 -0.0154433 -0.00253701 -0.727039 -2.78993 
1.83333 -0.0153775 -0.00250188 -0.72925 -3.03489 
1.86667 -0.0152432 -0.00239661 -0.733087 -3.2825 
1.9 -0.0151747 -0.0022734 -0.738892 -3.53372 
1.93333 -0.0151401 -0.00218045 -0.744662 -3.78683 
1.96667 -0.0151641 -0.00209492 -0.752425 -4.04421 
2 -0.0151649 -0.00200075 -0.760533 -4.30459 
2.03333 -0.0151319 -0.00206757 -0.762982 -4.56099 
2.06667 -0.0151802 -0.00210113 -0.764049 -4.81658 
2.1 -0.0151121 -0.00220877 -0.761188 -5.06789 
2.13333 -0.0151434 -0.00235462 -0.757012 -5.31669 
2.16667 -0.000583123 -0.00271887 -0.633196 -5.42286 
2.2 0.00311113 -0.00244675 -0.440094 -5.40598 
2.23333 0.00580111 -0.00222566 -0.299485 -5.38669 
2.26667 0.00774684 -0.00200977 -0.199763 -5.3688 
2.3 0.00918683 -0.00190423 -0.129053 -5.35192 
2.33333 0.0103188 -0.00173734 -0.081614 -5.33894 
2.36667 0.0110816 -0.00163701 -0.0508015 -5.32977 
2.4 0.0116675 -0.00156114 -0.0306217 -5.32288 
2.43333 0.0121244 -0.00147718 -0.0191964 -5.3196 
2.46667 0.012377 -0.0013683 -0.0130413 -5.31874 
2.5 0.0126604 -0.00160331 -0.00290582 -5.31112 
2.53333 0.0129075 -0.00179659 0.00438428 -5.30348 
2.56667 0.0129894 -0.0019978 0.0124884 -5.29245 
2.6 0.0131278 -0.00218583 0.0201707 -5.27922 
2.63333 0.013192 -0.00232345 0.0295602 -5.26141 
2.66667 0.0133387 -0.0023109 0.0359166 -5.24406 
2.7 0.0135157 -0.00225418 0.0412762 -5.22576 
2.73333 0.0136169 -0.00223629 0.046349 -5.20601 
2.76667 0.0137205 -0.00201577 0.0435494 -5.19387 
2.8 0.0137872 -0.00191479 0.04299 -5.18001 
2.83333 0.0138661 -0.00170114 0.0375301 -5.17213 
2.86667 0.0140417 -0.0015507 0.0313686 -5.16689 
2.9 0.0142574 -0.00144818 0.0255466 -5.16331 
2.93333 0.0145326 -0.00154834 0.0228874 -5.15793 
2.96667 0.0146334 -0.00161017 0.02153 -5.1519 
3 0.0146657 -0.00176424 0.022467 -5.14362 
3.03333 0.0146361 -0.00187779 0.0245038 -5.13373 
3.06667 0.0146829 -0.00202649 0.030513 -5.11846 
3.1 0.0146467 -0.00211218 0.0360774 -5.10172 
3.13333 0.0145974 -0.0022176 0.0427321 -5.08184 
3.16667 0.0146605 -0.00228304 0.0472744 -5.06224 
3.2 0.0148208 -0.00229317 0.0500823 -5.04316 
3.23333 0.0148031 -0.00207066 0.0482053 -5.02869 
3.26667 0.0148588 -0.00189265 0.0460125 -5.01521 
3.3 0.0148959 -0.0017352 0.0414594 -5.00524 
3.33333 0.0147999 -0.00155503 0.0358508 -4.99804 
3.36667 0.014774 -0.00121191 0.0265207 -4.99711 
3.4 0.0147153 -0.00123041 0.0226724 -4.99281 
3.43333 0.014644 -0.00143017 0.0218874 -4.98618 
3.46667 0.0147207 -0.00156654 0.0238766 -4.97654 
3.5 0.0146548 -0.00182854 0.028608 -4.96299 
3.53333 0.0147195 -0.00205693 0.0334233 -4.94777 
3.56667 0.0147747 -0.00230794 0.0411374 -4.92752 
3.6 0.0147987 -0.00254483 0.0489644 -4.90457 
3.63333 0.0147493 -0.00257188 0.0533584 -4.88306 
3.66667 0.00626414 -0.00478368 0.129976 -4.77483 
3.7 0.00521054 -0.00291099 0.108797 -4.75651 
3.73333 0.00446687 -0.00159312 0.0910481 -4.7412 
