0.408 30 -30 
0.502 30 -30 
0.595 30 -30 
0.673 30 -30 
0.782 30 -30 
0.86 30 -30 
0.938 30 -30 
1.018 30 -30 
1.095 30 -30 
1.173 30 -30 
1.268 30 -30 
1.345 30 -30 
1.44 30 -30 
1.533 30 -30 
1.627 30 -30 
1.69 30 -30 
1.767 30 -30 
1.83 30 -30 
1.892 30 -30 
1.956 30 -30 
2.017 30 -30 
2.095 30 -30 
2.173 30 -30 
2.268 30 -30 
2.345 30 -30 
2.438 30 -30 
2.563 30 -30 
2.643 30 -30 
2.721 30 -30 
2.798 30 -30 
2.907 30 -30 
3.018 30 -30 
3.096 30 -30 
3.158 30 -30 
3.237 30 -30 
3.345 30 -30 
3.423 30 -30 
3.502 30 -30 
3.58 30 -30 
3.673 30 -30 
3.768 30 -30 
3.831 30 -30 
3.892 30 -30 
3.956 30 -30 
4.017 30 -30 
4.112 30 -30 
4.189 30 -30 
4.266 30 -30 
4.361 30 -30 
4.424 30 -30 
4.502 30 -30 
4.595 30 -30 
4.674 30 -30 
4.767 30 -30 
4.846 30 -30 
4.955 30 -30 
5.034 30 -30 
5.095 30 -30 
5.159 30 -30 
5.221 30 -30 
5.299 30 -30 
5.376 30 -30 
5.455 30 -30 
5.534 30 -30 
5.628 30 -30 
5.736 30 -30 
5.814 30 -30 
5.891 30 -30 
5.955 30 -30 
6.017 30 -30 
6.095 30 -30 
6.157 30 -30 
6.236 30 -30 
6.329 30 -30 
6.393 30 -30 
6.455 30 -30 
6.532 30 -30 
6.595 30 -30 
6.657 30 -30 
6.72 30 -30 
6.829 30 -30 
6.94 30 -30 
7.034 30 -30 
7.095 30 -30 
7.158 30 -30 
7.252 30 -30 
7.331 30 -30 
7.393 30 -30 
7.456 30 -30 
7.518 30 -30 
7.58 30 -30 
7.658 30 -30 
7.735 30 -30 
7.814 30 -30 
7.892 30 -30 
7.955 30 -30 
8.017 30 -30 
8.079 30 -30 
8.174 30 -30 
8.267 30 -30 
8.361 30 -30 
8.455 30 -30 
8.533 30 -30 
8.596 30 -30 
8.659 30 -30 
8.752 30 -30 
8.815 30 -30 
8.876 30 -30 
8.97 30 -30 
9.049 30 -30 
9.127 30 -30 
9.205 30 -30 
9.284 30 -30 
9.376 30 -30 
9.485 30 -30 
