0.411 30 -30 
0.55 30 -30 
0.643 30 -30 
0.754 30 -30 
0.832 30 -30 
0.926 30 -30 
1.019 30 -30 
1.098 30 -30 
1.19 30 -30 
1.253 30 -30 
1.332 30 -30 
1.409 30 -30 
1.519 30 -30 
1.598 30 -30 
1.723 30 -30 
1.801 30 -30 
1.894 30 -30 
1.973 30 -30 
2.05 30 -30 
2.144 30 -30 
2.238 30 -30 
2.332 30 -30 
2.44 30 -30 
2.535 30 -30 
2.629 30 -30 
2.722 30 -30 
2.785 30 -30 
2.862 30 -30 
2.925 30 -30 
2.988 30 -30 
3.05 30 -30 
3.128 30 -30 
3.223 30 -30 
3.317 30 -30 
3.394 30 -30 
3.472 30 -30 
3.566 30 -30 
3.661 30 -30 
3.738 30 -30 
3.832 30 -30 
3.894 30 -30 
3.958 30 -30 
4.02 30 -30 
4.112 30 -30 
4.207 30 -30 
4.301 30 -30 
4.394 30 -30 
4.518 30 -30 
4.597 30 -30 
4.676 30 -30 
4.754 30 -30 
4.831 30 -30 
4.895 30 -30 
4.956 30 -30 
5.034 30 -30 
5.129 30 -30 
5.223 30 -30 
5.317 30 -30 
5.394 30 -30 
5.456 30 -30 
5.519 30 -30 
5.613 30 -30 
5.708 30 -30 
5.786 30 -30 
5.862 30 -30 
5.941 30 -30 
6.019 30 -30 
6.113 30 -30 
6.191 30 -30 
6.268 30 -30 
6.362 30 -30 
6.457 30 -30 
6.535 30 -30 
6.597 30 -30 
6.66 30 -30 
6.723 30 -30 
6.785 30 -30 
6.878 30 -30 
6.957 30 -30 
7.019 30 -30 
7.082 30 -30 
7.16 30 -30 
7.254 30 -30 
7.333 30 -30 
7.395 30 -30 
7.472 30 -30 
7.565 30 -30 
7.659 30 -30 
7.754 30 -30 
7.831 30 -30 
7.91 30 -30 
7.972 30 -30 
8.05 30 -30 
8.129 30 -30 
8.191 30 -30 
8.254 30 -30 
8.317 30 -30 
8.409 30 -30 
8.504 30 -30 
8.598 30 -30 
8.659 30 -30 
8.723 30 -30 
8.817 30 -30 
8.894 30 -30 
8.957 30 -30 
9.036 30 -30 
9.114 30 -30 
9.207 30 -30 
9.27 30 -30 
9.332 30 -30 
