0.333333 0.080451 -0.017787 1.239322 0.088277 0.806773 0.184936 
0.366667 0.101800 -0.012065 1.096650 0.106663 0.809328 0.184926 
0.400000 0.120293 -0.005862 0.689982 0.166554 0.814275 0.183437 
0.433333 0.129606 0.008334 0.070949 0.179462 0.818368 0.185381 
0.466667 0.131268 0.014922 -0.416627 0.152487 0.821320 0.186702 
0.500000 0.125204 0.004164 -0.640760 0.134826 0.826978 0.187550 
0.533333 0.113237 -0.015614 -0.767186 0.126863 0.830734 0.187934 
0.566667 0.106361 -0.032664 -0.766802 0.094022 0.833581 0.187610 
0.600000 0.108180 -0.043088 -0.378194 0.065243 0.837900 0.186355 
0.633333 0.110126 -0.043413 0.398418 0.053506 0.841114 0.185044 
0.666667 0.105732 -0.038506 1.168990 0.095645 0.845589 0.183845 
0.700000 0.102082 -0.026627 1.557713 0.145643 0.848626 0.183221 
0.733333 0.104331 -0.010673 1.476594 0.195281 0.851854 0.183196 
0.766667 0.109536 0.002935 1.024967 0.243377 0.855940 0.183382 
0.800000 0.111671 0.006432 0.437804 0.274397 0.859017 0.185323 
0.833333 0.109293 0.000210 0.021370 0.267332 0.862762 0.186546 
0.866667 0.106341 -0.008429 -0.155329 0.255089 0.866171 0.187017 
0.900000 0.104182 -0.012438 -0.297890 0.271614 0.869683 0.187432 
0.933333 0.100637 -0.007771 -0.501995 0.245452 0.872903 0.187636 
0.966667 0.095075 -0.010533 -0.654653 0.224009 0.876930 0.189193 
1.000000 0.095647 -0.024008 -0.641306 0.209425 0.879022 0.188576 
1.033330 0.107960 -0.037860 -0.368606 0.180978 0.882745 0.188637 
1.066670 0.124472 -0.045500 0.219473 0.182134 0.887238 0.187645 
1.100000 0.136040 -0.037607 0.954110 0.183443 0.890832 0.186762 
1.133330 0.138187 -0.025893 1.465496 0.250701 0.897391 0.186750 
1.166670 0.141761 -0.010307 1.534821 0.297111 0.900674 0.187542 
1.200000 0.144446 -0.006557 1.242644 0.345957 0.904416 0.188329 
1.233330 0.135079 -0.010077 0.748314 0.374941 0.911668 0.191728 
1.266670 0.117143 -0.012184 0.217462 0.406838 0.913374 0.190582 
1.300000 0.102515 -0.002755 -0.129560 0.388120 0.917613 0.193092 
1.333330 0.092047 0.004679 -0.263959 0.376928 0.920995 0.193771 
1.366670 0.090243 0.002270 -0.445601 0.378461 0.923191 0.195556 
1.400000 0.103165 -0.010283 -0.746148 0.368434 0.925687 0.196008 
1.433330 0.125112 -0.026078 -0.781819 0.327924 0.929787 0.197527 
1.466670 0.144864 -0.039451 -0.249281 0.291099 0.934766 0.197141 
1.500000 0.155628 -0.047952 0.578599 0.305565 0.939584 0.197923 
1.533330 0.155963 -0.043379 1.217632 0.348725 0.945320 0.196806 
1.566670 0.145283 -0.028660 1.538288 0.396233 0.950979 0.198063 
1.600000 0.128673 -0.013173 1.611352 0.431396 0.955040 0.200110 
1.633330 0.115983 -0.004653 1.324557 0.502493 0.958577 0.200675 
1.666670 0.111915 0.006914 0.623064 0.541371 0.962038 0.202614 
1.700000 0.112059 0.014235 -0.122269 0.546556 0.964993 0.205465 
1.733330 0.118004 0.009286 -0.443425 0.518156 0.968010 0.207486 
1.766670 0.137505 -0.008753 -0.371282 0.499150 0.971119 0.210074 
1.800000 0.164421 -0.028393 -0.357216 0.504083 0.975701 0.211113 
1.833330 0.180038 -0.035898 -0.584612 0.497200 0.982182 0.213057 
1.866670 0.173730 -0.033483 -0.691594 0.464480 0.988201 0.215337 
1.900000 0.152577 -0.032043 -0.326916 0.428352 0.992945 0.216588 
1.933330 0.129882 -0.032988 0.336742 0.437308 0.998212 0.217494 
1.966670 0.117395 -0.023927 0.892261 0.464706 1.002160 0.217988 
2.000000 0.117718 -0.010039 1.236967 0.509206 1.005340 0.219159 
2.033330 0.122863 0.001022 1.486793 0.530786 1.009210 0.221190 
2.066670 0.128509 -0.002315 1.534429 0.600536 1.013270 0.224736 
2.100000 0.140445 -0.002674 1.140164 0.644374 1.015450 0.225018 
2.133330 0.153977 -0.000264 0.450854 0.698121 1.020620 0.229526 
2.166670 0.153223 0.011901 -0.060716 0.658891 1.024400 0.231873 
2.200000 0.140007 0.000754 -0.260116 0.666230 1.028200 0.237195 
2.233330 0.133467 -0.016259 -0.426296 0.667147 1.030570 0.238535 
2.266670 0.145257 -0.019202 -0.634675 0.644189 1.036550 0.239857 
2.300000 0.163266 -0.016119 -0.595885 0.621544 1.039200 0.242960 
2.333330 0.167828 -0.019489 -0.130167 0.592455 1.044970 0.246814 
2.366670 0.153263 -0.028310 0.527891 0.603889 1.050400 0.248732 
2.400000 0.133095 -0.024635 0.987595 0.643792 1.054390 0.249674 
2.433330 0.122797 -0.010347 1.116143 0.673074 1.058430 0.252490 
2.466670 0.124391 -0.006589 1.087441 0.717038 1.060950 0.255275 
2.500000 0.131468 -0.015228 1.127711 0.746964 1.064540 0.256686 
2.533330 0.136200 -0.027842 1.222266 0.775493 1.068350 0.261430 
2.566670 0.136405 -0.031690 1.076077 0.829535 1.072280 0.261862 
2.600000 0.134647 -0.017461 0.544693 0.870607 1.076290 0.264845 
2.633330 0.133765 0.004018 -0.052497 0.866140 1.079720 0.269680 
2.666670 0.142978 0.015208 -0.344974 0.847958 1.080910 0.272007 
2.700000 0.160672 0.014140 -0.410580 0.835069 1.084490 0.275665 
2.733330 0.164315 0.001590 -0.532174 0.835985 1.088320 0.281420 
2.766670 0.149671 -0.012455 -0.651049 0.813994 1.091950 0.285546 
2.800000 0.142837 -0.021195 -0.435886 0.776101 1.096020 0.287015 
2.833330 0.153656 -0.029665 0.177402 0.776621 1.098680 0.289711 
2.866670 0.165632 -0.035407 0.844067 0.783718 1.104590 0.294062 
2.900000 0.169042 -0.041251 1.273821 0.853695 1.109660 0.296837 
2.933330 0.174239 -0.021630 1.530396 0.873219 1.112670 0.299077 
2.966670 0.166978 0.000490 1.642901 0.921558 1.118380 0.303751 
3.000000 0.141842 0.007798 1.380651 1.003380 1.121360 0.311028 
3.033330 0.124058 0.007584 0.734089 1.033290 1.121000 0.311466 
3.066670 0.132870 0.007901 0.080935 1.033120 1.124390 0.316735 
3.100000 0.149635 0.012697 -0.234351 1.040250 1.126740 0.319226 
3.133330 0.150212 0.013835 -0.172908 1.018320 1.128840 0.326435 
3.166670 0.139738 -0.002752 -0.076558 0.999861 1.129900 0.329528 
3.200000 0.140012 -0.032239 -0.352841 1.045750 1.134980 0.333272 
3.233330 0.164717 -0.038714 -0.800014 0.998978 1.136150 0.336284 
3.266670 0.185148 -0.037433 -0.745794 0.967147 1.141870 0.338925 
3.300000 0.175095 -0.035059 -0.012381 0.926125 1.147640 0.348256 
3.333330 0.153685 -0.047478 0.849711 0.969804 1.149710 0.347767 
3.366670 0.159736 -0.049172 1.352712 1.012480 1.155440 0.351779 
3.400000 0.179118 -0.040307 1.573058 1.053000 1.158070 0.355082 
3.433330 0.170775 -0.029074 1.725434 1.110350 1.163830 0.361340 
3.466670 0.139583 -0.010315 1.616670 1.147370 1.166590 0.367335 
3.500000 0.125280 -0.001019 0.942179 1.241900 1.166470 0.367046 
3.533330 0.135754 0.004046 0.039568 1.245710 1.169830 0.373440 
3.566670 0.143628 0.007667 -0.366533 1.201460 1.168620 0.378427 
