0.066667 0.077097 0.016823 -0.953356 0.496986 0.792520 0.183219 
0.100000 0.080417 0.016813 -0.996262 0.470478 0.795731 0.185305 
0.133333 0.088134 0.009558 -1.050249 0.462700 0.798394 0.186361 
0.166667 0.089950 -0.006481 -1.050887 0.441078 0.801067 0.188566 
0.200000 0.087420 -0.024109 -0.793042 0.363519 0.803660 0.189961 
0.233333 0.089156 -0.040304 -0.119221 0.376087 0.807160 0.188119 
0.266667 0.103580 -0.038111 0.723661 0.373790 0.810435 0.188976 
0.300000 0.124008 -0.029828 1.370381 0.404045 0.813763 0.188940 
0.333333 0.133675 -0.025321 1.593476 0.486353 0.818712 0.190046 
0.366667 0.124046 -0.010555 1.462278 0.518673 0.823380 0.191845 
0.400000 0.104512 0.004837 1.152346 0.555636 0.826609 0.194089 
0.433333 0.093646 0.010823 0.712408 0.617268 0.828224 0.194688 
0.466667 0.090922 0.012004 0.190714 0.598696 0.830963 0.198994 
0.500000 0.088552 0.001668 -0.299547 0.620224 0.833041 0.198944 
0.533333 0.084227 -0.008149 -0.616302 0.600278 0.836481 0.201805 
0.566667 0.081089 -0.016049 -0.678673 0.554125 0.836758 0.202533 
0.600000 0.078190 -0.019983 -0.637945 0.554842 0.842076 0.203299 
0.633333 0.081276 -0.012508 -0.649724 0.531031 0.843082 0.204076 
0.666667 0.095497 -0.007706 -0.515706 0.513064 0.845629 0.204771 
0.700000 0.114685 -0.011361 0.031978 0.484942 0.849150 0.207547 
0.733333 0.123554 -0.020917 0.782573 0.492495 0.852471 0.207831 
0.766667 0.113336 -0.029061 1.233448 0.558547 0.857834 0.209425 
0.800000 0.096899 -0.023279 1.321407 0.600607 0.860160 0.211035 
0.833333 0.096073 -0.008131 1.377944 0.621353 0.863810 0.211732 
0.866667 0.116325 0.006185 1.367473 0.668484 0.864862 0.213195 
0.900000 0.138055 0.009605 0.957507 0.746120 0.869395 0.217057 
0.933333 0.146214 0.009138 0.235184 0.744714 0.873189 0.220961 
0.966667 0.153318 -0.009039 -0.410060 0.730858 0.875014 0.223902 
1.000000 0.161157 -0.039503 -0.813422 0.727719 0.879516 0.226540 
1.033330 0.152881 -0.053124 -0.942508 0.683752 0.886100 0.229994 
1.066670 0.126531 -0.051291 -0.721212 0.654379 0.891287 0.230033 
1.100000 0.109346 -0.042373 -0.193944 0.635701 0.893826 0.232083 
1.133330 0.115287 -0.031595 0.417979 0.637557 0.897374 0.232354 
1.166670 0.131543 -0.017100 0.913648 0.672194 0.902243 0.234296 
1.200000 0.144100 0.001451 1.254507 0.702736 0.905540 0.237263 
1.233330 0.144826 0.013165 1.428093 0.740935 0.908541 0.240665 
1.266670 0.129096 0.014167 1.315134 0.806624 0.912331 0.244281 
1.300000 0.105936 0.015992 0.882853 0.830764 0.914757 0.248650 
1.333330 0.099431 0.003613 0.377764 0.879376 0.916207 0.249028 
1.366670 0.113312 -0.011022 0.032783 0.833117 0.916693 0.253598 
1.400000 0.126353 -0.025475 -0.254292 0.868068 0.922255 0.255770 
1.433330 0.126579 -0.017559 -0.546140 0.868827 0.926084 0.256454 
1.466670 0.124909 -0.001593 -0.675089 0.788777 0.927254 0.263248 
1.500000 0.137233 -0.008302 -0.696911 0.811492 0.930976 0.263396 
1.533330 0.152458 -0.009693 -0.653769 0.798869 0.933825 0.265436 
1.566670 0.142159 -0.008953 -0.211647 0.738449 0.940034 0.272884 
1.600000 0.114633 -0.028623 0.622073 0.746072 0.941307 0.273420 
1.633330 0.103481 -0.045197 1.306733 0.816445 0.945262 0.274215 
1.666670 0.120984 -0.038472 1.625169 0.853084 0.949374 0.275798 
1.700000 0.145293 -0.023503 1.678354 0.886979 0.952178 0.278778 
1.733330 0.161738 -0.015691 1.322809 0.964248 0.956527 0.284023 
1.766670 0.175525 -0.007880 0.607873 1.028820 0.959944 0.285523 
1.800000 0.185113 0.011758 0.063054 0.970364 0.962655 0.293774 
1.833330 0.175323 -0.001858 -0.093960 1.002970 0.965215 0.296353 
1.866670 0.139793 -0.015684 -0.168293 1.001630 0.969988 0.304377 
1.900000 0.105696 -0.020028 -0.365505 0.980733 0.971946 0.304595 
1.933330 0.101125 -0.018271 -0.615527 0.974624 0.973906 0.306774 
1.966670 0.117995 -0.017548 -0.666887 0.962399 0.976487 0.309755 
2.000000 0.133014 -0.017854 -0.270902 0.905499 0.979984 0.314162 
2.033330 0.139074 -0.027670 0.402051 0.928253 0.982336 0.315322 
2.066670 0.147757 -0.025716 0.920885 0.956814 0.987505 0.320869 
2.100000 0.165021 -0.017315 1.254242 1.001920 0.989842 0.321671 
2.133330 0.175679 -0.014324 1.695997 1.028440 0.993436 0.327855 
2.166670 0.161406 -0.023996 2.108260 1.084170 0.996516 0.335062 
2.200000 0.145132 -0.038488 2.238362 1.186020 1.000950 0.335496 
