0.7 0.00405179 -0.000504982 0.0260638 0.810463 
0.733333 0.00425742 -0.000543166 0.0294511 0.825547 
0.766667 0.00439446 -0.000547156 0.0315217 0.838712 
0.8 0.00464291 -0.000462964 0.0308784 0.848961 
0.833333 0.00480768 -0.000397965 0.0284041 0.856428 
0.866667 0.0050349 -0.00035942 0.0246107 0.861377 
0.9 0.0050985 -0.000320101 0.0211144 0.865414 
0.933333 0.00515236 -0.000284373 0.0174245 0.868051 
0.966667 0.00537273 -0.000270024 0.014585 0.870488 
1 0.00549536 -0.000286371 0.0129937 0.87347 
1.03333 0.00554622 -0.000316779 0.0116046 0.87616 
1.06667 0.0056402 -0.000456938 0.0119282 0.880409 
1.1 0.00569807 -0.000501193 0.0135032 0.886244 
1.13333 0.00580776 -0.000559849 0.0167579 0.894587 
1.16667 0.00580447 -0.000627451 0.0201547 0.904183 
1.2 0.00582555 -0.00069307 0.0262719 0.918122 
1.23333 0.00590052 -0.000761463 0.0310479 0.932518 
1.26667 0.00583205 -0.000824025 0.0343766 0.946796 
1.3 0.00582214 -0.000851467 0.0354414 0.959512 
1.33333 0.00599194 -0.000821122 0.0346774 0.970424 
1.36667 0.00609169 -0.000745909 0.0325368 0.979456 
1.4 0.00614313 -0.000683532 0.0293514 0.986542 
1.43333 0.00637512 -0.000596604 0.0256059 0.991904 
1.46667 0.00642564 -0.000564819 0.0220867 0.996285 
1.5 0.00653655 -0.000587314 0.0182933 0.99917 
1.53333 0.00653645 -0.000705747 0.017196 1.00397 
1.56667 0.00660218 -0.000774012 0.0165675 1.00896 
1.6 0.00650598 -0.000875054 0.017369 1.01543 
1.63333 0.00650059 -0.000933738 0.0176291 1.02153 
1.66667 0.00666706 -0.00103083 0.0198366 1.03001 
1.7 0.00671952 -0.00114947 0.0230659 1.04043 
1.73333 0.00680788 -0.00125906 0.0275573 1.05342 
1.76667 0.00688927 -0.001296 0.0319516 1.0678 
1.8 0.00693656 -0.00126492 0.0351788 1.08226 
1.83333 0.00698494 -0.00130891 0.0370612 1.09621 
1.86667 0.0070541 -0.00127342 0.0362279 1.10758 
1.9 0.00716039 -0.00118384 0.0351399 1.11837 
1.93333 0.00725211 -0.00110376 0.0311632 1.12539 
1.96667 0.00730092 -0.0010085 0.0283926 1.1325 
2 0.00747302 -0.00089128 0.0247585 1.13768 
2.03333 0.00756731 -0.000871491 0.0209073 1.14138 
2.06667 0.00758456 -0.00088233 0.0184815 1.14549 
2.1 0.00763407 -0.000936079 0.0174087 1.15038 
2.13333 0.00766818 -0.00107639 0.0179815 1.15686 
2.16667 0.00769059 -0.00120805 0.0196082 1.16478 
2.2 0.00776035 -0.00130006 0.0217475 1.17384 
2.23333 0.00779487 -0.00139343 0.0256412 1.18568 
2.26667 0.00783922 -0.00144609 0.0292817 1.19853 
2.3 0.00787913 -0.00157148 0.0351602 1.21523 
2.33333 0.00787711 -0.0015194 0.0387016 1.23113 
2.36667 0.00800659 -0.00153997 0.0426451 1.24869 
2.4 0.00795989 -0.00151204 0.0430807 1.26341 
2.43333 0.00789271 -0.00146679 0.0413605 1.27574 
2.46667 0.00796263 -0.00135749 0.0381535 1.28574 
2.5 0.00799089 -0.00128204 0.0339544 1.29351 
2.53333 0.00801705 -0.00123309 0.0288279 1.29877 
2.56667 0.00816592 -0.00117973 0.0250945 1.30397 
2.6 0.00821638 -0.0011945 0.0217479 1.30839 
2.63333 0.00826451 -0.00120764 0.0191634 1.31259 
2.66667 0.00833545 -0.00132356 0.020212 1.32021 
2.7 0.00839377 -0.00146722 0.0214486 1.32841 
2.73333 0.00839453 -0.00168404 0.0248513 1.33958 
2.76667 0.00838634 -0.00176627 0.0288426 1.35257 
2.8 0.00838131 -0.00188531 0.0327779 1.36683 
2.83333 0.00840524 -0.00198173 0.0376516 1.38351 
2.86667 0.00843627 -0.00201462 0.0415649 1.40068 
2.9 0.00831279 -0.00197872 0.0442267 1.41768 
2.93333 0.00839232 -0.00193292 0.0447838 1.43308 
2.96667 0.00851586 -0.00183892 0.0414935 1.44412 
3 0.00861103 -0.00173514 0.0386415 1.45459 
3.03333 0.00870131 -0.00165833 0.0335931 1.46151 
3.06667 0.00885917 -0.00167788 0.0298082 1.46824 
3.1 0.00888026 -0.00161385 0.0247029 1.47215 
3.13333 0.00903277 -0.0015758 0.0207758 1.47574 
3.16667 0.00912632 -0.00155681 0.0190532 1.48064 
3.2 0.00913627 -0.00167303 0.0197438 1.4878 
3.23333 0.00923761 -0.0018266 0.0221768 1.49726 
3.26667 0.00926221 -0.00194356 0.0255283 1.5086 
3.3 0.00924797 -0.00205894 0.0286407 1.52079 
3.33333 0.00919344 -0.00217074 0.0333266 1.53587 
3.36667 0.0091947 -0.00229185 0.0384598 1.55304 
3.4 0.00915486 -0.00234044 0.0409208 1.56876 
3.43333 0.00914871 -0.00228691 0.0430196 1.58488 
3.46667 0.00910289 -0.00221748 0.0425225 1.59863 
3.5 0.00917134 -0.00210652 0.0412795 1.61134 
3.53333 0.00931199 -0.00197884 0.0394655 1.62296 
3.56667 0.00942287 -0.00189548 0.0358726 1.63187 
3.6 0.00946003 -0.00183278 0.031513 1.63868 
3.63333 0.00965775 -0.00180241 0.0276651 1.64464 
3.66667 0.00973184 -0.00182099 0.022976 1.64833 
3.7 0.00971461 -0.00185358 0.0215177 1.65427 
3.73333 0.00974539 -0.00195615 0.0212757 1.66115 
