0.066667 0.042139 -0.001006 1.214524 0.717593 0.667924 0.254000 
0.100000 0.050049 -0.005701 1.227039 0.768634 0.669920 0.255535 
0.133333 0.054037 -0.012317 1.109108 0.812827 0.670914 0.256555 
0.166667 0.038161 -0.010461 0.711076 0.837181 0.673924 0.258102 
0.200000 0.023663 -0.000100 0.150131 0.866528 0.673793 0.257971 
0.233333 0.032835 0.009442 -0.271435 0.855821 0.673653 0.258452 
0.266667 0.053824 0.013326 -0.319773 0.827835 0.673897 0.259616 
0.300000 0.062160 0.010781 -0.148122 0.828724 0.676882 0.262678 
0.333333 0.057924 0.003109 -0.111397 0.831435 0.676593 0.263646 
0.366667 0.056011 -0.007157 -0.318512 0.827862 0.677860 0.264709 
0.400000 0.057072 -0.011999 -0.580734 0.805819 0.679859 0.266246 
0.433333 0.057721 -0.008449 -0.644024 0.790539 0.681867 0.267279 
0.466667 0.064519 -0.000643 -0.345539 0.759846 0.682863 0.268301 
0.500000 0.072515 -0.000875 0.269836 0.760985 0.683859 0.269322 
0.533333 0.062938 -0.009405 0.885471 0.771804 0.686677 0.272471 
0.566667 0.040380 -0.017660 1.139654 0.829274 0.688944 0.273384 
0.600000 0.034254 -0.016152 1.027037 0.864987 0.688245 0.271739 
0.633333 0.044317 -0.012791 0.881881 0.888418 0.690204 0.273189 
0.666667 0.046223 -0.009969 0.867075 0.906973 0.691911 0.275982 
0.700000 0.041752 -0.001800 0.750629 0.949289 0.692887 0.274984 
0.733333 0.051501 0.013401 0.318804 0.970315 0.693361 0.277013 
0.766667 0.073725 0.021770 -0.232380 0.978986 0.693851 0.278031 
0.800000 0.087261 0.016339 -0.506581 0.943071 0.694791 0.282596 
0.833333 0.080318 -0.001625 -0.392252 0.932887 0.695995 0.283804 
0.866667 0.059316 -0.012933 -0.155400 0.921714 0.698842 0.286879 
0.900000 0.047045 -0.011110 -0.100703 0.925997 0.699797 0.286704 
0.933333 0.054106 -0.004688 -0.256305 0.924534 0.699769 0.286784 
0.966667 0.065104 -0.005949 -0.355633 0.909451 0.702777 0.290791 
1.000000 0.068112 -0.014782 -0.124619 0.893429 0.702946 0.290793 
1.033330 0.067983 -0.018336 0.378012 0.887912 0.705523 0.292944 
1.066670 0.069106 -0.013561 0.806019 0.924915 0.708358 0.293360 
1.100000 0.068610 -0.009568 0.964647 0.956222 0.708024 0.295374 
1.133330 0.061887 -0.012854 0.993276 0.989366 0.711063 0.298492 
1.166670 0.056227 -0.013158 1.003782 1.001640 0.712100 0.297863 
1.200000 0.058303 -0.012193 0.893716 1.066520 0.713092 0.299789 
1.233330 0.065495 -0.009523 0.649754 1.077680 0.714907 0.302215 
1.266670 0.071982 -0.006476 0.383859 1.085940 0.715448 0.303117 
1.300000 0.076215 0.000099 0.082388 1.109020 0.717646 0.305648 
1.333330 0.079103 0.009032 -0.247933 1.105050 0.718451 0.308429 
1.366670 0.081983 0.010489 -0.413025 1.087130 0.718732 0.310256 
1.400000 0.078198 0.002715 -0.336822 1.062850 0.719710 0.312807 
1.433330 0.064371 -0.010364 -0.223749 1.067260 0.722428 0.316774 
1.466670 0.056395 -0.018724 -0.212977 1.066700 0.721995 0.315750 
1.500000 0.063145 -0.018458 -0.191424 1.042440 0.724538 0.317796 
1.533330 0.067072 -0.017517 -0.058692 1.048720 0.726129 0.319414 
1.566670 0.062599 -0.019756 0.147062 1.042670 0.727651 0.322436 
1.600000 0.066856 -0.025822 0.410343 1.064020 0.729239 0.322072 
1.633330 0.086205 -0.026248 0.729728 1.060120 0.730743 0.323617 
1.666670 0.097365 -0.024810 0.992954 1.111140 0.733746 0.327215 
1.700000 0.091191 -0.014423 1.097260 1.138790 0.735995 0.329849 
1.733330 0.079342 -0.004333 1.077901 1.179220 0.736923 0.331115 
1.766670 0.074206 0.000142 0.944182 1.204120 0.737711 0.334901 
1.800000 0.078466 -0.000994 0.605741 1.243040 0.738708 0.336441 
1.833330 0.086061 0.001170 0.128051 1.263090 0.739567 0.338049 
1.866670 0.085183 0.008747 -0.210748 1.239510 0.740654 0.343091 
1.900000 0.079559 0.012385 -0.285100 1.239060 0.740790 0.344616 
1.933330 0.083695 0.012571 -0.279554 1.220930 0.741585 0.346931 
1.966670 0.093380 0.000408 -0.346782 1.234260 0.741890 0.349513 
2.000000 0.090285 -0.014352 -0.373808 1.199770 0.742690 0.354156 
2.033330 0.076691 -0.026253 -0.233874 1.190570 0.746110 0.355451 
2.066670 0.072632 -0.030543 0.017927 1.195370 0.746734 0.356869 
2.100000 0.083273 -0.031992 0.307636 1.194800 0.748186 0.359222 
2.133330 0.089244 -0.030969 0.598725 1.205390 0.751055 0.360989 
2.166670 0.080029 -0.026687 0.825309 1.241370 0.753615 0.365205 
2.200000 0.071621 -0.021079 1.001363 1.266050 0.753574 0.365587 
2.233330 0.074093 -0.017403 1.205204 1.303040 0.755775 0.367803 
2.266670 0.077486 -0.009581 1.336501 1.331300 0.756490 0.370484 
2.300000 0.075477 -0.005967 1.176759 1.410070 0.758607 0.373962 
2.333330 0.074531 -0.006840 0.710940 1.413840 0.756564 0.373935 
2.366670 0.075002 -0.015147 0.134083 1.446350 0.759118 0.379172 
2.400000 0.079659 -0.010707 -0.340632 1.435190 0.759551 0.379944 
2.433330 0.089693 0.002712 -0.574400 1.410040 0.760544 0.382176 
2.466670 0.097284 0.006850 -0.561125 1.399240 0.760062 0.386804 
2.500000 0.100807 0.000082 -0.426231 1.374860 0.760482 0.389975 
2.533330 0.106086 -0.008446 -0.349895 1.358900 0.761840 0.391611 
2.566670 0.106049 -0.015562 -0.331934 1.377540 0.762690 0.396694 
2.600000 0.096820 -0.016928 -0.083373 1.336620 0.764497 0.400046 
2.633330 0.089225 -0.025367 0.472687 1.331430 0.764670 0.401850 
2.666670 0.089178 -0.036405 0.933416 1.388700 0.767415 0.404822 
2.700000 0.090035 -0.036927 1.034156 1.414590 0.768727 0.407436 
2.733330 0.083663 -0.032796 0.991646 1.445430 0.770722 0.410819 
2.766670 0.077340 -0.028264 1.057298 1.476470 0.771407 0.413093 
2.800000 0.077485 -0.023666 1.177908 1.509080 0.772924 0.414655 
2.833330 0.078750 -0.017258 1.121424 1.561740 0.773392 0.418258 
2.866670 0.082169 -0.005219 0.711576 1.583130 0.774379 0.421356 
2.900000 0.095131 0.001222 0.028335 1.615310 0.773854 0.422377 
2.933330 0.111057 0.000822 -0.495339 1.604850 0.773284 0.426996 
2.966670 0.114586 -0.002066 -0.482413 1.546010 0.774009 0.431308 
3.000000 0.104750 -0.014139 -0.178910 1.561520 0.773195 0.434197 
3.033330 0.093796 -0.017627 -0.127202 1.562330 0.775195 0.438345 
3.066670 0.090807 -0.015357 -0.373578 1.561890 0.775170 0.440405 
3.100000 0.093693 -0.013947 -0.469864 1.532360 0.775535 0.443461 
3.133330 0.096545 -0.020986 -0.127442 1.514350 0.776371 0.447821 
3.166670 0.100849 -0.030863 0.438225 1.517660 0.777135 0.449773 
3.200000 0.103823 -0.036417 0.828134 1.556900 0.778917 0.452806 
3.233330 0.100432 -0.031359 0.931293 1.582840 0.780082 0.458520 
3.266670 0.094053 -0.024506 0.919126 1.608570 0.780845 0.459252 
3.300000 0.090376 -0.023531 0.940317 1.645570 0.781047 0.463696 
3.333330 0.086951 -0.022663 0.992137 1.668350 0.781980 0.466393 
3.366670 0.082642 -0.017286 0.952393 1.709130 0.782006 0.469391 
3.400000 0.084243 -0.005647 0.699001 1.734650 0.783003 0.471989 
3.433330 0.095219 0.001525 0.320474 1.769190 0.780911 0.475056 
3.466670 0.110619 0.005328 0.072613 1.747990 0.781608 0.477652 
3.500000 0.118294 -0.003102 0.013206 1.756020 0.779796 0.482276 
3.533330 0.112557 -0.017210 -0.044563 1.764690 0.779363 0.486213 
3.566670 0.105199 -0.025964 -0.217077 1.757850 0.779702 0.490034 
3.600000 0.104246 -0.024816 -0.506160 1.732980 0.780706 0.492121 
3.633330 0.098741 -0.025700 -0.800304 1.746470 0.779785 0.497456 
3.666670 0.094740 -0.020500 -0.920948 1.685950 0.780607 0.500404 
