0.7 0.00230813 0.000634907 -0.00742878 -0.136633 
0.733333 0.00242048 0.000710132 -0.0097206 -0.140523 
0.766667 0.0025401 0.000738472 -0.010939 -0.145574 
0.8 0.00260879 0.000778917 -0.0118115 -0.150461 
0.833333 0.00267115 0.000741698 -0.0115945 -0.154245 
0.866667 0.00276169 0.000731376 -0.0105417 -0.156945 
0.9 0.00287102 0.000723293 -0.00844885 -0.157976 
0.933333 0.0029912 0.000747256 -0.00631164 -0.158276 
0.966667 0.00302638 0.000728751 -0.00520894 -0.159081 
1 0.00300501 0.000772152 -0.00508667 -0.160674 
1.03333 0.00300595 0.000804395 -0.00487286 -0.162113 
1.06667 0.0030925 0.000810748 -0.00490646 -0.163776 
1.1 0.00301771 0.000727833 -0.0073733 -0.168324 
1.13333 0.00302198 0.000878717 -0.00805613 -0.171587 
1.16667 0.00305891 0.000912464 -0.0104327 -0.177078 
1.2 0.00313277 0.000877103 -0.0123139 -0.182776 
1.23333 0.00314883 0.000853812 -0.0134473 -0.188219 
1.26667 0.00311643 0.000850816 -0.0137093 -0.19301 
1.3 0.00312511 0.000764601 -0.0123647 -0.195993 
1.33333 0.00318021 0.000660161 -0.0105194 -0.197936 
1.36667 0.00317918 0.000567524 -0.00933332 -0.200042 
1.4 0.00318925 0.000650636 -0.00715169 -0.200578 
1.43333 0.00322064 0.000732734 -0.0041075 -0.199369 
1.46667 0.00322827 0.000763083 -0.00279116 -0.199184 
1.5 0.00322137 0.00081741 -0.00388504 -0.201406 
1.53333 0.00318996 0.000873946 -0.00594399 -0.205131 
1.56667 0.0032033 0.000915124 -0.00752691 -0.208981 
1.6 0.00316665 0.000917012 -0.0102367 -0.214689 
1.63333 0.00317748 0.000867847 -0.0121188 -0.220323 
1.66667 0.00310113 0.000835198 -0.014124 -0.226729 
1.7 0.00314485 0.00073253 -0.0137946 -0.231048 
1.73333 0.00318618 0.000662859 -0.0120918 -0.233637 
1.76667 0.00329524 0.000593128 -0.00940404 -0.234494 
1.8 0.00323686 0.000575555 -0.00816604 -0.236168 
1.83333 0.003326 0.000637942 -0.00477835 -0.234891 
1.86667 0.00334385 0.000600918 -0.00303342 -0.234424 
1.9 0.0033519 0.000657914 -0.00261674 -0.234943 
1.93333 0.00332193 0.000715495 -0.00340056 -0.23674 
1.96667 0.00338744 0.000721789 -0.0037413 -0.238276 
2 0.00343135 0.000731558 -0.00497694 -0.240982 
2.03333 0.00341836 0.000819622 -0.00806854 -0.24629 
2.06667 0.00340791 0.000914398 -0.011333 -0.252833 
2.1 0.00346222 0.000928561 -0.013746 -0.25946 
2.13333 0.00351058 0.000816564 -0.0142439 -0.264629 
2.16667 0.00358629 0.000697449 -0.0146771 -0.269889 
2.2 0.00362397 0.0006344 -0.0120245 -0.27165 
2.23333 0.00362962 0.00057819 -0.00958 -0.272772 
2.26667 0.00371838 0.000586444 -0.00681692 -0.272704 
2.3 0.00380044 0.000571567 -0.00528568 -0.273169 
2.33333 0.00386837 0.000625183 -0.00511225 -0.274726 
2.36667 0.00391662 0.000707369 -0.00545986 -0.27684 
2.4 0.00399772 0.000726427 -0.00550896 -0.278718 
2.43333 0.00395605 0.000865946 -0.00776002 -0.283212 
2.46667 0.00393812 0.000906145 -0.0101712 -0.288645 
2.5 0.00388636 0.000961462 -0.0131714 -0.295577 
2.53333 0.00396698 0.000968861 -0.0135671 -0.300434 
2.56667 0.00407545 0.000927649 -0.0139764 -0.30544 
2.6 0.00411861 0.000853907 -0.0142859 -0.310464 
2.63333 0.00416931 0.000801232 -0.0128957 -0.313585 
2.66667 0.00420374 0.000726443 -0.0103724 -0.314905 
2.7 0.00417731 0.000733954 -0.00869704 -0.316385 
2.73333 0.00416427 0.000764614 -0.00694041 -0.31721 
2.76667 0.00418052 0.000767656 -0.00618964 -0.318637 
2.8 0.00415925 0.000792068 -0.00527119 -0.319616 
2.83333 0.00411785 0.000853536 -0.00447934 -0.320439 
2.86667 0.00415492 0.000891966 -0.00463386 -0.322114 
2.9 0.0041346 0.000973716 -0.00661847 -0.326001 
2.93333 0.00414022 0.000965123 -0.00943326 -0.33153 
2.96667 0.0041199 0.00101521 -0.0125506 -0.338355 
3 0.0040991 0.00095395 -0.0135795 -0.343753 
3.03333 0.00403198 0.00097537 -0.0149994 -0.349955 
3.06667 0.00403025 0.000868048 -0.0126949 -0.352235 
3.1 0.00410789 0.000753616 -0.0103079 -0.353649 
3.13333 0.0041678 0.000711991 -0.00827708 -0.354687 
3.16667 0.00424337 0.000656567 -0.00511223 -0.35371 
3.2 0.00428095 0.000693798 -0.00336776 -0.353355 
3.23333 0.00437816 0.000719738 -0.00233857 -0.353263 
3.26667 0.00443363 0.000764931 -0.00343072 -0.355332 
3.3 0.00438917 0.000828996 -0.00502217 -0.358354 
3.33333 0.00438823 0.000976472 -0.00744396 -0.362887 
3.36667 0.0043763 0.000973716 -0.00925698 -0.367508 
3.4 0.00437441 0.00101383 -0.0122418 -0.374117 
3.43333 0.00440066 0.00104443 -0.0142213 -0.380535 
3.46667 0.00445879 0.000929598 -0.0150324 -0.386233 
3.5 0.00455845 0.000912935 -0.013648 -0.389609 
3.53333 0.00461019 0.000851805 -0.0116079 -0.39175 
3.56667 0.00468814 0.000785351 -0.0100881 -0.393825 
3.6 0.00472065 0.000814416 -0.0084087 -0.395206 
3.63333 0.0047927 0.000788881 -0.00514783 -0.394159 
3.66667 0.00482148 0.000802608 -0.0045206 -0.395135 
3.7 0.0048696 0.000792525 -0.00395386 -0.395973 
3.73333 0.00494129 0.000814964 -0.0040949 -0.397457 
3.76667 0.00495523 0.0008483 -0.00502967 -0.399926 
3.8 0.00499743 0.000938257 -0.00761162 -0.40465 
3.83333 0.00491208 0.00107766 -0.010327 -0.410393 
3.86667 0.00486307 0.00112333 -0.0125874 -0.416503 
3.9 0.00491293 0.00113104 -0.013843 -0.422181 
3.93333 0.0049625 0.00102951 -0.0146483 -0.427746 
3.96667 0.00491462 0.000955783 -0.0139659 -0.431823 
4 0.00488701 0.000888046 -0.0111169 -0.433116 
4.03333 0.00486074 0.000816549 -0.00932468 -0.434706 
4.06667 0.00495445 0.000711073 -0.00554742 -0.433355 
4.1 0.00497955 0.000757537 -0.00375963 -0.433094 
4.13333 0.00504991 0.000840503 -0.00219283 -0.432497 
4.16667 0.00504736 0.000873177 -0.00139154 -0.432282 
4.2 0.00506194 0.000949382 -0.00237362 -0.433905 
4.23333 0.00497965 0.000943788 -0.00387048 -0.436464 
4.26667 0.00497152 0.000975313 -0.00754086 -0.442087 
4.3 0.0049223 0.00101731 -0.0107575 -0.448397 
4.33333 0.00495033 0.000993516 -0.0132558 -0.454932 
4.36667 0.0049888 0.000948657 -0.0157173 -0.462257 
4.4 0.00504543 0.000892041 -0.0144695 -0.466023 
4.43333 0.00509607 0.000845523 -0.0119918 -0.467921 
4.46667 0.00515575 0.000832483 -0.010635 -0.470317 
4.5 0.00523057 0.00077027 -0.00791688 -0.470653 
4.53333 0.00521116 0.00068888 -0.00498565 -0.469832 
4.56667 0.00530482 0.000625253 -0.00279266 -0.468905 
4.6 0.00531189 0.00067286 -0.00319759 -0.470314 
4.63333 0.0053218 0.00071716 -0.00477512 -0.473242 
4.66667 0.00533462 0.000862703 -0.00603927 -0.476326 
4.7 0.00539033 0.000878189 -0.00563999 -0.477868 
4.73333 0.00541918 0.000986418 -0.00956763 -0.484384 
4.76667 0.00550296 0.00105805 -0.0126561 -0.491219 
4.8 0.00554244 0.00104756 -0.0137007 -0.496671 
4.83333 0.00564169 0.000977929 -0.0132763 -0.500737 
4.86667 0.00570065 0.000859254 -0.0131597 -0.505025 
4.9 0.00578458 0.000788207 -0.0117461 -0.507742 
4.93333 0.00584457 0.00072656 -0.00982568 -0.509391 
4.96667 0.00594879 0.000710947 -0.00848001 -0.511078 
5 0.00594667 0.000703602 -0.00656376 -0.511642 
5.03333 0.00602102 0.000772325 -0.00460434 -0.511517 
5.06667 0.0060285 0.000894633 -0.005466 -0.514069 
5.1 0.0060906 0.000999027 -0.00678326 -0.517446 
5.13333 0.00610943 0.00106528 -0.00960725 -0.523041 
5.16667 0.00616384 0.00114193 -0.0128993 -0.530129 
5.2 0.00615911 0.00114733 -0.0144167 -0.53622 
5.23333 0.00614133 0.00110806 -0.0155028 -0.542308 
5.26667 0.00619034 0.00112333 -0.0156107 -0.547603 
5.3 0.00618698 0.00104666 -0.016341 -0.553668 
5.33333 0.00626413 0.000964829 -0.0144318 -0.556862 
5.36667 0.00628097 0.000915048 -0.0125027 -0.559395 
5.4 0.00636172 0.000749518 -0.00857285 -0.558924 
5.43333 0.00633428 0.000857405 -0.00956407 -0.562951 
5.46667 0.00635649 0.000840864 -0.00731392 -0.563483 
5.5 0.00643436 0.0008968 -0.00525003 -0.563485 
5.53333 0.00637367 0.000977159 -0.00730044 -0.567655 
5.56667 0.00630922 0.00100692 -0.00874364 -0.571792 
5.6 0.00623321 0.00109983 -0.0108429 -0.577185 
5.63333 0.00622807 0.00113811 -0.0130723 -0.583431 
5.66667 0.00618495 0.00116283 -0.0161033 -0.591366 
5.7 0.00612107 0.00112897 -0.0166124 -0.597335 
5.73333 0.00616626 0.00105829 -0.0164836 -0.602721 
5.76667 0.00617176 0.000874335 -0.0153951 -0.60693 
5.8 0.00622516 0.000684792 -0.0124323 -0.608564 
5.83333 0.00615857 0.000597407 -0.00924499 -0.608946 
5.86667 0.00615216 0.0005957 -0.00669684 -0.60902 
5.9 0.0061966 0.000560907 -0.00393353 -0.60799 
5.93333 0.00619475 0.00064526 -0.00380528 -0.60915 
5.96667 0.006285 0.000799825 -0.00600743 -0.613018 
6 0.00634675 0.000906755 -0.00924297 -0.61884 
6.03333 0.0063748 0.000981471 -0.0114814 -0.624563 
6.06667 0.00634206 0.00104921 -0.0147602 -0.632261 
6.1 0.00629799 0.00106698 -0.0154699 -0.638019 
6.13333 0.00627104 0.00112079 -0.0171616 -0.645172 
6.16667 0.00635809 0.00102931 -0.0165329 -0.65015 
6.2 0.00640297 0.000943223 -0.016139 -0.655196 
6.23333 0.00637874 0.000823714 -0.0145669 -0.65872 
6.26667 0.00648102 0.000661477 -0.0122673 -0.660861 
6.3 0.00651513 0.000611998 -0.0106213 -0.663007 
6.33333 0.00654886 0.000539547 -0.00695252 -0.662217 
6.36667 0.00655276 0.000537624 -0.00642698 -0.663914 
6.4 0.0065621 0.000647433 -0.0058972 -0.665431 
6.43333 0.0066491 0.000808159 -0.00850491 -0.670475 
6.46667 0.00671463 0.000892973 -0.0100846 -0.675175 
6.5 0.00677079 0.00105039 -0.0128465 -0.681797 
6.53333 0.00674389 0.00109265 -0.0148053 -0.688391 
6.56667 0.00676007 0.00111467 -0.0168355 -0.695723 
6.6 0.00679268 0.00102626 -0.0174115 -0.702015 
6.63333 0.0067286 0.000977284 -0.0176339 -0.708081 
6.66667 0.0067291 0.000849649 -0.0160692 -0.712112 
6.7 0.0067187 0.000718961 -0.0136143 -0.714571 
6.73333 0.00670834 0.000636737 -0.0100566 -0.714909 
6.76667 0.00675487 0.000658355 -0.00739902 -0.715124 
6.8 0.00676897 0.000620725 -0.00503457 -0.714799 
6.83333 0.00678958 0.000659461 -0.00657671 -0.718298 
6.86667 0.00678491 0.000715201 -0.00756223 -0.721653 
6.9 0.00678366 0.000760067 -0.00901727 -0.725892 
6.93333 0.00677794 0.000881832 -0.0119105 -0.732313 
6.96667 0.00674137 0.000959942 -0.0151922 -0.740157 
7 0.00675188 0.00109066 -0.0170053 -0.747361 
7.03333 0.00688057 0.00111387 -0.0174338 -0.753536 
7.06667 0.00698008 0.00111699 -0.0195024 -0.761789 
7.1 0.00706187 0.00106211 -0.017846 -0.766334 
7.13333 0.00715341 0.000947034 -0.0149805 -0.7689 
7.16667 0.00722267 0.000747494 -0.010257 -0.768318 
7.2 0.00719443 0.000714345 -0.00835207 -0.769488 
7.23333 0.0072078 0.000711258 -0.00673563 -0.770364 
7.26667 0.00722222 0.000732843 -0.00694209 -0.772853 
7.3 0.00724134 0.000793375 -0.006827 -0.775031 
7.33333 0.0072592 0.000987092 -0.00922005 -0.780132 
7.36667 0.00735848 0.00109381 -0.0115674 -0.785976 
7.4 0.00738432 0.00121748 -0.0135207 -0.792138 
7.43333 0.00740707 0.00122575 -0.014247 -0.797502 
7.46667 0.00738058 0.00122206 -0.0174145 -0.80599 
7.5 0.00732621 0.00116069 -0.0183624 -0.812914 
7.53333 0.00732501 0.00113716 -0.0178571 -0.818438 
7.56667 0.0073838 0.00100993 -0.0137826 -0.819581 
7.6 0.007398 0.000926591 -0.0134399 -0.82377 
7.63333 0.00738933 0.000821689 -0.0107708 -0.825099 
7.66667 0.00737581 0.000640605 -0.00805965 -0.825489 
7.7 0.00737843 0.000594731 -0.00651476 -0.826352 
7.73333 0.00733175 0.000674508 -0.00570774 -0.827571 
7.76667 0.00719552 0.000767257 -0.00643378 -0.830331 
7.8 0.00706415 0.000894203 -0.00854592 -0.834969 
7.83333 0.00699802 0.000995598 -0.0121854 -0.842113 
7.86667 0.00694329 0.00107278 -0.0149409 -0.849428 
7.9 0.00692398 0.00116173 -0.0180469 -0.858075 
7.93333 0.00693592 0.00115881 -0.0198691 -0.866241 
7.96667 0.00692027 0.00109459 -0.0198973 -0.872898 
8 0.00691166 0.000975691 -0.0174525 -0.876644 
8.03333 0.00693749 0.000878083 -0.0162163 -0.881002 
8.06667 0.00689113 0.000753195 -0.0139928 -0.883783 
8.1 0.00684119 0.000664886 -0.0112851 -0.885251 
8.13333 0.00685135 0.000593707 -0.00810007 -0.885253 
8.16667 0.00682136 0.000641291 -0.00759681 -0.887359 
8.2 0.00685843 0.000617176 -0.00613883 -0.88817 
8.23333 0.00689319 0.000590571 -0.00694524 -0.891168 
8.26667 0.00696529 0.000649164 -0.00800875 -0.894739 
8.3 0.00691883 0.000766386 -0.0121638 -0.902313 
8.33333 0.0068634 0.000884152 -0.0140106 -0.908548 
8.36667 0.00687675 0.00102027 -0.0169376 -0.916673 
8.4 0.00684741 0.00120637 -0.0182869 -0.923912 
