0.7 0.00245951 0.000253319 0.00251647 0.000216624 
0.733333 0.00261445 0.000328726 0.00352904 0.00207047 
0.766667 0.00266159 0.000352302 0.00370277 0.00342565 
0.8 0.00270939 0.00036417 0.0036808 0.00489513 
0.833333 0.00276948 0.000533123 0.00312739 0.00560797 
0.866667 0.00283403 0.000653599 0.00115912 0.00434059 
0.9 0.00284333 0.000799291 -0.000725398 0.00249096 
0.933333 0.00279713 0.000828962 -0.00364697 -0.00120005 
0.966667 0.00285004 0.000863312 -0.00588488 -0.00506195 
1 0.00296152 0.000825932 -0.00649517 -0.00774562 
1.03333 0.00306378 0.000743704 -0.00734031 -0.0109112 
1.06667 0.00309164 0.000637598 -0.00825082 -0.0144361 
1.1 0.00312719 0.000555135 -0.00522473 -0.0136139 
1.13333 0.00312129 0.000466461 -0.00371551 -0.0135737 
1.16667 0.00311492 0.000483778 -0.00188325 -0.0126494 
1.2 0.00323231 0.00057819 0.000826871 -0.010078 
1.23333 0.0033369 0.000639073 0.00313353 -0.00707935 
1.26667 0.00343197 0.000725969 0.00305933 -0.00612239 
1.3 0.00342958 0.000813502 0.000918286 -0.00763003 
1.33333 0.00348867 0.000950172 -0.00109061 -0.00969535 
1.36667 0.00354176 0.001007 -0.00346381 -0.0128604 
1.4 0.00358814 0.00105585 -0.00594883 -0.0169484 
1.43333 0.00365736 0.00106076 -0.00832687 -0.0217386 
1.46667 0.0036287 0.00100408 -0.00902987 -0.025344 
1.5 0.003707 0.000913583 -0.00913269 -0.0284754 
1.53333 0.00374983 0.00083969 -0.00730806 -0.0293657 
1.56667 0.00382129 0.00069086 -0.00545222 -0.029611 
1.6 0.00387235 0.000664681 -0.00311498 -0.0286694 
1.63333 0.00389833 0.000663693 -0.00253968 -0.0290286 
1.66667 0.00397937 0.000835699 -0.000666139 -0.0276635 
1.7 0.00400007 0.000935674 -0.000464555 -0.0276476 
1.73333 0.00399006 0.00106223 -0.00260763 -0.0303322 
1.76667 0.00399918 0.00116697 -0.00358588 -0.0323562 
1.8 0.00404848 0.00120122 -0.00522178 -0.0354827 
1.83333 0.0040679 0.00123005 -0.00787399 -0.0403541 
1.86667 0.0041994 0.00121214 -0.00668412 -0.0415742 
1.9 0.00421303 0.00111036 -0.00759508 -0.0448775 
1.93333 0.00410884 0.000959916 -0.00929442 -0.0494152 
1.96667 0.00409326 0.000870196 -0.00782587 -0.0507798 
2 0.00404026 0.000802961 -0.00519832 -0.0502867 
2.03333 0.0040392 0.000806781 -0.00222468 -0.0485092 
2.06667 0.00403463 0.000829544 -0.00104987 -0.047864 
2.1 0.00403704 0.000877383 0.000128884 -0.0468225 
2.13333 0.00408797 0.000958594 0.000773017 -0.0460191 
2.16667 0.00406771 0.00109791 9.46899e-005 -0.0465622 
2.2 0.00412256 0.0011439 -0.00137522 -0.0482658 
2.23333 0.0040889 0.00123199 -0.00317813 -0.0508525 
2.26667 0.0040102 0.00133115 -0.0071166 -0.056561 
2.3 0.00402261 0.00137858 -0.0081981 -0.0602099 
2.33333 0.00401742 0.00132211 -0.00972325 -0.064743 
2.36667 0.00408501 0.0011953 -0.00864631 -0.0667128 
2.4 0.0040984 0.000998367 -0.00703597 -0.0676939 
2.43333 0.00412558 0.000861117 -0.00592432 -0.068727 
2.46667 0.00417677 0.000805741 -0.00210295 -0.0661908 
2.5 0.00418449 0.000812535 -0.000314475 -0.0647806 
2.53333 0.00423512 0.000894674 0.00167297 -0.0625393 
2.56667 0.00425535 0.000992629 0.0014936 -0.0621934 
2.6 0.0042247 0.0011374 -0.00111142 -0.0647706 
2.63333 0.00430959 0.00126978 -0.00296466 -0.0673288 
2.66667 0.00440476 0.00134639 -0.00512838 -0.0708712 
2.7 0.00441992 0.00143765 -0.0086915 -0.0767868 
2.73333 0.00456472 0.00147993 -0.0102149 -0.0814823 
2.76667 0.00463959 0.00144663 -0.0109279 -0.0857289 
2.8 0.00467566 0.001347 -0.0102868 -0.0886148 
2.83333 0.00474893 0.00126199 -0.00926449 -0.0908369 
2.86667 0.00474235 0.001156 -0.00745654 -0.0917908 
2.9 0.00480427 0.00105972 -0.00559712 -0.0920814 
2.93333 0.00484405 0.0010296 -0.00383727 -0.0918697 
2.96667 0.00488524 0.0010695 -0.00260614 -0.0916954 
3 0.00505316 0.00109667 -0.000608997 -0.0902066 
3.03333 0.00504168 0.00115989 -0.00283766 -0.0930404 
3.06667 0.0050951 0.00126533 -0.00386798 -0.0952026 
3.1 0.00511045 0.00139042 -0.00585807 -0.0988411 
3.13333 0.00505795 0.00149413 -0.00963123 -0.105248 
3.16667 0.00508335 0.00153278 -0.0103126 -0.109263 
3.2 0.00508272 0.00146762 -0.0129225 -0.115781 
3.23333 0.0051445 0.0013723 -0.0131556 -0.120364 
3.26667 0.00517662 0.00128418 -0.0128997 -0.124447 
3.3 0.0052468 0.00119804 -0.0107582 -0.126219 
3.33333 0.00525218 0.0011036 -0.00912287 -0.127874 
3.36667 0.00519355 0.00103768 -0.00647006 -0.127784 
3.4 0.00520372 0.00106252 -0.00435702 -0.127446 
3.43333 0.00523573 0.00110112 -0.00234819 -0.126527 
3.46667 0.00517852 0.00119155 -0.00388565 -0.129125 
3.5 0.0051228 0.0012793 -0.00625891 -0.133222 
3.53333 0.00509989 0.00138748 -0.00750325 -0.136777 
3.56667 0.00500823 0.00150605 -0.0105931 -0.142925 
3.6 0.00500322 0.00153206 -0.0132317 -0.149571 
3.63333 0.00502983 0.0015524 -0.0140334 -0.154928 
3.66667 0.00502964 0.00147116 -0.0150106 -0.160759 
3.7 0.00513225 0.00135261 -0.0135022 -0.163982 
3.73333 0.00514186 0.00126082 -0.0123133 -0.16708 
3.76667 0.00522748 0.00116431 -0.00956016 -0.167934 
3.8 0.00525399 0.00108678 -0.00710833 -0.168226 
3.83333 0.0052129 0.00101379 -0.00595066 -0.169229 
3.86667 0.0052866 0.00101046 -0.00447284 -0.169468 
3.9 0.00533904 0.00109166 -0.00529352 -0.171928 
3.93333 0.00537876 0.00126053 -0.00603314 -0.174566 
3.96667 0.00540108 0.0013882 -0.009287 -0.180418 
4 0.00534779 0.00151176 -0.0126506 -0.187484 
4.03333 0.00531444 0.00150611 -0.014865 -0.194315 
4.06667 0.00532748 0.0014776 -0.0157084 -0.200266 
4.1 0.00546056 0.00146849 -0.0161154 -0.205982 
4.13333 0.00545913 0.00140233 -0.0155024 -0.21063 
4.16667 0.005524 0.00132183 -0.0144913 -0.214604 
4.2 0.00554595 0.00118464 -0.0122281 -0.216763 
4.23333 0.00566015 0.00111293 -0.0102802 -0.21854 
4.26667 0.00573126 0.00108974 -0.0104001 -0.222108 
4.3 0.00581402 0.00104153 -0.00856548 -0.223409 
4.33333 0.00582551 0.00121612 -0.00887159 -0.226625 
4.36667 0.00583944 0.0012188 -0.0110494 -0.232153 
4.4 0.00583624 0.00133247 -0.0126368 -0.23771 
4.43333 0.00574293 0.00144083 -0.0143867 -0.243988 
4.46667 0.00582959 0.00157097 -0.0128379 -0.246956 
4.5 0.00583155 0.00155407 -0.01468 -0.253409 
4.53333 0.00584827 0.00146268 -0.0165075 -0.26046 
4.56667 0.00588801 0.00143442 -0.0166633 -0.266146 
4.6 0.00592317 0.00136986 -0.0155454 -0.270381 
4.63333 0.0058956 0.00128117 -0.0138629 -0.273577 
4.66667 0.00586483 0.00117356 -0.0127521 -0.276887 
4.7 0.00585534 0.00114889 -0.010432 -0.278399 
4.73333 0.00591552 0.00107513 -0.00874654 -0.279886 
4.76667 0.00588682 0.0011135 -0.00939002 -0.283561 
4.8 0.00589706 0.00118699 -0.0103609 -0.287837 
4.83333 0.00581279 0.00129993 -0.0127994 -0.29417 
4.86667 0.00579898 0.00140247 -0.0156011 -0.301743 
4.9 0.0057565 0.00138533 -0.0164622 -0.30796 
4.93333 0.00573145 0.0014115 -0.0189058 -0.316332 
4.96667 0.00569886 0.00133726 -0.0189761 -0.322717 
5 0.00567325 0.00130234 -0.018242 -0.328176 
5.03333 0.00565681 0.00122679 -0.0171755 -0.332998 
5.06667 0.00580238 0.000991527 -0.0137585 -0.334689 
5.1 0.00575742 0.000982731 -0.0109947 -0.336013 
5.13333 0.00581637 0.000959046 -0.00812913 -0.336295 
5.16667 0.00591319 0.000992517 -0.00725402 -0.337972 
5.2 0.005828 0.000913841 -0.0101166 -0.343769 
5.23333 0.00576207 0.00100568 -0.0109439 -0.348118 
5.26667 0.0056927 0.00106879 -0.0122038 -0.353253 
5.3 0.00563353 0.00116399 -0.0145508 -0.360091 
5.33333 0.00562698 0.00120423 -0.0165527 -0.367305 
5.36667 0.00560762 0.00125281 -0.0179972 -0.374527 
5.4 0.00556615 0.00125057 -0.0188725 -0.38156 
5.43333 0.00557847 0.00114159 -0.0186186 -0.387551 
5.46667 0.00555611 0.00106768 -0.0169202 -0.391752 
5.5 0.00562555 0.0009966 -0.0150179 -0.395147 
5.53333 0.0056736 0.000932578 -0.0129756 -0.397742 
5.56667 0.00571069 0.000806272 -0.0104651 -0.399104 
5.6 0.00571789 0.000722208 -0.0077138 -0.399344 
5.63333 0.00574649 0.000793271 -0.00810449 -0.402376 
5.66667 0.00581011 0.000874149 -0.00804943 -0.405013 
5.7 0.00583114 0.00105094 -0.00925709 -0.409122 
5.73333 0.00583292 0.00113727 -0.0110008 -0.414266 
5.76667 0.00595702 0.00123041 -0.0134194 -0.420788 
5.8 0.00589524 0.0012801 -0.0170472 -0.429543 
5.83333 0.00601143 0.001204 -0.0183501 -0.436764 
5.86667 0.00607812 0.00113684 -0.01974 -0.444521 
5.9 0.00607023 0.00101011 -0.0196529 -0.450999 
5.93333 0.00614142 0.000946476 -0.0189038 -0.456665 
5.96667 0.00617289 0.00084832 -0.0160986 -0.459655 
6 0.00622795 0.000861903 -0.0130473 -0.461419 
6.03333 0.00633212 0.000824225 -0.0103845 -0.462625 
6.06667 0.00638779 0.000847962 -0.00852674 -0.463894 
6.1 0.00641329 0.000905818 -0.00896114 -0.467249 
6.13333 0.00648689 0.00105677 -0.00987524 -0.471315 
6.16667 0.00652114 0.00116563 -0.0125251 -0.477735 
6.2 0.006593 0.00118669 -0.0162947 -0.486359 
6.23333 0.00662831 0.00123593 -0.0179494 -0.493744 
6.26667 0.00663576 0.00125899 -0.0190565 -0.501034 
6.3 0.00663462 0.00127351 -0.0203035 -0.508859 
6.33333 0.00670448 0.00124165 -0.0213309 -0.516839 
6.36667 0.00682131 0.00118393 -0.0195487 -0.521846 
6.4 0.00687712 0.00118382 -0.0166017 -0.524883 
6.43333 0.0069266 0.00112491 -0.0150331 -0.528565 
6.46667 0.00700614 0.00109848 -0.0120568 -0.530063 
6.5 0.00694502 0.00105606 -0.0102945 -0.532002 
6.53333 0.00692291 0.00112084 -0.0101277 -0.535236 
6.56667 0.00686901 0.00121351 -0.0110935 -0.539752 
6.6 0.00680073 0.00129043 -0.0127775 -0.545438 
6.63333 0.00683995 0.00134811 -0.015451 -0.552853 
6.66667 0.00685391 0.00134841 -0.0168256 -0.559626 
6.7 0.00692362 0.00139276 -0.0184676 -0.567173 
6.73333 0.00699153 0.00133164 -0.019077 -0.574048 
6.76667 0.00698154 0.00128735 -0.0184581 -0.579676 
6.8 0.00688286 0.0012901 -0.0180082 -0.585298 
6.83333 0.00694699 0.00119566 -0.0152537 -0.588049 
6.86667 0.00693363 0.00101107 -0.0127603 -0.59019 
6.9 0.00690507 0.000970761 -0.0101389 -0.591349 
6.93333 0.00682559 0.000973837 -0.00663725 -0.590595 
6.96667 0.00681994 0.00102782 -0.00635626 -0.592476 
7 0.00684279 0.00107899 -0.00707144 -0.595439 
7.03333 0.00682359 0.00121177 -0.00882326 -0.599864 
7.06667 0.00675189 0.00128876 -0.0101571 -0.60438 
7.1 0.00663838 0.00127639 -0.0138664 -0.612144 
7.13333 0.00665369 0.00122611 -0.0165956 -0.619988 
7.16667 0.00661866 0.00114544 -0.0180394 -0.627224 
7.2 0.00656739 0.00106366 -0.0190182 -0.634393 
7.23333 0.00658255 0.00105391 -0.018458 -0.640071 
7.26667 0.0065586 0.000959204 -0.0162884 -0.643662 
7.3 0.00662536 0.00083036 -0.0146379 -0.647143 
7.33333 0.00668285 0.000749421 -0.0104171 -0.64704 
7.36667 0.00665534 0.000738635 -0.00783013 -0.647459 
7.4 0.00659565 0.0007488 -0.00662581 -0.648647 
7.43333 0.00660644 0.000793638 -0.00659758 -0.650823 
7.46667 0.00652287 0.000895279 -0.00772221 -0.654349 
7.5 0.00650023 0.000949542 -0.0108489 -0.660614 
7.53333 0.00654786 0.000939859 -0.0137798 -0.66769 
7.56667 0.0064962 0.000987221 -0.017345 -0.676492 
7.6 0.00650074 0.00108875 -0.0194055 -0.684706 
7.63333 0.00650565 0.00108273 -0.0198254 -0.69167 
7.66667 0.00652912 0.00113789 -0.0203098 -0.698851 
7.7 0.00650187 0.000992067 -0.018725 -0.70375 
7.73333 0.00642195 0.00093018 -0.0175319 -0.708583 
7.76667 0.00640041 0.000781767 -0.0143486 -0.710669 
7.8 0.00642414 0.000716099 -0.0118557 -0.712509 
7.83333 0.00645207 0.000752465 -0.00864884 -0.712676 
7.86667 0.00639004 0.000715502 -0.00682655 -0.713408 
7.9 0.00639918 0.000797234 -0.00638094 -0.715157 
7.93333 0.00639649 0.000858868 -0.00725315 -0.718314 
7.96667 0.00640022 0.000913281 -0.0094698 -0.723348 
8 0.00650547 0.000998645 -0.0111539 -0.728493 
8.03333 0.00651331 0.00113273 -0.0131374 -0.734552 
8.06667 0.00651162 0.00127001 -0.0180447 -0.744724 
8.1 0.00657 0.00123775 -0.0189441 -0.751801 
8.13333 0.00661363 0.00122488 -0.0194968 -0.758768 
8.16667 0.0066037 0.00107623 -0.0184933 -0.764082 
8.2 0.00672589 0.00100206 -0.0178097 -0.76944 
8.23333 0.0067829 0.000921793 -0.014596 -0.771583 
8.26667 0.00694304 0.000817558 -0.0109261 -0.772116 
8.3 0.00700949 0.000716349 -0.00877009 -0.773213 
8.33333 0.00707447 0.000726751 -0.00720946 -0.774294 
8.36667 0.00706863 0.000744607 -0.0072341 -0.776726 
8.4 0.00718727 0.000762406 -0.00875742 -0.780936 
8.43333 0.00721254 0.000942958 -0.0101155 -0.785458 
8.46667 0.00727265 0.00101131 -0.0121467 -0.791228 
8.5 0.00733017 0.00108157 -0.0153318 -0.799036 
8.53333 0.00734794 0.0011375 -0.0175336 -0.806746 
