0.273 15 20 
0.382 15 20 
0.46 15 20 
0.57 15 20 
0.648 15 20 
0.725 15 20 
0.82 15 20 
0.897 15 20 
0.976 15 20 
1.069 15 20 
1.179 15 20 
1.257 15 20 
1.336 15 20 
1.414 15 20 
1.523 15 20 
1.601 15 20 
1.68 15 20 
1.757 15 20 
1.851 15 20 
1.93 15 20 
2.007 15 20 
2.086 15 20 
2.149 15 20 
2.211 15 20 
2.287 15 20 
2.366 15 20 
2.46 15 20 
2.522 15 20 
2.6 15 20 
2.695 15 20 
2.773 15 20 
2.867 15 20 
2.975 15 20 
3.07 15 20 
3.179 15 20 
3.273 15 20 
3.351 15 20 
3.413 15 20 
3.508 15 20 
3.616 15 20 
3.695 15 20 
3.788 15 20 
3.883 15 20 
3.96 15 20 
4.037 15 20 
4.132 15 20 
4.225 15 20 
4.304 15 20 
4.398 15 20 
4.491 15 20 
4.585 15 20 
4.663 15 20 
4.742 15 20 
4.836 15 20 
4.929 15 20 
4.991 15 20 
5.101 15 20 
5.194 15 20 
5.274 15 20 
5.367 15 20 
5.46 15 20 
5.538 15 20 
5.633 15 20 
5.727 15 20 
5.819 15 20 
5.898 15 20 
6.006 15 20 
6.116 15 20 
6.195 15 20 
6.272 15 20 
6.382 15 20 
6.46 15 20 
6.569 15 20 
6.664 15 20 
6.758 15 20 
6.836 15 20 
6.929 15 20 
7.024 15 20 
7.102 15 20 
7.196 15 20 
7.28 15 20 
7.343 15 20 
7.405 15 20 
7.499 15 20 
7.609 15 20 
7.686 15 20 
7.781 15 20 
7.873 15 20 
7.967 15 20 
8.061 15 20 
8.156 15 20 
8.264 15 20 
8.358 15 20 
8.468 15 20 
8.546 15 20 
8.609 15 20 
8.687 15 20 
8.765 15 20 
8.859 15 20 
8.952 15 20 
9.063 15 20 
9.156 15 20 
9.249 15 20 
9.327 15 20 
9.437 15 20 
9.531 15 20 
9.624 15 20 
9.717 15 20 
9.811 15 20 
9.889 15 20 
9.952 15 20 
10.031 15 20 
10.124 15 20 
10.219 15 20 
10.296 15 20 
10.391 15 20 
10.484 15 20 
10.593 15 20 
10.655 15 20 
10.719 15 20 
10.796 15 20 
10.891 15 20 
10.984 15 20 
11.061 15 20 
11.156 15 20 
11.249 15 20 
11.343 15 20 
11.421 15 20 
11.5 15 20 
11.592 15 20 
11.687 15 20 
11.78 15 20 
11.858 15 20 
11.921 15 20 
11.999 15 20 
12.094 15 20 
12.202 15 20 
12.297 15 20 
12.39 15 20 
12.453 15 20 
12.562 15 20 
12.671 15 20 
12.765 15 20 
12.843 15 20 
12.92 15 20 
13.014 15 20 
13.093 15 20 
13.156 15 20 
13.265 15 20 
13.358 15 20 
13.452 15 20 
13.53 15 20 
13.639 15 20 
13.719 15 20 
13.812 15 20 
13.89 15 20 
13.984 15 20 
14.047 15 20 
14.124 15 20 
14.219 15 20 
14.297 15 20 
14.391 15 20 
14.483 15 20 
14.577 15 20 
14.655 15 20 
14.718 15 20 
14.812 15 20 
14.889 15 20 
14.968 15 20 
15.062 15 20 
15.155 15 20 
15.264 15 20 
15.342 15 20 
15.405 15 20 
15.5 15 20 
15.594 15 20 
15.672 15 20 
15.749 15 20 
15.875 15 20 
15.952 15 20 
16.015 15 20 
16.093 15 20 
16.187 15 20 
16.249 15 20 
16.326 15 20 
16.436 15 20 
16.515 15 20 
16.623 15 20 
16.703 15 20 
16.811 15 20 
16.905 15 20 
16.983 15 20 
17.062 15 20 
17.156 15 20 
17.233 15 20 
17.344 15 20 
17.437 15 20 
17.531 15 20 
17.608 15 20 
17.688 15 20 
17.781 15 20 
17.859 15 20 
17.937 15 20 
18.031 15 20 
18.108 15 20 
18.171 15 20 
18.265 15 20 
18.358 15 20 
18.437 15 20 
18.531 15 20 
18.625 15 20 
18.718 15 20 
18.781 15 20 
18.858 15 20 
18.936 15 20 
18.999 15 20 
19.078 15 20 
19.155 15 20 
19.25 15 20 
19.327 15 20 
19.405 15 20 
19.483 15 20 
19.562 15 20 
19.641 15 20 
19.717 15 20 
19.811 15 20 
19.905 15 20 
19.984 15 20 
20.078 15 20 
20.171 15 20 
20.265 15 20 
20.359 15 20 
20.452 15 20 
20.546 15 20 
20.656 15 20 
20.733 15 20 
20.828 15 20 
20.921 15 20 
