0.7 -0.00327154 0.00547432 0.00383377 -1.20198 
0.733333 -0.00293415 0.00549962 0.00513418 -1.18968 
0.766667 -0.000513343 0.00427943 0.00227623 -1.19373 
0.8 0.00152208 0.00350641 0.00154005 -1.19387 
0.833333 0.00301301 0.00280595 -0.00274608 -1.19847 
0.866667 0.00437555 0.0022461 -0.00711385 -1.20464 
0.9 0.00525165 0.00195606 -0.0106426 -1.21121 
0.933333 0.0057208 0.00198121 -0.0141256 -1.21885 
0.966667 0.00624002 0.00185847 -0.0211168 -1.23184 
1 0.00651265 0.00186908 -0.0243297 -1.24265 
1.03333 0.00658439 0.00185708 -0.0305706 -1.25813 
1.06667 0.00696744 0.00168209 -0.0354626 -1.2741 
1.1 0.00721436 0.00149616 -0.0372264 -1.288 
1.13333 0.00739868 0.00129236 -0.037399 -1.30062 
1.16667 0.00759208 0.0011038 -0.0344424 -1.30959 
1.2 0.00760321 0.0010011 -0.0292545 -1.31495 
1.23333 0.00792047 0.0010786 -0.0216316 -1.3157 
1.26667 0.00820833 0.00106767 -0.0159037 -1.31615 
1.3 0.00834641 0.00110115 -0.0109503 -1.31561 
1.33333 0.00848989 0.00120005 -0.0138778 -1.32271 
1.36667 0.00870495 0.00146646 -0.0150498 -1.32872 
1.4 0.00889374 0.00163094 -0.0205305 -1.34021 
1.43333 0.00870006 0.0017007 -0.0273025 -1.35505 
1.46667 0.00877699 0.00176796 -0.033827 -1.37185 
1.5 0.0088967 0.00173194 -0.0385829 -1.38874 
1.53333 0.00900432 0.00171315 -0.0408093 -1.40423 
1.56667 0.00934675 0.00149208 -0.0418813 -1.4191 
1.6 0.00959532 0.00125068 -0.0423125 -1.43357 
1.63333 0.00959531 0.00123255 -0.0386158 -1.44331 
1.66667 0.00983344 0.00122637 -0.0334282 -1.45005 
1.7 0.010117 0.00119387 -0.0290382 -1.45601 
1.73333 0.0101499 0.00123606 -0.0260336 -1.46215 
1.76667 0.0103999 0.0013157 -0.0244556 -1.46896 
1.8 0.010292 0.00149053 -0.0243805 -1.47702 
1.83333 0.0102061 0.0017481 -0.0276593 -1.48902 
1.86667 0.0100376 0.0018614 -0.0329187 -1.50445 
1.9 0.00997247 0.00204148 -0.0375039 -1.52084 
1.93333 0.0100695 0.0022636 -0.0411489 -1.53764 
1.96667 0.00999784 0.00229482 -0.0468245 -1.55806 
2 0.0099671 0.00215459 -0.0509717 -1.57856 
2.03333 0.0100746 0.00208764 -0.0525202 -1.59738 
2.06667 0.0100719 0.00189838 -0.0495837 -1.61142 
2.1 0.0103338 0.00174181 -0.0458788 -1.62357 
2.13333 0.0104173 0.00166923 -0.0401032 -1.63205 
2.16667 0.0107574 0.00173961 -0.0327941 -1.63679 
2.2 0.0109781 0.00195215 -0.0292978 -1.64359 
2.23333 0.0110555 0.0021374 -0.02852 -1.65244 
2.26667 0.0112236 0.00224546 -0.0318283 -1.66585 
2.3 0.0112736 0.00253145 -0.0330383 -1.67789 
2.33333 0.0111352 0.0027924 -0.0353215 -1.6916 
2.36667 0.0111464 0.00293902 -0.0417909 -1.71101 
2.4 0.0109877 0.00292756 -0.0468888 -1.73096 
2.43333 0.0109597 0.00292948 -0.0508976 -1.75132 
2.46667 0.011178 0.00287043 -0.0500839 -1.76732 
2.5 0.0111218 0.00274828 -0.0483673 -1.78199 
2.53333 0.0114004 0.00269159 -0.0453716 -1.79458 
2.56667 0.0116363 0.00263708 -0.0397013 -1.80301 
2.6 0.0118184 0.00262616 -0.0341896 -1.80974 
2.63333 0.0122278 0.00259358 -0.0338254 -1.8207 
2.66667 0.0123436 0.00263466 -0.0320172 -1.82984 
2.7 0.0125123 0.0027321 -0.031779 -1.84023 
2.73333 0.0125888 0.00315645 -0.0297881 -1.84848 
2.76667 0.0127102 0.00344628 -0.03139 -1.8603 
2.8 0.0127995 0.00363859 -0.037242 -1.87767 
2.83333 0.0127049 0.00369917 -0.0434753 -1.89744 
2.86667 0.0127513 0.00371328 -0.0477511 -1.91698 
2.9 0.0126896 0.00369666 -0.0499783 -1.93553 
2.93333 0.0127052 0.00347387 -0.0491768 -1.95124 
2.96667 0.0127207 0.00324453 -0.0498924 -1.96848 
3 0.0128005 0.00331651 -0.0417525 -1.9755 
3.03333 0.0129937 0.00330341 -0.0372226 -1.98407 
3.06667 0.013155 0.00338474 -0.0315065 -1.98973 
3.1 0.0133494 0.00348026 -0.0270304 -1.99495 
3.13333 0.0135934 0.00363003 -0.0265248 -2.00336 
3.16667 0.0136965 0.00377425 -0.0279054 -2.01383 
3.2 0.0137447 0.0038959 -0.0319738 -2.02794 
3.23333 0.0138097 0.00404173 -0.0357964 -2.04311 
3.26667 0.0136884 0.00411012 -0.0405703 -2.06067 
3.3 0.0135834 0.00407969 -0.0467788 -2.08153 
3.33333 0.0137448 0.00396781 -0.0505459 -2.10157 
3.36667 0.0136793 0.00389582 -0.0479039 -2.1153 
3.4 0.0137721 0.0037326 -0.0487623 -2.13228 
3.43333 0.0138486 0.00371518 -0.0420327 -2.14059 
3.46667 0.0137934 0.00352398 -0.0379111 -2.14973 
3.5 0.0138259 0.00339639 -0.0371755 -2.1615 
3.53333 0.0139833 0.00342199 -0.032356 -2.16821 
3.56667 0.0140352 0.00355027 -0.0295695 -2.1757 
3.6 0.0140079 0.00374284 -0.0321933 -2.18865 
3.63333 0.0141385 0.00387644 -0.0364139 -2.20437 
3.66667 0.0140635 0.00396649 -0.04219 -2.22332 
3.7 0.0140032 0.00415992 -0.0459627 -2.24184 
3.73333 0.0137777 0.00406304 -0.0552977 -2.26818 
3.76667 0.01361 0.00388314 -0.0606514 -2.29293 
3.8 0.0134337 0.0036006 -0.0645603 -2.31777 
3.83333 0.013309 0.00325946 -0.0673552 -2.34258 
3.86667 0.0129556 0.00289422 -0.0665639 -2.3641 
3.9 0.0126318 0.00266336 -0.0627828 -2.38183 
3.93333 0.0122639 0.00250974 -0.0592736 -2.39861 
3.96667 0.0119079 0.00233816 -0.0591872 -2.41827 
4 0.0116462 0.00224508 -0.0583305 -2.43699 
4.03333 0.0113351 0.00215073 -0.0592951 -2.45757 
4.06667 0.0108933 0.0021148 -0.0640529 -2.48295 
4.1 0.0104701 0.00211299 -0.0685464 -2.5096 
4.13333 0.0101027 0.00210268 -0.07456 -2.53955 
4.16667 0.00976637 0.00185215 -0.086637 -2.57866 
4.2 0.00948331 0.00163101 -0.0956734 -2.61821 
4.23333 0.00914567 0.00128162 -0.0975094 -2.65227 
4.26667 0.00879373 0.000930035 -0.0990427 -2.68658 
4.3 0.00867805 0.000439059 -0.0984697 -2.71892 
4.33333 0.00834174 -3.87531e-005 -0.0947795 -2.74738 
