0.246 25 40 
0.356 25 40 
0.433 25 40 
0.497 25 40 
0.575 25 40 
0.699 25 40 
0.807 25 40 
0.887 25 40 
0.965 25 40 
1.026 25 40 
1.09 25 40 
1.167 25 40 
1.278 25 40 
1.371 25 40 
1.433 25 40 
1.495 25 40 
1.575 25 40 
1.652 25 40 
1.746 25 40 
1.825 25 40 
1.903 25 40 
1.997 25 40 
2.059 25 40 
2.136 25 40 
2.2 25 40 
2.277 25 40 
2.355 25 40 
2.418 25 40 
2.496 25 40 
2.574 25 40 
2.667 25 40 
2.729 25 40 
2.793 25 40 
2.886 25 40 
2.964 25 40 
3.027 25 40 
3.089 25 40 
3.152 25 40 
3.214 25 40 
3.278 25 40 
3.37 25 40 
3.465 25 40 
3.528 25 40 
3.59 25 40 
3.652 25 40 
3.731 25 40 
3.808 25 40 
3.902 25 40 
3.997 25 40 
4.106 25 40 
4.168 25 40 
4.23 25 40 
4.324 25 40 
4.387 25 40 
4.465 25 40 
4.527 25 40 
4.606 25 40 
4.698 25 40 
4.762 25 40 
4.824 25 40 
4.918 25 40 
4.995 25 40 
5.059 25 40 
5.136 25 40 
5.214 25 40 
5.325 25 40 
5.418 25 40 
5.497 25 40 
5.558 25 40 
5.636 25 40 
5.699 25 40 
5.793 25 40 
5.886 25 40 
5.98 25 40 
6.043 25 40 
6.167 25 40 
6.229 25 40 
6.292 25 40 
6.356 25 40 
6.417 25 40 
6.512 25 40 
6.59 25 40 
6.667 25 40 
6.731 25 40 
6.824 25 40 
6.903 25 40 
6.965 25 40 
7.058 25 40 
7.121 25 40 
7.184 25 40 
7.246 25 40 
7.339 25 40 
7.434 25 40 
7.497 25 40 
7.558 25 40 
7.636 25 40 
7.699 25 40 
7.761 25 40 
7.855 25 40 
7.918 25 40 
7.996 25 40 
8.121 25 40 
8.199 25 40 
8.262 25 40 
8.323 25 40 
8.386 25 40 
8.465 25 40 
8.559 25 40 
8.636 25 40 
8.731 25 40 
8.824 25 40 
8.902 25 40 
8.964 25 40 
9.058 25 40 
9.122 25 40 
9.2 25 40 
9.309 25 40 
9.371 25 40 
9.495 25 40 
9.559 25 40 
9.62 25 40 
9.699 25 40 
9.776 25 40 
9.87 25 40 
9.948 25 40 
10.059 25 40 
10.136 25 40 
10.2 25 40 
10.262 25 40 
10.324 25 40 
10.387 25 40 
10.48 25 40 
10.558 25 40 
10.622 25 40 
10.7 25 40 
10.794 25 40 
10.855 25 40 
10.933 25 40 
10.996 25 40 
11.059 25 40 
11.12 25 40 
11.182 25 40 
11.245 25 40 
11.339 25 40 
11.433 25 40 
11.496 25 40 
11.558 25 40 
11.62 25 40 
11.698 25 40 
11.793 25 40 
11.871 25 40 
11.965 25 40 
12.075 25 40 
12.167 25 40 
12.231 25 40 
12.292 25 40 
12.386 25 40 
12.465 25 40 
12.528 25 40 
12.606 25 40 
12.684 25 40 
12.762 25 40 
12.841 25 40 
12.901 25 40 
12.964 25 40 
13.027 25 40 
13.09 25 40 
13.151 25 40 
13.23 25 40 
13.293 25 40 
13.37 25 40 
13.434 25 40 
13.527 25 40 
13.59 25 40 
13.653 25 40 
13.745 25 40 
13.824 25 40 
13.887 25 40 
13.965 25 40 
14.059 25 40 
14.136 25 40 
14.23 25 40 
14.294 25 40 
14.355 25 40 
14.418 25 40 
14.497 25 40 
14.575 25 40 
14.651 25 40 
14.729 25 40 
