0.7 0.00503959 0.000247904 -0.00494117 -0.391059 
0.733333 0.0053682 0.000282276 -0.00650545 -0.396048 
0.766667 0.00567366 0.000327743 -0.00726117 -0.397678 
0.8 0.00590679 0.000347017 -0.0114915 -0.404619 
0.833333 0.00614502 0.00046047 -0.017368 -0.415324 
0.866667 0.00627648 0.000517778 -0.024524 -0.42954 
0.9 0.00646802 0.000614356 -0.0283813 -0.442292 
0.933333 0.00648557 0.000631643 -0.0337949 -0.458182 
0.966667 0.00652984 0.000602866 -0.0369564 -0.473222 
1 0.00662058 0.000676462 -0.0359428 -0.484345 
1.03333 0.00683113 0.000722654 -0.0336093 -0.493576 
1.06667 0.00707024 0.000776301 -0.0283942 -0.498623 
1.1 0.00730299 0.000786449 -0.023964 -0.502858 
1.13333 0.0074267 0.000775345 -0.0213657 -0.507779 
1.16667 0.00759915 0.000957287 -0.0191274 -0.512258 
1.2 0.00771219 0.00115454 -0.0180634 -0.517378 
1.23333 0.00774303 0.00120665 -0.0210295 -0.5269 
1.26667 0.00787068 0.00133752 -0.0246109 -0.538137 
1.3 0.00796734 0.00132494 -0.0319628 -0.55502 
1.33333 0.00808281 0.00141117 -0.0367549 -0.571331 
1.36667 0.00829963 0.00136767 -0.0416681 -0.589382 
1.4 0.00834294 0.00139147 -0.043735 -0.605712 
1.43333 0.00854764 0.00138981 -0.0413569 -0.617483 
1.46667 0.00882762 0.00146115 -0.0388403 -0.628298 
1.5 0.0090437 0.00146949 -0.0351366 -0.636872 
1.53333 0.00913988 0.00154139 -0.0298088 -0.642295 
1.56667 0.00926102 0.00157518 -0.0257284 -0.647415 
1.6 0.00942577 0.00177574 -0.0219655 -0.651549 
1.63333 0.00947466 0.00193851 -0.0227561 -0.659804 
1.66667 0.00970376 0.00214393 -0.0237424 -0.668554 
1.7 0.00980313 0.00229511 -0.0270904 -0.68042 
1.73333 0.00989499 0.00235543 -0.030932 -0.693985 
1.76667 0.00989288 0.0024362 -0.0363415 -0.710681 
1.8 0.00991672 0.00244789 -0.0411608 -0.728484 
1.83333 0.0100293 0.0024048 -0.0447617 -0.746455 
1.86667 0.0100936 0.00234813 -0.045954 -0.762783 
1.9 0.0103159 0.00221688 -0.0433103 -0.77498 
1.93333 0.0104792 0.00210681 -0.040002 -0.785512 
1.96667 0.0106583 0.00211837 -0.0357896 -0.793873 
2 0.0108823 0.00222936 -0.0305721 -0.799644 
2.03333 0.0110625 0.00238049 -0.0260703 -0.804521 
2.06667 0.0112233 0.00255422 -0.0249821 -0.811926 
2.1 0.0113929 0.00278638 -0.0261986 -0.82169 
2.13333 0.011561 0.00300088 -0.0294178 -0.834223 
2.16667 0.0115705 0.00316624 -0.0354901 -0.851197 
2.2 0.0114603 0.00318265 -0.0412022 -0.86977 
2.23333 0.0114854 0.0031584 -0.0443618 -0.887233 
2.26667 0.0115782 0.00306052 -0.046094 -0.904066 
2.3 0.0117218 0.00295774 -0.0453994 -0.91861 
2.33333 0.0118296 0.00282142 -0.0428535 -0.930738 
2.36667 0.0120371 0.00273867 -0.0388458 -0.940292 
2.4 0.0122801 0.00267982 -0.0332767 -0.946666 
2.43333 0.0124865 0.00275871 -0.0300394 -0.953937 
2.46667 0.0126529 0.00288526 -0.026569 -0.959853 
2.5 0.012838 0.00296764 -0.0257096 -0.967695 
2.53333 0.0129809 0.00314099 -0.0276906 -0.978604 
2.56667 0.0129652 0.00338892 -0.0313255 -0.992125 
2.6 0.0131025 0.00356266 -0.0358653 -1.00793 
2.63333 0.0130698 0.00367035 -0.0402418 -1.02505 
2.66667 0.0130689 0.00366405 -0.0437471 -1.0426 
2.7 0.0131054 0.00362892 -0.0468508 -1.06084 
2.73333 0.0131227 0.00351565 -0.0468506 -1.07646 
2.76667 0.0131361 0.00339092 -0.045454 -1.09043 
2.8 0.0132337 0.00320676 -0.0411976 -1.10056 
2.83333 0.0132352 0.00305265 -0.0370889 -1.10944 
2.86667 0.013374 0.00300163 -0.0321951 -1.11603 
2.9 0.0134845 0.00303225 -0.0277869 -1.12155 
2.93333 0.0136632 0.00320061 -0.026261 -1.12901 
2.96667 0.0137963 0.00340949 -0.0287072 -1.14066 
3 0.013844 0.00362985 -0.0319499 -1.15405 
3.03333 0.0137431 0.00385508 -0.0373677 -1.1711 
3.06667 0.0137137 0.00391458 -0.0420242 -1.18905 
3.1 0.0137289 0.0038733 -0.0453878 -1.20703 
3.13333 0.013772 0.00377991 -0.0474937 -1.22464 
3.16667 0.0137653 0.00358073 -0.0480297 -1.24111 
3.2 0.0138675 0.00348546 -0.0469946 -1.2559 
3.23333 0.0140265 0.00344337 -0.0440435 -1.26808 
3.26667 0.0143051 0.00339697 -0.0387408 -1.2765 
3.3 0.0146003 0.00339379 -0.0354086 -1.28548 
3.33333 0.0147102 0.0034513 -0.0330433 -1.29449 
3.36667 0.0148239 0.00358206 -0.0327606 -1.30517 
3.4 0.0148904 0.00379139 -0.0350399 -1.31878 
3.43333 0.0149252 0.00394293 -0.0381893 -1.33418 
3.46667 0.0148614 0.00406681 -0.0433572 -1.35301 
3.5 0.014822 0.00408295 -0.048674 -1.37374 
3.53333 0.0147616 0.00410161 -0.0553526 -1.39785 
3.56667 0.0147333 0.00409086 -0.0578651 -1.41926 
3.6 0.0145746 0.00397076 -0.0578992 -1.43859 
3.63333 0.0145141 0.00386437 -0.0550626 -1.45454 
3.66667 0.0143188 0.00373695 -0.0480736 -1.46465 
3.7 0.0141914 0.0035642 -0.0457656 -1.47795 
3.73333 0.0142541 0.00344936 -0.0419488 -1.4887 
3.76667 0.0142576 0.00332937 -0.0378925 -1.49789 
3.8 0.0142259 0.00337652 -0.0347723 -1.50684 
3.83333 0.0141082 0.00355716 -0.0361387 -1.52004 
3.86667 0.0138812 0.00366717 -0.0389065 -1.53536 
3.9 0.0137281 0.00390887 -0.0428468 -1.55298 
3.93333 0.013562 0.00402022 -0.0478089 -1.57312 
3.96667 0.0133398 0.00403962 -0.0539884 -1.59635 
4 0.0129977 0.00406568 -0.0601059 -1.62156 
4.03333 0.0128193 0.00391422 -0.0619964 -1.64383 
4.06667 0.0127238 0.00375491 -0.0627953 -1.66544 
4.1 0.0128333 0.00359101 -0.0607905 -1.68401 
4.13333 0.0128741 0.00340669 -0.0574233 -1.70029 
4.16667 0.0128955 0.00332439 -0.0506376 -1.71143 
4.2 0.0129321 0.00326921 -0.0441674 -1.72067 
4.23333 0.0129048 0.00328761 -0.0403364 -1.73087 
4.26667 0.012864 0.00337558 -0.0351772 -1.73822 
