0.300000 0.024380 0.001821 -0.969932 -0.343709 0.763823 0.673390 
0.333333 0.033801 0.011976 -0.779777 -0.406834 0.764028 0.673190 
0.366667 0.051389 0.008588 -0.785683 -0.410118 0.765575 0.673105 
0.400000 0.065767 -0.007101 -0.906551 -0.416897 0.769718 0.673079 
0.433333 0.080286 -0.010595 -0.679057 -0.488481 0.768419 0.670888 
0.466667 0.087112 -0.001008 -0.023202 -0.508186 0.771981 0.668707 
0.500000 0.077116 0.006718 0.605728 -0.444050 0.776500 0.668856 
0.533333 0.058458 0.018064 0.917448 -0.473626 0.775875 0.666360 
0.566667 0.050332 0.016841 0.903630 -0.394000 0.779628 0.668542 
0.600000 0.056770 0.013308 0.524780 -0.404996 0.781015 0.666190 
0.633333 0.073667 0.002801 -0.139555 -0.356830 0.781276 0.668053 
0.666667 0.082939 0.001308 -0.712050 -0.395416 0.786650 0.664815 
0.700000 0.080006 0.004744 -0.935989 -0.444635 0.787624 0.664799 
0.733333 0.079059 0.005742 -1.064694 -0.455624 0.790226 0.663666 
0.766667 0.086719 0.007509 -1.353968 -0.481389 0.792836 0.663101 
0.800000 0.093474 0.012018 -1.509022 -0.553127 0.795188 0.660832 
0.833333 0.090367 0.008044 -1.146239 -0.594035 0.799034 0.660743 
0.866667 0.076612 0.000807 -0.458904 -0.654429 0.800568 0.658409 
0.900000 0.063707 -0.009313 0.053481 -0.594608 0.803724 0.656596 
0.933333 0.068419 0.001578 0.298085 -0.638333 0.802970 0.656311 
0.966667 0.088103 0.015208 0.549371 -0.595637 0.806385 0.653845 
1.000000 0.102455 0.027683 0.872662 -0.600631 0.809334 0.653610 
1.033330 0.101865 0.022906 0.981689 -0.546800 0.813504 0.651829 
1.066670 0.090638 0.019273 0.595698 -0.517850 0.816147 0.651384 
1.100000 0.082146 0.026323 -0.192677 -0.503291 0.818758 0.649858 
1.133330 0.082242 0.038149 -0.938604 -0.525165 0.821599 0.649403 
1.166670 0.087657 0.036452 -1.311611 -0.587023 0.824559 0.650189 
1.200000 0.094328 0.013692 -1.425505 -0.620815 0.828634 0.649002 
1.233330 0.095963 -0.007197 -1.468247 -0.653544 0.830332 0.646637 
1.266670 0.093718 -0.008048 -1.288656 -0.720849 0.832672 0.644090 
1.300000 0.090697 -0.001908 -0.756133 -0.765410 0.834600 0.642144 
1.333330 0.093404 0.000051 -0.110562 -0.763842 0.837686 0.640480 
1.366670 0.109275 0.006519 0.391893 -0.753961 0.839161 0.637596 
1.400000 0.134074 0.023178 0.711059 -0.754661 0.841969 0.635844 
1.433330 0.146102 0.030065 0.808427 -0.703597 0.846483 0.632893 
1.466670 0.127567 0.033169 0.608921 -0.693553 0.852697 0.630548 
1.500000 0.102751 0.035246 0.133608 -0.670031 0.854988 0.628759 
1.533330 0.100001 0.047928 -0.458612 -0.672433 0.857112 0.628902 
1.566670 0.110314 0.059720 -0.935113 -0.706663 0.861675 0.627112 
1.600000 0.112957 0.052537 -1.181246 -0.745381 0.867605 0.626709 
1.633330 0.107751 0.028965 -1.255976 -0.776222 0.869088 0.625303 
1.666670 0.100381 0.010786 -1.220285 -0.830825 0.873417 0.622780 
1.700000 0.093474 0.002802 -1.051528 -0.856696 0.874776 0.620469 
1.733330 0.091561 0.003230 -0.711039 -0.899059 0.876701 0.617880 
1.766670 0.099890 -0.002735 -0.251408 -0.914122 0.879311 0.616355 
1.800000 0.113640 -0.010956 0.176284 -0.909511 0.880893 0.613546 
1.833330 0.125682 -0.006507 0.457852 -0.898652 0.883196 0.608343 
1.866670 0.135066 0.011912 0.568756 -0.884383 0.885133 0.607032 
1.900000 0.141258 0.031832 0.518103 -0.855360 0.889883 0.602549 
1.933330 0.141761 0.052023 0.318662 -0.852506 0.893454 0.600358 
1.966670 0.139594 0.062890 -0.040032 -0.837495 0.897729 0.598471 
2.000000 0.134737 0.064931 -0.545969 -0.847808 0.903571 0.595900 
2.033330 0.132353 0.056955 -1.079536 -0.872693 0.907075 0.594579 
2.066670 0.132628 0.046484 -1.488106 -0.926764 0.911370 0.592257 
2.100000 0.127880 0.030667 -1.664697 -0.968755 0.914990 0.589064 
2.133330 0.114928 0.011935 -1.463210 -1.030390 0.918494 0.585622 
2.166670 0.110078 -0.008764 -0.794378 -1.077030 0.919830 0.583253 
2.200000 0.121092 -0.017588 0.057032 -1.102160 0.920604 0.579900 
2.233330 0.137329 -0.012299 0.585212 -1.054240 0.922710 0.574703 
2.266670 0.151205 0.015571 0.670782 -1.042740 0.924037 0.571422 
2.300000 0.160340 0.043551 0.616590 -1.026650 0.928469 0.566436 
2.333330 0.165987 0.058863 0.555797 -1.012190 0.933158 0.563904 
2.366670 0.165036 0.060722 0.299883 -0.986399 0.936900 0.560136 
2.400000 0.151103 0.057603 -0.217778 -0.971064 0.942620 0.555594 
2.433330 0.129767 0.054446 -0.805147 -1.016650 0.946396 0.553804 
2.466670 0.119605 0.040723 -1.303427 -1.029220 0.949909 0.551682 
2.500000 0.116454 0.034610 -1.614506 -1.086640 0.952468 0.547660 
2.533330 0.117718 0.029324 -1.588486 -1.149490 0.955586 0.544962 
2.566670 0.123518 0.016007 -1.204113 -1.196110 0.957673 0.542910 
2.600000 0.129829 0.000270 -0.676012 -1.232000 0.959836 0.537026 
2.633330 0.135466 -0.007613 -0.209043 -1.232030 0.960821 0.534091 
2.666670 0.142590 0.004089 0.202717 -1.238650 0.961357 0.529405 
2.700000 0.145599 0.022806 0.584276 -1.238910 0.963969 0.524756 
2.733330 0.142916 0.027261 0.778306 -1.191380 0.966971 0.520051 
2.766670 0.140265 0.030055 0.641454 -1.179990 0.969236 0.517545 
2.800000 0.145965 0.035947 0.245640 -1.149550 0.972319 0.511870 
2.833330 0.154349 0.055924 -0.252399 -1.164170 0.974189 0.509724 
2.866670 0.160308 0.066440 -0.772881 -1.175280 0.980356 0.503578 
2.900000 0.160442 0.058233 -1.227046 -1.198640 0.983251 0.501638 
2.933330 0.148657 0.046565 -1.465475 -1.266300 0.987417 0.496503 
2.966670 0.127850 0.035635 -1.453744 -1.310350 0.989506 0.490816 
3.000000 0.117859 0.025780 -1.211302 -1.337470 0.990882 0.488675 
3.033330 0.137448 0.015399 -0.671131 -1.401650 0.993500 0.485729 
3.066670 0.170549 -0.002366 0.001286 -1.407150 0.994199 0.479978 
3.100000 0.180179 -0.010354 0.371099 -1.381930 0.994210 0.473746 
3.133330 0.166431 0.005936 0.348420 -1.358600 0.996449 0.466235 
3.166670 0.162167 0.043035 0.270356 -1.378860 0.996095 0.463710 
3.200000 0.183268 0.064405 0.248117 -1.354560 1.000980 0.458288 
3.233330 0.198489 0.068386 0.013177 -1.354630 1.004100 0.452116 
3.266670 0.184432 0.053736 -0.527431 -1.334770 1.008150 0.445199 
3.300000 0.149274 0.050290 -1.084338 -1.393680 1.010570 0.440378 
3.333330 0.128861 0.043344 -1.418582 -1.430240 1.012500 0.436989 
3.366670 0.128953 0.034919 -1.531908 -1.467010 1.014720 0.433019 
3.400000 0.131204 0.026121 -1.455590 -1.538090 1.016050 0.428483 
3.433330 0.126661 0.007813 -1.268937 -1.577660 1.016540 0.423359 
3.466670 0.122919 -0.010212 -1.067292 -1.605640 1.016980 0.419982 
3.500000 0.126102 -0.012182 -0.681936 -1.636020 1.015540 0.416589 
3.533330 0.126169 0.009985 0.094768 -1.679940 1.014800 0.410882 
3.566670 0.117439 0.033710 0.991171 -1.635340 1.015540 0.407812 
3.600000 0.107668 0.051685 1.366696 -1.600510 1.016300 0.403402 
3.633330 0.111942 0.042995 0.846888 -1.549570 1.018720 0.399357 
3.666670 0.131945 0.013749 -0.131230 -1.488590 1.021400 0.397812 
3.700000 0.145567 0.022270 -0.682744 -1.602950 1.019180 0.391360 
3.733330 0.140121 0.036737 -0.631943 -1.573960 1.020910 0.385121 
3.766670 0.124764 0.059059 -0.592213 -1.603930 1.022290 0.383032 
3.800000 0.120542 0.054197 -0.882724 -1.604000 1.025390 0.378054 
3.833330 0.119241 0.044908 -1.259607 -1.672410 1.026610 0.373846 
3.866670 0.120821 0.036806 -1.496728 -1.695490 1.025640 0.369677 
3.900000 0.121431 0.038117 -1.576148 -1.766500 1.027980 0.366257 
3.933330 0.123936 0.026919 -1.466381 -1.797630 1.028210 0.361018 
3.966670 0.129144 0.014200 -1.105562 -1.865710 1.026430 0.356986 
4.000000 0.146010 -0.000028 -0.610658 -1.889560 1.027470 0.353404 
4.033330 0.169581 -0.004357 -0.201198 -1.883550 1.023620 0.347671 
4.066670 0.181270 0.013796 0.119581 -1.905630 1.022570 0.343443 
