0.7 0.00694751 0.00035769 -0.0132763 -0.451438 
0.733333 0.00745717 0.000283313 -0.0104878 -0.455708 
0.766667 0.00789702 0.000177933 -0.00869291 -0.457563 
0.8 0.00817471 9.52571e-005 -0.00448072 -0.454656 
0.833333 0.00847308 0.000129835 -0.00294637 -0.454122 
0.866667 0.0088586 0.000245655 -0.00493954 -0.457411 
0.9 0.00901959 0.000374643 -0.0081999 -0.462973 
0.933333 0.00905756 0.000649089 -0.00749462 -0.464788 
0.966667 0.00896062 0.000666009 -0.0121428 -0.472765 
1 0.00907987 0.000893378 -0.0160667 -0.481446 
1.03333 0.00925016 0.000962275 -0.0228371 -0.494799 
1.06667 0.0092505 0.0010721 -0.0291117 -0.509822 
1.1 0.00941512 0.0010498 -0.0311599 -0.521946 
1.13333 0.00947157 0.000926717 -0.0313782 -0.532592 
1.16667 0.00957348 0.000817263 -0.0261094 -0.536831 
1.2 0.00993937 0.000539742 -0.0210044 -0.539508 
1.23333 0.0102092 0.000260012 -0.0171998 -0.542018 
1.26667 0.0102078 0.000115213 -0.00970497 -0.538904 
1.3 0.0104129 0.000148476 -0.0062095 -0.538013 
1.33333 0.0105037 0.000245009 -0.00813431 -0.542355 
1.36667 0.0106963 0.000430235 -0.0101965 -0.547501 
1.4 0.0107832 0.000652704 -0.0118089 -0.552803 
1.43333 0.0109156 0.000870341 -0.0179697 -0.564012 
1.46667 0.0109294 0.00104751 -0.026142 -0.579649 
1.5 0.0109481 0.00117658 -0.0320975 -0.595393 
1.53333 0.0109213 0.00129852 -0.033817 -0.608122 
1.56667 0.0110183 0.00122084 -0.0360114 -0.621985 
1.6 0.0111757 0.00109946 -0.0355074 -0.633394 
1.63333 0.011335 0.000893255 -0.0326309 -0.641834 
1.66667 0.0114596 0.000787489 -0.0286052 -0.647959 
1.7 0.011818 0.000648538 -0.0239704 -0.652022 
1.73333 0.0120188 0.000425208 -0.0210866 -0.656609 
1.76667 0.0123608 0.000475842 -0.0167958 -0.658572 
1.8 0.0125746 0.000616441 -0.0139394 -0.660799 
1.83333 0.0127067 0.000750004 -0.0177019 -0.669887 
1.86667 0.0129166 0.000881422 -0.0221789 -0.681072 
1.9 0.0130326 0.0010499 -0.0281244 -0.695484 
1.93333 0.0129728 0.00131843 -0.0329267 -0.710528 
1.96667 0.0129454 0.00149325 -0.0367285 -0.725991 
2 0.0129683 0.00149917 -0.0409048 -0.743164 
2.03333 0.0127961 0.00128687 -0.0449939 -0.761626 
2.06667 0.0128933 0.00126915 -0.0398259 -0.770523 
2.1 0.0130508 0.00117473 -0.0335658 -0.776408 
2.13333 0.0132423 0.00113556 -0.0274819 -0.780415 
2.16667 0.0135286 0.000938927 -0.0224276 -0.78361 
2.2 0.0137368 0.000909372 -0.0179345 -0.785782 
2.23333 0.0139627 0.000994242 -0.0135227 -0.786552 
2.26667 0.0141012 0.00100253 -0.0166195 -0.794715 
2.3 0.0142161 0.00114092 -0.0180518 -0.801945 
2.33333 0.0143974 0.00132441 -0.0234007 -0.814277 
2.36667 0.0145763 0.00158706 -0.0299379 -0.829794 
2.4 0.0148228 0.00161046 -0.033017 -0.843408 
2.43333 0.0151487 0.00175548 -0.0327521 -0.854101 
2.46667 0.0153085 0.00175116 -0.0318838 -0.863993 
2.5 0.0154557 0.00155127 -0.0300378 -0.872442 
2.53333 0.0155989 0.00133748 -0.0270908 -0.878976 
2.56667 0.0155055 0.0011294 -0.0245123 -0.884962 
2.6 0.0155061 0.00112757 -0.019974 -0.887776 
2.63333 0.0155872 0.0011671 -0.0158216 -0.889532 
2.66667 0.015661 0.0011539 -0.0154641 -0.894384 
2.7 0.0159392 0.00129803 -0.016556 -0.900828 
2.73333 0.0160709 0.00145069 -0.0200172 -0.910432 
2.76667 0.0164186 0.00178739 -0.0195109 -0.916507 
2.8 0.0165555 0.00180176 -0.0256646 -0.930275 
2.83333 0.0165728 0.00182777 -0.030556 -0.944604 
2.86667 0.0165704 0.00175454 -0.0361315 -0.961371 
2.9 0.0165264 0.00168581 -0.0381545 -0.975802 
2.93333 0.016635 0.00163927 -0.034431 -0.984125 
2.96667 0.0168812 0.00152415 -0.0318882 -0.9926 
3 0.0171935 0.00150182 -0.025917 -0.996181 
3.03333 0.0173203 0.0015604 -0.0222052 -1.00044 
3.06667 0.0172377 0.00154868 -0.0162812 -1.00085 
3.1 0.0171905 0.00148982 -0.0131399 -1.00257 
3.13333 0.0170104 0.00149772 -0.015638 -1.00989 
3.16667 0.0167697 0.00147811 -0.0201324 -1.02041 
3.2 0.0166101 0.00160206 -0.0262467 -1.03434 
3.23333 0.0163341 0.00179701 -0.0317151 -1.04955 
3.26667 0.0162014 0.00188835 -0.0355094 -1.0646 
3.3 0.0164087 0.00196651 -0.0349259 -1.07574 
3.33333 0.0163907 0.00186131 -0.0354424 -1.088 
3.36667 0.0163451 0.00167628 -0.0336026 -1.09764 
3.4 0.016291 0.00141897 -0.0310219 -1.10579 
3.43333 0.0162866 0.00120174 -0.0254895 -1.1096 
3.46667 0.0163258 0.000993423 -0.020426 -1.11212 
3.5 0.0165511 0.000910086 -0.0161114 -1.11384 
3.53333 0.0165623 0.000969915 -0.013405 -1.11601 
3.56667 0.0167158 0.00110765 -0.0134972 -1.12059 
3.6 0.0167496 0.00131302 -0.015566 -1.12753 
