0.7 0.00250111 -0.00144411 -0.0147865 -0.227722 
0.733333 0.00271012 -0.00152257 -0.0128896 -0.233053 
0.766667 0.00295845 -0.00157349 -0.0108482 -0.235122 
0.8 0.00314918 -0.00160837 -0.0101512 -0.237681 
0.833333 0.00329394 -0.00166348 -0.00986538 -0.240402 
0.866667 0.00346395 -0.00162908 -0.0106096 -0.244419 
0.9 0.00348285 -0.00146735 -0.0141894 -0.252144 
0.933333 0.0034743 -0.00147286 -0.0189838 -0.26256 
0.966667 0.00364789 -0.00144285 -0.0244954 -0.275409 
1 0.00383803 -0.00131704 -0.0254582 -0.284713 
1.03333 0.00400533 -0.00127848 -0.02704 -0.295067 
1.06667 0.00425155 -0.00128234 -0.026834 -0.30384 
1.1 0.00433361 -0.00134013 -0.0264456 -0.312328 
1.13333 0.0044616 -0.00136619 -0.0242886 -0.318597 
1.16667 0.00458154 -0.00140011 -0.019934 -0.321553 
1.2 0.00468511 -0.0014647 -0.0148393 -0.322184 
1.23333 0.00472357 -0.00140798 -0.0100782 -0.32151 
1.26667 0.0048638 -0.00133352 -0.00707951 -0.321329 
1.3 0.0050208 -0.00122766 -0.00712126 -0.323738 
1.33333 0.00517998 -0.00106337 -0.00851696 -0.32776 
1.36667 0.00524772 -0.00093413 -0.011175 -0.333736 
1.4 0.00546038 -0.000778691 -0.0133018 -0.339972 
1.43333 0.00539023 -0.000770138 -0.021188 -0.353715 
1.46667 0.00550415 -0.000789175 -0.0242753 -0.364423 
1.5 0.00557611 -0.000823315 -0.0260672 -0.37463 
1.53333 0.00564831 -0.00089356 -0.0244407 -0.381398 
1.56667 0.00583348 -0.000951094 -0.0213528 -0.3859 
1.6 0.0059104 -0.00100365 -0.0175449 -0.388523 
1.63333 0.00613099 -0.00108467 -0.0125923 -0.388525 
1.66667 0.00630974 -0.000982082 -0.00879141 -0.388235 
1.7 0.00635324 -0.000917969 -0.00504566 -0.386744 
1.73333 0.00640591 -0.000867499 -0.00557655 -0.389053 
1.76667 0.0065032 -0.00071577 -0.00754432 -0.393235 
1.8 0.00645016 -0.000610972 -0.0117883 -0.400759 
1.83333 0.00661639 -0.000477497 -0.0161417 -0.409828 
1.86667 0.00669158 -0.000390532 -0.0189001 -0.418464 
1.9 0.00676914 -0.000364489 -0.0227406 -0.429298 
1.93333 0.0068841 -0.000334492 -0.0255201 -0.440159 
1.96667 0.00695627 -0.000366758 -0.026469 -0.449786 
2 0.00705198 -0.000471285 -0.0249953 -0.456869 
2.03333 0.00714421 -0.000595255 -0.0221114 -0.461797 
2.06667 0.00716972 -0.000637264 -0.0186113 -0.465036 
2.1 0.0072387 -0.000722774 -0.0128605 -0.464451 
2.13333 0.00720231 -0.00074725 -0.00884114 -0.463993 
2.16667 0.00732277 -0.000617918 -0.004602 -0.461936 
2.2 0.00745595 -0.000445004 -0.00451751 -0.46337 
2.23333 0.00745634 -0.000208139 -0.00665754 -0.467402 
2.26667 0.00748047 -1.18308e-005 -0.0103127 -0.473936 
2.3 0.00746764 8.30963e-005 -0.0143299 -0.482116 
2.33333 0.00747776 0.000173798 -0.0208702 -0.494613 
2.36667 0.00748131 0.000232218 -0.0242313 -0.505537 
2.4 0.00751118 0.000122908 -0.0276343 -0.517632 
2.43333 0.00759363 4.73619e-005 -0.027498 -0.526682 
2.46667 0.00772077 5.99407e-006 -0.0249492 -0.532839 
2.5 0.00783442 -0.000110827 -0.0187461 -0.533833 
2.53333 0.00792544 -0.000126757 -0.0138074 -0.534252 
2.56667 0.0079439 -0.000251637 -0.00859325 -0.532699 
2.6 0.00796571 -0.000219548 -0.00426342 -0.530453 
2.63333 0.00801917 -0.000224914 -0.00185461 -0.52903 
2.66667 0.00810775 -7.56529e-005 -0.0018265 -0.529615 
2.7 0.00821003 8.88055e-005 -0.00321283 -0.531861 
2.73333 0.00825956 0.000294036 -0.00654661 -0.536867 
2.76667 0.00827836 0.000352991 -0.0114214 -0.544804 
2.8 0.0083343 0.00044265 -0.015606 -0.553551 
2.83333 0.00836063 0.000467454 -0.0217913 -0.566054 
2.86667 0.00844099 0.000458025 -0.0254749 -0.577666 
2.9 0.0085306 0.00034406 -0.0250942 -0.585709 
2.93333 0.00847693 0.000261861 -0.0243177 -0.593157 
2.96667 0.00857636 9.36574e-005 -0.0194098 -0.595469 
3 0.00871547 -4.05061e-005 -0.0155712 -0.597408 
3.03333 0.00886834 -2.1851e-005 -0.0114475 -0.59773 
3.06667 0.0090026 -2.95508e-005 -0.00589898 -0.594996 
3.1 0.00915829 -1.17807e-005 -0.00351664 -0.59415 
3.13333 0.00925239 9.83385e-005 -0.00164776 -0.593116 
3.16667 0.00927103 0.000293919 -0.00480435 -0.597392 
3.2 0.00921447 0.000430587 -0.0103254 -0.605511 
3.23333 0.00919111 0.000564569 -0.0163108 -0.616018 
3.26667 0.00934791 0.000642343 -0.0208451 -0.626807 
3.3 0.00945104 0.000684137 -0.0245396 -0.638117 
3.33333 0.0096052 0.000696982 -0.0263435 -0.648426 
3.36667 0.00977709 0.000724009 -0.0263907 -0.657263 
3.4 0.00985077 0.0005795 -0.0250644 -0.664495 
3.43333 0.0099456 0.000419263 -0.0232019 -0.670651 
3.46667 0.0100061 0.000242905 -0.0197977 -0.674366 
3.5 0.00999721 0.000212695 -0.0148333 -0.675105 
3.53333 0.0100839 0.000225679 -0.0101246 -0.674491 
3.56667 0.0101477 0.000322497 -0.00581754 -0.672782 
3.6 0.0101347 0.000460974 -0.00531077 -0.674123 
3.63333 0.010208 0.000579227 -0.00798129 -0.679045 
3.66667 0.0103673 0.000703423 -0.0105458 -0.684733 
3.7 0.010439 0.000838339 -0.0159482 -0.694626 
3.73333 0.0104878 0.0010327 -0.0194316 -0.704054 
3.76667 0.0104905 0.00110541 -0.0244187 -0.716418 
3.8 0.0105617 0.00110406 -0.0264529 -0.726959 
3.83333 0.0105865 0.00106272 -0.0274241 -0.736923 
3.86667 0.0107013 0.000998668 -0.0254068 -0.743683 
3.9 0.0108223 0.000859853 -0.0220355 -0.748172 
3.93333 0.0110844 0.000702097 -0.015605 -0.747927 
3.96667 0.0112121 0.000657809 -0.0105229 -0.747129 
4 0.0111823 0.000706637 -0.00747594 -0.74704 
4.03333 0.0112035 0.00079657 -0.00641713 -0.748282 
4.06667 0.0112109 0.000864532 -0.00811906 -0.75243 
4.1 0.0110819 0.000925608 -0.0105759 -0.758037 
4.13333 0.0110611 0.00106789 -0.0130729 -0.764509 
4.16667 0.0111026 0.00127706 -0.0177282 -0.774363 
4.2 0.0111556 0.00144621 -0.0225451 -0.785958 
4.23333 0.011346 0.0014876 -0.0260889 -0.797656 
4.26667 0.0115223 0.00141184 -0.029931 -0.810888 
4.3 0.0116254 0.00136973 -0.0304428 -0.821469 
4.33333 0.0117371 0.0012331 -0.0262849 -0.826709 
4.36667 0.0116709 0.00112583 -0.0238959 -0.83265 
4.4 0.0117646 0.0010074 -0.0177797 -0.833395 
4.43333 0.011882 0.0010511 -0.0138796 -0.834718 
