0.289 25 20 
0.368 25 20 
0.462 25 20 
0.556 25 20 
0.634 25 20 
0.742 25 20 
0.821 25 20 
0.929 25 20 
0.991 25 20 
1.055 25 20 
1.118 25 20 
1.18 25 20 
1.258 25 20 
1.32 25 20 
1.382 25 20 
1.445 25 20 
1.54 25 20 
1.601 25 20 
1.68 25 20 
1.774 25 20 
1.851 25 20 
1.915 25 20 
1.993 25 20 
2.07 25 20 
2.164 25 20 
2.258 25 20 
2.32 25 20 
2.383 25 20 
2.445 25 20 
2.539 25 20 
2.602 25 20 
2.679 25 20 
2.742 25 20 
2.82 25 20 
2.93 25 20 
3.023 25 20 
3.085 25 20 
3.165 25 20 
3.257 25 20 
3.351 25 20 
3.415 25 20 
3.493 25 20 
3.587 25 20 
3.696 25 20 
3.759 25 20 
3.836 25 20 
3.945 25 20 
4.008 25 20 
4.086 25 20 
4.163 25 20 
4.258 25 20 
4.321 25 20 
4.383 25 20 
4.477 25 20 
4.585 25 20 
4.68 25 20 
4.742 25 20 
4.821 25 20 
4.93 25 20 
5.023 25 20 
5.132 25 20 
5.212 25 20 
5.29 25 20 
5.352 25 20 
5.414 25 20 
5.476 25 20 
5.555 25 20 
5.649 25 20 
5.727 25 20 
5.79 25 20 
5.852 25 20 
5.913 25 20 
5.976 25 20 
6.039 25 20 
6.116 25 20 
6.226 25 20 
6.289 25 20 
6.352 25 20 
6.43 25 20 
6.523 25 20 
6.618 25 20 
6.679 25 20 
6.774 25 20 
6.852 25 20 
6.929 25 20 
6.993 25 20 
7.055 25 20 
7.118 25 20 
7.181 25 20 
7.242 25 20 
7.336 25 20 
7.415 25 20 
7.492 25 20 
7.586 25 20 
7.664 25 20 
7.741 25 20 
7.836 25 20 
7.93 25 20 
8.023 25 20 
8.132 25 20 
8.195 25 20 
8.289 25 20 
8.352 25 20 
8.414 25 20 
8.477 25 20 
8.571 25 20 
8.633 25 20 
8.727 25 20 
8.821 25 20 
8.93 25 20 
9.008 25 20 
9.102 25 20 
9.18 25 20 
9.275 25 20 
9.382 25 20 
9.461 25 20 
9.539 25 20 
9.616 25 20 
9.695 25 20 
9.789 25 20 
9.882 25 20 
9.96 25 20 
10.054 25 20 
10.133 25 20 
10.195 25 20 
10.305 25 20 
10.384 25 20 
10.476 25 20 
10.555 25 20 
