0.7 0.0031936 -0.000540422 -0.00846227 -0.0984617 
0.733333 0.00334694 -0.000534025 -0.00849179 -0.103138 
0.766667 0.00363398 -0.000567827 -0.00599641 -0.103131 
0.8 0.00379798 -0.000507453 -0.00404239 -0.102454 
0.833333 0.00395666 -0.00047889 -0.00245298 -0.101859 
0.866667 0.00406247 -0.000366166 -0.0031341 -0.103379 
0.9 0.00418966 -0.000210529 -0.00591087 -0.107659 
0.933333 0.00428773 -0.00014283 -0.0100179 -0.114492 
0.966667 0.00438541 -6.29966e-005 -0.012183 -0.120382 
1 0.00448054 -5.41264e-005 -0.0152995 -0.128124 
1.03333 0.00453258 -3.93683e-005 -0.0163258 -0.134439 
1.06667 0.00458928 -0.000102528 -0.0184825 -0.142429 
1.1 0.00473321 -0.000262441 -0.0169793 -0.146816 
1.13333 0.00489291 -0.000425617 -0.0153835 -0.150593 
1.16667 0.00495554 -0.00049428 -0.0119962 -0.151723 
1.2 0.00498308 -0.000460761 -0.00806585 -0.151082 
1.23333 0.00514739 -0.00045991 -0.0048539 -0.149979 
1.26667 0.0053668 -0.000393064 -0.00270802 -0.149063 
1.3 0.00538438 -0.000319325 -0.00128571 -0.148287 
1.33333 0.00543759 -0.000211685 -0.00277355 -0.150472 
1.36667 0.00544551 -6.60788e-005 -0.00477344 -0.153757 
1.4 0.00547667 1.43036e-005 -0.00930494 -0.160698 
1.43333 0.00554256 0.000106682 -0.0131589 -0.168349 
1.46667 0.0056004 0.000139831 -0.0124678 -0.171919 
1.5 0.00551724 0.000139438 -0.0142555 -0.178186 
1.53333 0.00570947 4.92941e-005 -0.0144782 -0.1832 
1.56667 0.00577963 -1.90386e-005 -0.0137284 -0.187141 
1.6 0.00581116 -0.000111396 -0.0108063 -0.188268 
1.63333 0.00588033 -0.000231017 -0.00736064 -0.187802 
1.66667 0.00599997 -0.000320098 -0.00488434 -0.187333 
1.7 0.00603698 -0.00023554 -0.00515055 -0.189275 
1.73333 0.00607334 -0.000126798 -0.00444225 -0.190156 
1.76667 0.00606432 3.48734e-005 -0.00610588 -0.193601 
1.8 0.00612141 0.000101267 -0.00611554 -0.195647 
1.83333 0.00602754 0.000214535 -0.0100532 -0.202334 
1.86667 0.00606466 0.000301921 -0.0146027 -0.211056 
1.9 0.00610635 0.000347959 -0.0175708 -0.219427 
1.93333 0.00623099 0.000372088 -0.018932 -0.226891 
1.96667 0.00620747 0.000194302 -0.0207708 -0.235372 
2 0.00616597 6.73906e-005 -0.0198377 -0.241194 
2.03333 0.00630993 -7.67114e-006 -0.0186233 -0.246373 
2.06667 0.00637864 -5.11793e-005 -0.0143475 -0.247533 
2.1 0.00644211 1.06281e-005 -0.0115278 -0.248987 
2.13333 0.00647428 2.13734e-005 -0.0090602 -0.249917 
2.16667 0.00647965 7.18599e-005 -0.00746955 -0.251059 
2.2 0.00655966 9.30734e-005 -0.00848259 -0.254745 
2.23333 0.0066321 0.000195431 -0.00956876 -0.258855 
2.26667 0.00649326 0.000301586 -0.0119062 -0.264804 
2.3 0.0064163 0.000465684 -0.0157604 -0.273322 
2.33333 0.00643383 0.000627477 -0.0208766 -0.284615 
2.36667 0.00640132 0.000616536 -0.0238751 -0.295114 
2.4 0.00644004 0.000636402 -0.0228677 -0.301883 
2.43333 0.00651343 0.000496701 -0.0214371 -0.307817 
2.46667 0.0066669 0.000396816 -0.0202467 -0.313557 
2.5 0.0068659 0.000250623 -0.0192176 -0.319091 
2.53333 0.00699532 0.000254819 -0.0169464 -0.322816 
2.56667 0.00710143 0.000286209 -0.0126241 -0.323362 
2.6 0.00709624 0.000342329 -0.010225 -0.324738 
2.63333 0.00718005 0.00039019 -0.00929046 -0.327044 
2.66667 0.00719743 0.000449535 -0.0107459 -0.331858 
2.7 0.00730847 0.000691611 -0.0115438 -0.336382 
2.73333 0.00733494 0.000839053 -0.014561 -0.343792 
2.76667 0.0072683 0.000878449 -0.018314 -0.353076 
2.8 0.00725674 0.000963891 -0.0216795 -0.363153 
2.83333 0.0073098 0.000831045 -0.0236453 -0.3727 
2.86667 0.00735163 0.000793738 -0.0235691 -0.380492 
2.9 0.00741575 0.000665767 -0.0230237 -0.387705 
2.93333 0.00750912 0.000567043 -0.0222902 -0.394513 
2.96667 0.00757364 0.000451745 -0.0201427 -0.399408 
3 0.00768621 0.00042296 -0.0170128 -0.402428 
3.03333 0.00785399 0.000402942 -0.0140578 -0.404611 
3.06667 0.00797893 0.000352072 -0.01038 -0.404955 
3.1 0.00801949 0.000506294 -0.00873415 -0.406472 
3.13333 0.00805351 0.000612631 -0.0109326 -0.411979 
3.16667 0.00802686 0.00082545 -0.012277 -0.41721 
3.2 0.00794997 0.000874854 -0.0156427 -0.425276 
3.23333 0.00789412 0.00100359 -0.0185877 -0.433966 
3.26667 0.00787096 0.0010293 -0.0224197 -0.444686 
3.3 0.00788935 0.000945406 -0.0240641 -0.4541 
3.33333 0.00785679 0.000933311 -0.0237811 -0.461787 
3.36667 0.00787554 0.00084768 -0.0235544 -0.469447 
3.4 0.00791594 0.00076346 -0.0213579 -0.474705 
3.43333 0.00794502 0.000618403 -0.0180343 -0.477901 
3.46667 0.00796639 0.000556201 -0.0135215 -0.478586 
3.5 0.00806837 0.00057224 -0.00947232 -0.478313 
3.53333 0.00811528 0.000575273 -0.00640827 -0.477853 
3.56667 0.00822206 0.000739029 -0.00721312 -0.480939 
3.6 0.00828157 0.000940623 -0.00916371 -0.485646 
3.63333 0.00834101 0.00109104 -0.0121142 -0.492184 
3.66667 0.0083259 0.00117559 -0.0157996 -0.500572 
3.7 0.00834712 0.0013205 -0.0198026 -0.510564 
3.73333 0.00845607 0.00136604 -0.0208178 -0.518364 
3.76667 0.00837062 0.0013332 -0.0239938 -0.529052 
3.8 0.00840685 0.00127976 -0.0254438 -0.538762 
3.83333 0.00852415 0.00120141 -0.0235782 -0.545041 
3.86667 0.00857845 0.00105084 -0.0221983 -0.551271 
3.9 0.008709 0.000826964 -0.0195866 -0.555588 
3.93333 0.00872167 0.00079056 -0.0135132 -0.554947 
3.96667 0.00886218 0.000797676 -0.0103196 -0.555682 
4 0.00902938 0.000869121 -0.00929341 -0.55791 
4.03333 0.00913827 0.00101466 -0.0119795 -0.564179 
4.06667 0.00933157 0.00107913 -0.015213 -0.571989 
4.1 0.00936796 0.00130561 -0.0166819 -0.578794 
4.13333 0.00940502 0.00141263 -0.0218293 -0.590431 
4.16667 0.00945411 0.00146749 -0.0244969 -0.600856 
4.2 0.00946706 0.00143704 -0.0279275 -0.613071 
4.23333 0.00949319 0.00139331 -0.0303682 -0.625262 
4.26667 0.00948154 0.00136131 -0.0306311 -0.635695 
4.3 0.00951097 0.00126048 -0.026959 -0.64157 
4.33333 0.00960469 0.00114339 -0.0238712 -0.646912 
4.36667 0.00968609 0.00110683 -0.019836 -0.650105 
4.4 0.00983613 0.00114659 -0.0166363 -0.65294 
4.43333 0.00990569 0.00116125 -0.0160027 -0.657738 
4.46667 0.00984528 0.00124267 -0.0186484 -0.666195 
4.5 0.00998064 0.00131149 -0.0190095 -0.672837 
4.53333 0.00993952 0.00141009 -0.0200759 -0.680433 
4.56667 0.00994706 0.00153718 -0.0236177 -0.691306 
4.6 0.00991686 0.00161912 -0.0266832 -0.702797 
4.63333 0.00995173 0.00167952 -0.0285361 -0.713879 
4.66667 0.0100198 0.00173971 -0.0329042 -0.728547 
4.7 0.00990306 0.00164799 -0.0330087 -0.739639 
4.73333 0.00980347 0.00156568 -0.031259 -0.748576 
4.76667 0.00975583 0.00142519 -0.027826 -0.754943 
4.8 0.00966908 0.00132533 -0.0238192 -0.759489 
4.83333 0.00962702 0.00121949 -0.0213535 -0.764518 
4.86667 0.00968285 0.00118113 -0.0164291 -0.765823 
4.9 0.00960658 0.00130606 -0.016134 -0.770951 
4.93333 0.0096748 0.00144333 -0.0161994 -0.776406 
4.96667 0.00981957 0.00153465 -0.0181011 -0.78405 
5 0.00989162 0.00168325 -0.021779 -0.794426 
5.03333 0.00983641 0.00171123 -0.0275634 -0.808514 
5.06667 0.00972416 0.00176799 -0.0310257 -0.821789 
5.1 0.00967731 0.00175388 -0.0307417 -0.831795 
5.13333 0.00952311 0.00176189 -0.0322015 -0.843766 
5.16667 0.00948334 0.00167035 -0.0308198 -0.852868 
5.2 0.00949897 0.00152536 -0.0283082 -0.860177 
5.23333 0.0094574 0.00144018 -0.0248013 -0.865473 
5.26667 0.00954908 0.0013493 -0.0216634 -0.870036 
5.3 0.00953691 0.00125424 -0.0177926 -0.872688 
5.33333 0.00954057 0.00130015 -0.0150383 -0.875368 
5.36667 0.00957027 0.0014671 -0.0139783 -0.879129 
5.4 0.00953835 0.00154333 -0.0147367 -0.884684 
5.43333 0.00959064 0.00165479 -0.017439 -0.892786 
5.46667 0.00963067 0.00172685 -0.0207938 -0.902559 
5.5 0.00963714 0.00181201 -0.0243896 -0.913735 
5.53333 0.00965653 0.00184973 -0.0272902 -0.925289 
5.56667 0.00965056 0.00184961 -0.0313314 -0.939156 
5.6 0.00963734 0.00180486 -0.0327031 -0.951219 
5.63333 0.00967215 0.00169383 -0.0305505 -0.959579 
5.66667 0.00963885 0.00154964 -0.0293238 -0.968315 
5.7 0.00951885 0.00149783 -0.0262605 -0.974473 
5.73333 0.00952426 0.00138372 -0.0210686 -0.977098 
5.76667 0.00951299 0.00126561 -0.0161668 -0.978335 
5.8 0.00952891 0.00129377 -0.0126322 -0.979551 
5.83333 0.00959683 0.00131353 -0.0139995 -0.985376 
5.86667 0.00974911 0.0012974 -0.0137538 -0.989752 
5.9 0.00974911 0.00139732 -0.0157978 -0.99675 
5.93333 0.00974741 0.00151201 -0.0187834 -1.00554 
5.96667 0.00972572 0.00156438 -0.0226117 -1.01632 
6 0.00970242 0.00163098 -0.0269487 -1.02898 
6.03333 0.00967592 0.00170189 -0.0326858 -1.04473 
6.06667 0.00970996 0.00168511 -0.0342569 -1.05748 
6.1 0.00962032 0.00153669 -0.0353877 -1.07024 
6.13333 0.00966678 0.00144654 -0.0331211 -1.07936 
