0.265 20 30 
0.343 20 30 
0.452 20 30 
0.546 20 30 
0.639 20 30 
0.733 20 30 
0.843 20 30 
0.937 20 30 
1.014 20 30 
1.092 20 30 
1.156 20 30 
1.249 20 30 
1.358 20 30 
1.436 20 30 
1.499 20 30 
1.594 20 30 
1.702 20 30 
1.766 20 30 
1.844 20 30 
1.937 20 30 
2.015 20 30 
2.11 20 30 
2.218 20 30 
2.296 20 30 
2.359 20 30 
2.42 20 30 
2.499 20 30 
2.562 20 30 
2.625 20 30 
2.702 20 30 
2.764 20 30 
2.859 20 30 
2.937 20 30 
2.999 20 30 
3.061 20 30 
3.124 20 30 
3.186 20 30 
3.265 20 30 
3.343 20 30 
3.468 20 30 
3.563 20 30 
3.671 20 30 
3.734 20 30 
3.796 20 30 
3.875 20 30 
3.952 20 30 
4.016 20 30 
4.092 20 30 
4.171 20 30 
4.248 20 30 
4.327 20 30 
4.389 20 30 
4.452 20 30 
4.531 20 30 
4.592 20 30 
4.655 20 30 
4.734 20 30 
4.828 20 30 
4.922 20 30 
4.999 20 30 
5.062 20 30 
5.124 20 30 
5.188 20 30 
5.25 20 30 
5.327 20 30 
5.421 20 30 
5.5 20 30 
5.593 20 30 
5.657 20 30 
5.75 20 30 
5.842 20 30 
5.92 20 30 
5.983 20 30 
6.046 20 30 
6.139 20 30 
6.249 20 30 
6.328 20 30 
6.389 20 30 
6.483 20 30 
6.562 20 30 
6.639 20 30 
6.734 20 30 
6.828 20 30 
6.937 20 30 
6.999 20 30 
7.078 20 30 
7.172 20 30 
7.235 20 30 
7.297 20 30 
7.375 20 30 
7.485 20 30 
7.561 20 30 
7.639 20 30 
7.702 20 30 
7.781 20 30 
7.906 20 30 
7.983 20 30 
8.061 20 30 
8.139 20 30 
8.249 20 30 
8.343 20 30 
8.405 20 30 
8.5 20 30 
8.562 20 30 
8.625 20 30 
8.688 20 30 
8.765 20 30 
8.86 20 30 
8.937 20 30 
9.016 20 30 
9.094 20 30 
9.156 20 30 
9.218 20 30 
9.312 20 30 
9.421 20 30 
9.515 20 30 
9.578 20 30 
9.671 20 30 
9.734 20 30 
9.796 20 30 
9.859 20 30 
9.936 20 30 
10.03 20 30 
10.108 20 30 
10.202 20 30 
10.249 20 30 
10.327 20 30 
10.391 20 30 
10.453 20 30 
10.531 20 30 
10.594 20 30 
10.671 20 30 
10.766 20 30 
10.875 20 30 
10.938 20 30 
10.999 20 30 
11.061 20 30 
11.124 20 30 
11.187 20 30 
11.249 20 30 
11.328 20 30 
11.389 20 30 
11.468 20 30 
11.562 20 30 
11.625 20 30 
11.702 20 30 
11.764 20 30 
11.828 20 30 
11.921 20 30 
11.984 20 30 
12.062 20 30 
12.124 20 30 
12.202 20 30 
12.265 20 30 
12.327 20 30 
12.406 20 30 
12.468 20 30 
12.53 20 30 
12.624 20 30 
12.688 20 30 
12.766 20 30 
12.858 20 30 
12.936 20 30 
12.999 20 30 
13.062 20 30 
13.124 20 30 
13.187 20 30 
13.264 20 30 
13.343 20 30 
13.452 20 30 
13.53 20 30 
13.593 20 30 
13.655 20 30 
13.766 20 30 
13.828 20 30 
13.906 20 30 
13.999 20 30 
14.109 20 30 
14.218 20 30 
14.296 20 30 
14.36 20 30 
14.422 20 30 
14.515 20 30 
14.593 20 30 
14.671 20 30 
14.764 20 30 
