0.066667 0.056124 -0.012225 0.032655 -0.142136 0.712661 0.678227 
0.100000 0.055164 -0.014342 0.231067 -0.110680 0.714075 0.679038 
0.133333 0.056933 -0.007492 0.512574 -0.111164 0.716134 0.676617 
0.166667 0.062003 0.010213 0.640724 -0.103803 0.717182 0.677280 
0.200000 0.062032 0.026700 0.612941 -0.062337 0.720273 0.677700 
0.233333 0.049345 0.036965 0.330114 -0.052807 0.722268 0.678484 
0.266667 0.034967 0.035969 -0.148180 -0.047595 0.723851 0.679919 
0.300000 0.033244 0.028564 -0.617309 -0.054179 0.723999 0.681618 
0.333333 0.040520 0.024366 -0.870480 -0.091415 0.725585 0.681045 
0.366667 0.043821 0.021525 -0.910021 -0.132987 0.727615 0.682219 
0.400000 0.041740 0.011076 -0.870219 -0.129167 0.729092 0.683545 
0.433333 0.038710 -0.000444 -0.700199 -0.186565 0.729693 0.681735 
0.466667 0.035683 -0.010930 -0.313286 -0.200144 0.731744 0.683207 
0.500000 0.031078 -0.013150 0.121674 -0.198356 0.732424 0.681061 
0.533333 0.030886 -0.005303 0.406038 -0.183717 0.733205 0.680747 
0.566667 0.041506 0.005778 0.563893 -0.173177 0.734317 0.680893 
0.600000 0.060158 0.015482 0.673616 -0.147365 0.735915 0.681337 
0.633333 0.074059 0.030968 0.602202 -0.141714 0.738245 0.680808 
0.666667 0.071646 0.044433 0.125374 -0.097834 0.741088 0.681970 
0.700000 0.048943 0.046348 -0.584308 -0.105801 0.744175 0.683614 
0.733333 0.024527 0.030492 -0.946777 -0.153891 0.744762 0.685653 
0.766667 0.018459 0.015568 -0.723818 -0.192563 0.745182 0.685743 
0.800000 0.028600 0.013998 -0.390311 -0.205805 0.746100 0.684122 
0.833333 0.042838 0.011273 -0.441664 -0.190926 0.747234 0.687366 
0.866667 0.050855 0.004326 -0.662622 -0.216439 0.749505 0.685957 
0.900000 0.053398 0.001192 -0.536990 -0.267571 0.750793 0.684575 
0.933333 0.056858 -0.006169 -0.107667 -0.269720 0.752446 0.685366 
0.966667 0.059631 -0.018130 0.187932 -0.245973 0.754244 0.685313 
1.000000 0.057205 -0.015196 0.264872 -0.250194 0.756642 0.681764 
1.033330 0.053965 0.003402 0.362831 -0.242149 0.757583 0.681973 
1.066670 0.053877 0.021434 0.511193 -0.232792 0.759129 0.683069 
1.100000 0.049505 0.031627 0.488258 -0.205225 0.762339 0.682409 
1.133330 0.038035 0.037701 0.222947 -0.182971 0.763110 0.683464 
1.166670 0.027324 0.032162 -0.113881 -0.199992 0.764538 0.684421 
1.200000 0.027523 0.012194 -0.418343 -0.202837 0.765916 0.686699 
1.233330 0.040776 0.001422 -0.728761 -0.209135 0.766376 0.684820 
1.266670 0.062657 0.015435 -1.039536 -0.265389 0.768024 0.684107 
1.300000 0.079408 0.024601 -1.199646 -0.265374 0.770086 0.685204 
1.333330 0.075934 0.014508 -0.968982 -0.340998 0.774811 0.685832 
1.366670 0.060208 -0.010140 -0.367698 -0.366381 0.776036 0.684390 
1.400000 0.045110 -0.019030 0.201950 -0.345487 0.776843 0.682635 
1.433330 0.041597 -0.005213 0.479522 -0.335567 0.778628 0.682068 
1.466670 0.047840 0.014028 0.554400 -0.327504 0.779453 0.681894 
1.500000 0.052334 0.021747 0.487403 -0.306929 0.780981 0.681739 
1.533330 0.048589 0.014570 0.280745 -0.274467 0.784998 0.682353 
1.566670 0.049773 0.013470 0.085015 -0.296384 0.784649 0.682869 
1.600000 0.069034 0.030019 -0.019991 -0.277093 0.786460 0.680823 
1.633330 0.084509 0.050344 -0.212080 -0.306588 0.788808 0.682428 
1.666670 0.077864 0.036097 -0.536130 -0.255536 0.795423 0.684653 
1.700000 0.050703 0.016201 -0.748329 -0.358708 0.795028 0.683610 
1.733330 0.034148 0.000725 -0.842594 -0.341029 0.796559 0.682770 
1.766670 0.029782 -0.001381 -1.007483 -0.364399 0.798029 0.683196 
1.800000 0.033636 -0.006990 -1.021240 -0.412455 0.798392 0.682472 
1.833330 0.045981 -0.014255 -0.572463 -0.460554 0.800240 0.682136 
1.866670 0.066075 -0.007412 0.079797 -0.456676 0.800751 0.680379 
1.900000 0.086460 0.017308 0.453164 -0.431480 0.802719 0.678899 
1.933330 0.091471 0.035293 0.485329 -0.421454 0.806519 0.678047 
1.966670 0.075242 0.024085 0.430319 -0.408955 0.811168 0.680779 
2.000000 0.051645 0.005834 0.423147 -0.397184 0.811635 0.677824 
2.033330 0.038904 0.008778 0.421926 -0.376800 0.812983 0.677484 
2.066670 0.041999 0.025882 0.338497 -0.366774 0.814605 0.678350 
2.100000 0.052303 0.032919 0.005433 -0.371041 0.816113 0.678218 
2.133330 0.060225 0.019887 -0.644813 -0.343581 0.818875 0.679361 
2.166670 0.060534 0.007628 -1.221213 -0.393940 0.821065 0.678872 
2.200000 0.059157 0.007580 -1.277641 -0.467646 0.822079 0.676672 
2.233330 0.057617 0.009204 -1.012072 -0.489745 0.824173 0.677847 
2.266670 0.057399 0.002631 -0.822619 -0.492766 0.827117 0.676171 
2.300000 0.063585 -0.002776 -0.573236 -0.546336 0.827291 0.675800 
2.333330 0.072992 0.000719 -0.066940 -0.564167 0.829585 0.674432 
2.366670 0.074264 0.011496 0.365867 -0.550930 0.832088 0.672212 
2.400000 0.070052 0.014601 0.420768 -0.501037 0.834558 0.671917 
2.433330 0.070481 0.014440 0.315705 -0.536235 0.836726 0.672864 
2.466670 0.077811 0.016273 0.298755 -0.500659 0.838495 0.670005 
2.500000 0.080792 0.034604 0.273513 -0.501492 0.841541 0.669565 
2.533330 0.079597 0.046801 0.085192 -0.485727 0.844953 0.670116 
2.566670 0.079550 0.041702 -0.250066 -0.489792 0.847832 0.670656 
2.600000 0.081080 0.025624 -0.619088 -0.504663 0.850396 0.670210 
2.633330 0.076319 0.007882 -0.940376 -0.536572 0.853258 0.668454 
2.666670 0.063904 -0.009919 -1.142352 -0.559800 0.856014 0.669037 
2.700000 0.054988 -0.017701 -1.057034 -0.608599 0.856197 0.665151 
2.733330 0.061224 -0.012299 -0.558999 -0.643847 0.858010 0.665414 
2.766670 0.077860 0.000320 0.162636 -0.650148 0.858352 0.663285 
2.800000 0.082651 0.011722 0.697190 -0.632733 0.862096 0.661876 
2.833330 0.067240 0.017767 0.835619 -0.581345 0.864824 0.660036 
2.866670 0.054832 0.022127 0.679939 -0.589133 0.866500 0.659760 
2.900000 0.067032 0.015852 0.361899 -0.544535 0.866845 0.661348 
2.933330 0.084852 0.012145 -0.005231 -0.541477 0.871317 0.657980 
2.966670 0.088050 0.020246 -0.279080 -0.566832 0.873436 0.657766 
3.000000 0.079199 0.030001 -0.463904 -0.560686 0.875554 0.656377 
3.033330 0.064921 0.035093 -0.651948 -0.584334 0.879598 0.656999 
3.066670 0.055223 0.031541 -0.843072 -0.610737 0.881216 0.655832 
3.100000 0.061261 0.026050 -1.019211 -0.647803 0.882752 0.656511 
3.133330 0.081851 0.017832 -1.077093 -0.658216 0.885357 0.655092 
3.166670 0.098963 0.011406 -0.767689 -0.723719 0.887847 0.654240 
3.200000 0.104607 0.001224 -0.125269 -0.744270 0.891838 0.650825 
3.233330 0.103583 -0.005359 0.419888 -0.709263 0.892610 0.649742 
3.266670 0.102871 0.003716 0.651500 -0.696273 0.896082 0.645997 
3.300000 0.100316 0.020072 0.731775 -0.687763 0.898472 0.645434 
3.333330 0.093458 0.030787 0.716060 -0.645975 0.902210 0.642946 
3.366670 0.079605 0.036153 0.420283 -0.643452 0.904341 0.643032 
3.400000 0.063618 0.029322 -0.204450 -0.603539 0.908492 0.642351 
3.433330 0.051871 0.024066 -0.836331 -0.646624 0.909271 0.641517 
3.466670 0.056291 0.019210 -1.118956 -0.687130 0.910847 0.641794 
3.500000 0.070755 0.017761 -1.079815 -0.718380 0.913898 0.640919 
3.533330 0.079636 0.022607 -0.971594 -0.750744 0.914638 0.638831 
3.566670 0.077819 0.027176 -0.876999 -0.785599 0.919014 0.637852 
3.600000 0.076016 0.017936 -0.627601 -0.791465 0.920241 0.636774 
3.633330 0.077752 0.003655 -0.157361 -0.859028 0.922421 0.636179 
3.666670 0.074933 -0.015511 0.226314 -0.804277 0.924646 0.632606 
3.700000 0.068135 -0.015947 0.321359 -0.802341 0.925039 0.630468 
3.733330 0.072344 -0.005128 0.388395 -0.801327 0.926584 0.629566 
3.766670 0.091458 0.010618 0.543681 -0.800803 0.928171 0.627275 
3.800000 0.111719 0.023687 0.446186 -0.755718 0.931202 0.625309 
3.833330 0.114648 0.035879 -0.041159 -0.739817 0.934445 0.623188 
3.866670 0.096368 0.043248 -0.556262 -0.775419 0.939444 0.621533 
3.900000 0.076627 0.040586 -0.805799 -0.790607 0.941404 0.621217 
3.933330 0.068231 0.041053 -0.884286 -0.823271 0.943527 0.619991 
3.966670 0.070328 0.042969 -0.959551 -0.846431 0.946824 0.619327 
4.000000 0.077376 0.039415 -0.970226 -0.879932 0.949260 0.618510 
4.033330 0.088445 0.023799 -0.738118 -0.913177 0.951578 0.616984 
4.066670 0.095984 -0.000316 -0.346702 -0.954214 0.954409 0.615701 
4.100000 0.090279 -0.027389 -0.111631 -0.917594 0.955870 0.610977 
4.133330 0.079287 -0.029114 -0.040295 -0.939825 0.956412 0.609298 
4.166670 0.073904 -0.013819 0.181815 -0.943310 0.956409 0.606084 
4.200000 0.075291 0.002682 0.575249 -0.939159 0.958618 0.604557 
4.233330 0.077070 0.008983 0.774086 -0.897262 0.960793 0.602842 
4.266670 0.075576 0.017718 0.567867 -0.871961 0.961497 0.600483 
4.300000 0.074308 0.036210 0.122352 -0.862474 0.965010 0.599449 
4.333330 0.079915 0.057798 -0.357428 -0.875128 0.966618 0.598069 
4.366670 0.092546 0.065640 -0.803501 -0.883750 0.970511 0.598644 
4.400000 0.097823 0.051499 -1.053702 -0.907138 0.974690 0.596096 
4.433330 0.088180 0.024274 -0.961734 -0.984304 0.977822 0.595104 
4.466670 0.077090 -0.008157 -0.766352 -0.981290 0.979393 0.592508 
4.500000 0.073696 -0.019499 -0.740879 -0.993252 0.979399 0.589884 
4.533330 0.080082 -0.010279 -0.708848 -1.046650 0.980446 0.588330 
4.566670 0.085842 -0.002340 -0.410876 -1.050650 0.982019 0.584686 
4.600000 0.086748 0.001476 0.043001 -1.075600 0.983587 0.583141 
4.633330 0.084361 -0.001707 0.348718 -1.046630 0.984636 0.580014 
4.666670 0.081753 0.001112 0.399092 -1.037090 0.986176 0.578024 
4.700000 0.084397 0.009975 0.358071 -1.024540 0.987775 0.574829 
4.733330 0.092982 0.023086 0.357447 -1.025230 0.988943 0.574583 
4.766670 0.097821 0.031226 0.313881 -0.995831 0.992476 0.570197 
4.800000 0.090803 0.037767 0.102474 -1.000760 0.994906 0.569103 
4.833330 0.081050 0.041148 -0.258897 -0.990180 0.997693 0.567671 
4.866670 0.074701 0.048785 -0.610286 -1.008200 0.999782 0.565613 
4.900000 0.074830 0.053102 -0.801867 -1.048200 1.002910 0.564621 
4.933330 0.082943 0.039101 -0.827930 -1.052210 1.005520 0.564143 
4.966670 0.085660 0.018701 -0.795155 -1.109150 1.008420 0.561518 
5.000000 0.081171 -0.001586 -0.780631 -1.105460 1.009340 0.558009 
5.033330 0.077682 -0.008804 -0.670585 -1.138240 1.009700 0.556887 
5.066670 0.080947 -0.012448 -0.308426 -1.180500 1.011260 0.554297 
5.100000 0.083227 -0.019070 0.155089 -1.157450 1.011770 0.550754 
5.133330 0.083298 -0.012959 0.388803 -1.157990 1.011790 0.548552 
5.166670 0.083885 0.002636 0.302888 -1.132770 1.012960 0.545796 
5.200000 0.085748 0.017101 0.149577 -1.123310 1.013880 0.542836 
5.233330 0.087509 0.019675 0.199366 -1.141850 1.017530 0.541853 
5.266670 0.091853 0.013721 0.334256 -1.123870 1.017780 0.538198 
5.300000 0.099290 0.017470 0.208491 -1.099660 1.020140 0.536149 
5.333330 0.104877 0.030076 -0.212728 -1.099450 1.021120 0.533166 
5.366670 0.098682 0.036253 -0.646713 -1.126820 1.025970 0.531024 
5.400000 0.084518 0.027804 -0.883762 -1.143750 1.026920 0.527384 
5.433330 0.075390 0.017303 -0.910072 -1.182320 1.029000 0.527210 
5.466670 0.074718 0.014672 -0.824648 -1.215810 1.030330 0.524208 
5.500000 0.076133 0.020430 -0.707543 -1.220650 1.031080 0.521190 
5.533330 0.081674 0.027244 -0.528986 -1.268280 1.033170 0.520181 
5.566670 0.099715 0.016642 -0.251431 -1.265350 1.035250 0.517569 
5.600000 0.120288 0.001328 0.110287 -1.268120 1.036320 0.513917 
5.633330 0.125756 -0.002921 0.459735 -1.276530 1.037110 0.510198 
5.666670 0.110164 -0.001184 0.563006 -1.241110 1.038370 0.504621 
5.700000 0.091233 0.002658 0.375547 -1.204460 1.040140 0.502869 
5.733330 0.086380 0.010135 0.204852 -1.230290 1.040450 0.501008 
5.766670 0.093231 0.018116 0.126540 -1.224390 1.042530 0.496874 
5.800000 0.103245 0.026705 -0.167031 -1.192530 1.043580 0.494838 
5.833330 0.110087 0.037010 -0.714117 -1.220820 1.046700 0.492255 
5.866670 0.112457 0.038897 -1.180347 -1.261990 1.048780 0.488124 
5.900000 0.113960 0.029923 -1.338012 -1.294690 1.051310 0.485474 
5.933330 0.112852 0.019582 -1.176588 -1.352270 1.052930 0.482987 
5.966670 0.102228 0.008247 -0.764291 -1.375830 1.053970 0.477282 
6.000000 0.088097 0.002695 -0.227429 -1.400930 1.055010 0.475218 
6.033330 0.090490 -0.001168 0.217448 -1.397220 1.055010 0.473139 
6.066670 0.109040 -0.006818 0.350708 -1.384210 1.055290 0.469637 
6.100000 0.119729 -0.013894 0.318155 -1.352280 1.057080 0.465377 
