0.7 0.00320034 -6.08409e-005 -0.00698647 -0.544588 
0.733333 0.00336082 -1.39854e-005 -0.0073993 -0.549863 
0.766667 0.00346365 0.000100465 -0.00794205 -0.552763 
0.8 0.00363875 0.000234755 -0.00827786 -0.555306 
0.833333 0.00372442 0.000350942 -0.0108371 -0.560846 
0.866667 0.00379532 0.000502265 -0.0141009 -0.568238 
0.9 0.00382212 0.000576488 -0.0191295 -0.578875 
0.933333 0.00384901 0.000609521 -0.0238592 -0.590858 
0.966667 0.00383901 0.000595882 -0.0266204 -0.602093 
1 0.00386325 0.000491704 -0.0293912 -0.61425 
1.03333 0.00398394 0.000362779 -0.0282363 -0.622687 
1.06667 0.00404543 0.000271824 -0.0263568 -0.629881 
1.1 0.00407412 0.000213586 -0.0218944 -0.633399 
1.13333 0.00418547 0.000168792 -0.0172171 -0.635176 
1.16667 0.00429468 0.000205792 -0.0125983 -0.635462 
1.2 0.00444301 0.000381425 -0.0110501 -0.637834 
1.23333 0.00462496 0.000510471 -0.0134068 -0.644299 
1.26667 0.00473572 0.000682183 -0.0146979 -0.650292 
1.3 0.0047981 0.000820991 -0.01885 -0.660093 
1.33333 0.0047965 0.000922195 -0.0248432 -0.673451 
1.36667 0.00477966 0.000995058 -0.0290394 -0.686686 
1.4 0.00491425 0.000958397 -0.0323661 -0.700292 
1.43333 0.00505112 0.000926057 -0.0331538 -0.712011 
1.46667 0.00522826 0.000852794 -0.0330486 -0.722938 
1.5 0.00544532 0.000785492 -0.0308658 -0.731377 
1.53333 0.00557268 0.000717032 -0.0278197 -0.73807 
1.56667 0.00571167 0.000759921 -0.0240467 -0.74289 
1.6 0.00574774 0.000715326 -0.0216693 -0.748099 
1.63333 0.00584553 0.000801506 -0.0186328 -0.751738 
1.66667 0.00592979 0.000889276 -0.0173293 -0.75641 
1.7 0.00599554 0.000988836 -0.0188273 -0.763955 
1.73333 0.00603471 0.00113831 -0.0207188 -0.772463 
1.76667 0.00603671 0.00127241 -0.0242233 -0.783506 
1.8 0.00606991 0.00138051 -0.0286279 -0.79678 
1.83333 0.00613628 0.00140325 -0.0323892 -0.810763 
1.86667 0.0062007 0.00138489 -0.0351878 -0.824863 
1.9 0.00620059 0.00131677 -0.0362766 -0.837878 
1.93333 0.00627133 0.0012106 -0.0348564 -0.848293 
1.96667 0.00623204 0.0011245 -0.0311905 -0.855585 
2 0.00634419 0.00103965 -0.02855 -0.862864 
2.03333 0.00644804 0.00098486 -0.0248157 -0.867973 
2.06667 0.00654469 0.00101241 -0.0205932 -0.87126 
2.1 0.00672479 0.00107787 -0.0192339 -0.87652 
2.13333 0.00674062 0.00120866 -0.0207934 -0.884772 
2.16667 0.00663905 0.00140737 -0.0235467 -0.894954 
2.2 0.00659257 0.0015863 -0.025999 -0.905697 
2.23333 0.00656501 0.0016625 -0.0306435 -0.919846 
2.26667 0.00654151 0.00165221 -0.0365331 -0.937013 
2.3 0.00653915 0.00164419 -0.0366602 -0.949341 
2.33333 0.00670029 0.00159624 -0.0363877 -0.961239 
2.36667 0.00679019 0.00145075 -0.0358368 -0.972718 
2.4 0.00691172 0.00136897 -0.0338266 -0.982291 
2.43333 0.006983 0.00140217 -0.0311043 -0.990353 
2.46667 0.00707781 0.00128767 -0.0262586 -0.995001 
2.5 0.007209 0.00129951 -0.0220734 -0.998813 
2.53333 0.00734739 0.00131548 -0.0193141 -1.00291 
2.56667 0.0073717 0.00139574 -0.0176945 -1.00744 
2.6 0.00740047 0.00147405 -0.0183512 -1.01411 
2.63333 0.0075547 0.00173611 -0.0212767 -1.02368 
2.66667 0.00756367 0.00181993 -0.0258938 -1.03623 
2.7 0.00764654 0.00196421 -0.0293345 -1.04892 
2.73333 0.00757409 0.00203902 -0.0325645 -1.06251 
2.76667 0.00757103 0.0020318 -0.0345359 -1.07569 
2.8 0.00756438 0.00191543 -0.0358338 -1.08874 
2.83333 0.00753619 0.0017773 -0.0350098 -1.09971 
2.86667 0.00755714 0.001624 -0.0319009 -1.10771 
2.9 0.00762455 0.00143019 -0.0283933 -1.1142 
2.93333 0.00768777 0.00131063 -0.0247878 -1.11941 
2.96667 0.00777775 0.00118112 -0.0187646 -1.12056 
3 0.00780016 0.00127495 -0.014089 -1.1213 
3.03333 0.00783593 0.00129943 -0.0146798 -1.12669 
3.06667 0.00778091 0.0014428 -0.0154006 -1.13244 
3.1 0.00779332 0.00163244 -0.0165884 -1.13897 
3.13333 0.00783745 0.00170341 -0.0194252 -1.14785 
3.16667 0.00786073 0.00172926 -0.0236905 -1.15936 
3.2 0.00784369 0.00179332 -0.0274798 -1.17173 
3.23333 0.0078167 0.00185048 -0.0313966 -1.18551 
3.26667 0.00789745 0.00175829 -0.0308774 -1.19537 
3.3 0.00803577 0.0016457 -0.0305703 -1.2053 
3.33333 0.00812343 0.00158549 -0.0300005 -1.21481 
3.36667 0.0081645 0.00138396 -0.0260404 -1.22014 
3.4 0.00812817 0.00131796 -0.0217146 -1.22371 
3.43333 0.00825262 0.00122654 -0.0182368 -1.22685 
3.46667 0.00851226 0.00124624 -0.0164497 -1.23081 
3.5 0.00862001 0.00142541 -0.0169495 -1.23689 
3.53333 0.00877684 0.00160011 -0.0171619 -1.24279 
3.56667 0.00885965 0.00171494 -0.0201298 -1.25201 
3.6 0.00892135 0.00186423 -0.0230865 -1.26221 
3.63333 0.00902991 0.00200039 -0.0280197 -1.27573 
3.66667 0.00914886 0.00204546 -0.0322089 -1.29002 
3.7 0.00924326 0.00208707 -0.034745 -1.30375 
3.73333 0.00929093 0.00195011 -0.0357186 -1.31648 
3.76667 0.0094417 0.00185786 -0.0347064 -1.32719 
3.8 0.00950786 0.00180884 -0.0336195 -1.33747 
3.83333 0.00963776 0.00169681 -0.0319434 -1.3467 
3.86667 0.00974336 0.00168032 -0.0292512 -1.35417 
3.9 0.00995369 0.00171081 -0.0260135 -1.3601 
3.93333 0.0100824 0.00175276 -0.025499 -1.36816 
3.96667 0.0100907 0.00176912 -0.0238526 -1.37472 
4 0.0100686 0.00189808 -0.0256466 -1.38479 
4.03333 0.0100046 0.00200626 -0.0291743 -1.3975 
4.06667 0.00994489 0.00209944 -0.0331041 -1.41187 
4.1 0.00985713 0.00219001 -0.0372304 -1.42777 
4.13333 0.00990821 0.00231843 -0.0375423 -1.44055 
4.16667 0.0097385 0.00230383 -0.0407983 -1.45691 
4.2 0.00974205 0.0022108 -0.040335 -1.46996 
4.23333 0.00982182 0.00190211 -0.0419541 -1.48532 
4.26667 0.00978141 0.00183225 -0.0379305 -1.49455 
4.3 0.00980711 0.00178473 -0.0342989 -1.50291 
4.33333 0.00982972 0.00178645 -0.0303928 -1.50973 
4.36667 0.00989879 0.00182083 -0.0256856 -1.5143 
4.4 0.00991773 0.00198545 -0.0226092 -1.51923 
4.43333 0.00978276 0.0021561 -0.0238322 -1.52821 
4.46667 0.00980758 0.00228471 -0.0262221 -1.53898 
4.5 0.00972433 0.00236759 -0.0304081 -1.55266 
4.53333 0.00979783 0.00242881 -0.0351172 -1.56836 
4.56667 0.00970038 0.00246208 -0.0400333 -1.58587 
4.6 0.00960688 0.00245 -0.043692 -1.60353 
4.63333 0.00946585 0.00232986 -0.0444254 -1.61896 
4.66667 0.00945907 0.0022576 -0.0427986 -1.63185 
4.7 0.00971473 0.00221219 -0.0404866 -1.64338 
4.73333 0.0096772 0.00209671 -0.0379567 -1.65389 
4.76667 0.00969103 0.00207845 -0.0336633 -1.66148 
4.8 0.00977279 0.00203027 -0.0283041 -1.66637 
4.83333 0.00989821 0.00208556 -0.0256802 -1.67271 
4.86667 0.00996098 0.00207054 -0.0260998 -1.68176 
4.9 0.0100968 0.00220196 -0.0273001 -1.69188 
4.93333 0.00992709 0.00233361 -0.029181 -1.7032 
4.96667 0.00981497 0.00267057 -0.0312673 -1.71539 
5 0.00980533 0.00275957 -0.0376378 -1.73333 
5.03333 0.00973759 0.00285343 -0.0410939 -1.74996 
5.06667 0.00969496 0.00290513 -0.0441111 -1.76722 
5.1 0.00967421 0.00278916 -0.0453649 -1.7834 
5.13333 0.00958324 0.00256968 -0.0452977 -1.79845 
5.16667 0.00970332 0.00249045 -0.0430416 -1.81088 
5.2 0.0097258 0.00241847 -0.039475 -1.82102 
5.23333 0.00971888 0.00235694 -0.036254 -1.83037 
5.26667 0.0098313 0.00231897 -0.0313033 -1.83662 
5.3 0.0099053 0.00233771 -0.0270394 -1.84202 
5.33333 0.00995051 0.00244642 -0.0244073 -1.84792 
5.36667 0.0100102 0.00255954 -0.023667 -1.85518 
5.4 0.00997775 0.0027067 -0.0253964 -1.86511 
5.43333 0.00976048 0.00275865 -0.0288169 -1.87762 
5.46667 0.00977148 0.00294689 -0.0324033 -1.89146 
5.5 0.00976304 0.00308455 -0.0375554 -1.90834 
5.53333 0.00974237 0.00317696 -0.0417145 -1.92577 
5.56667 0.00966628 0.00314645 -0.0435224 -1.94181 
5.6 0.00977919 0.00304121 -0.0439808 -1.95686 
5.63333 0.00973633 0.00290884 -0.0412215 -1.96826 
5.66667 0.00979772 0.00278817 -0.0401353 -1.98072 
5.7 0.00993309 0.00268149 -0.0330401 -1.98572 
5.73333 0.00993394 0.0026074 -0.0293697 -1.9924 
5.76667 0.00996057 0.00261245 -0.0249052 -1.99692 
5.8 0.0100671 0.00261062 -0.0224712 -2.00235 
5.83333 0.0100997 0.00272489 -0.0227496 -2.01017 
5.86667 0.0101807 0.00290177 -0.0251231 -2.02055 
5.9 0.0101392 0.00300173 -0.0280668 -2.0324 
5.93333 0.0101276 0.00317275 -0.0328252 -2.04738 
5.96667 0.01015 0.0032737 -0.0356315 -2.06163 
6 0.00993329 0.00336512 -0.0387927 -2.07724 
6.03333 0.0098812 0.00341071 -0.0412509 -2.09307 
6.06667 0.00993885 0.00329784 -0.0423947 -2.10817 
6.1 0.00999024 0.00320686 -0.0430152 -2.12304 
6.13333 0.0100041 0.00308008 -0.040304 -2.13417 
6.16667 0.0101812 0.00305465 -0.037811 -2.14467 
6.2 0.0103022 0.00295322 -0.0341591 -2.15296 
