0.27 20 40 
0.379 20 40 
0.459 20 40 
0.552 20 40 
0.614 20 40 
0.691 20 40 
0.785 20 40 
0.879 20 40 
0.958 20 40 
1.019 20 40 
1.082 20 40 
1.144 20 40 
1.207 20 40 
1.269 20 40 
1.38 20 40 
1.458 20 40 
1.521 20 40 
1.613 20 40 
1.707 20 40 
1.785 20 40 
1.865 20 40 
1.973 20 40 
2.052 20 40 
2.115 20 40 
2.209 20 40 
2.287 20 40 
2.365 20 40 
2.457 20 40 
2.535 20 40 
2.614 20 40 
2.676 20 40 
2.786 20 40 
2.849 20 40 
2.926 20 40 
2.988 20 40 
3.052 20 40 
3.113 20 40 
3.176 20 40 
3.255 20 40 
3.317 20 40 
3.396 20 40 
3.473 20 40 
3.551 20 40 
3.63 20 40 
3.692 20 40 
3.755 20 40 
3.817 20 40 
3.879 20 40 
3.942 20 40 
4.005 20 40 
4.13 20 40 
4.222 20 40 
4.286 20 40 
4.347 20 40 
4.426 20 40 
4.488 20 40 
4.552 20 40 
4.613 20 40 
4.691 20 40 
4.785 20 40 
4.849 20 40 
4.941 20 40 
5.02 20 40 
5.114 20 40 
5.207 20 40 
5.301 20 40 
5.41 20 40 
5.489 20 40 
5.614 20 40 
5.693 20 40 
5.755 20 40 
5.817 20 40 
5.894 20 40 
5.972 20 40 
6.036 20 40 
6.16 20 40 
6.255 20 40 
6.317 20 40 
6.38 20 40 
6.474 20 40 
6.552 20 40 
6.614 20 40 
6.677 20 40 
6.739 20 40 
6.818 20 40 
6.91 20 40 
7.005 20 40 
7.115 20 40 
7.223 20 40 
7.287 20 40 
7.348 20 40 
7.426 20 40 
7.49 20 40 
7.583 20 40 
7.675 20 40 
7.754 20 40 
7.816 20 40 
7.91 20 40 
7.973 20 40 
8.035 20 40 
8.113 20 40 
8.191 20 40 
8.286 20 40 
8.348 20 40 
8.411 20 40 
8.489 20 40 
8.552 20 40 
8.646 20 40 
8.708 20 40 
8.786 20 40 
8.91 20 40 
8.99 20 40 
9.052 20 40 
9.129 20 40 
9.208 20 40 
9.286 20 40 
9.364 20 40 
9.473 20 40 
9.551 20 40 
9.614 20 40 
9.691 20 40 
9.769 20 40 
9.848 20 40 
9.927 20 40 
10.004 20 40 
10.099 20 40 
10.16 20 40 
10.223 20 40 
10.285 20 40 
10.349 20 40 
10.411 20 40 
10.489 20 40 
10.551 20 40 
10.629 20 40 
10.723 20 40 
10.802 20 40 
10.896 20 40 
10.959 20 40 
11.021 20 40 
11.114 20 40 
11.176 20 40 
11.238 20 40 
11.317 20 40 
11.379 20 40 
11.441 20 40 
11.504 20 40 
11.567 20 40 
11.63 20 40 
11.724 20 40 
11.785 20 40 
11.848 20 40 
11.911 20 40 
11.973 20 40 
12.035 20 40 
12.146 20 40 
12.224 20 40 
12.286 20 40 
12.349 20 40 
12.412 20 40 
12.504 20 40 
12.583 20 40 
12.646 20 40 
12.739 20 40 
12.818 20 40 
12.894 20 40 
12.972 20 40 
13.05 20 40 
13.145 20 40 
13.207 20 40 
13.285 20 40 
13.348 20 40 
13.427 20 40 
13.551 20 40 
13.613 20 40 
13.692 20 40 
13.755 20 40 
13.818 20 40 
13.879 20 40 
13.958 20 40 
14.068 20 40 
14.146 20 40 
14.224 20 40 
14.287 20 40 
14.349 20 40 
14.427 20 40 
14.489 20 40 
14.567 20 40 
14.644 20 40 
14.722 20 40 
14.817 20 40 
14.894 20 40 
