0.7 0.00108274 0.000256789 -0.0120764 -0.771791 
0.733333 0.0011935 0.000280081 -0.0098625 -0.77523 
0.766667 0.00132204 0.000348485 -0.0082655 -0.776931 
0.8 0.00136455 0.000392093 -0.00630195 -0.777117 
0.833333 0.00144818 0.000432481 -0.00585124 -0.778386 
0.866667 0.00153735 0.000510234 -0.00700583 -0.781705 
0.9 0.00158665 0.000585271 -0.00828318 -0.785542 
0.933333 0.00164214 0.000625842 -0.00891952 -0.78903 
0.966667 0.00168462 0.000587026 -0.0109676 -0.794427 
1 0.00170553 0.000497949 -0.0120229 -0.79934 
1.03333 0.00176612 0.000413645 -0.0124219 -0.803825 
1.06667 0.00182919 0.000360386 -0.0097076 -0.804763 
1.1 0.0019245 0.000282554 -0.00609383 -0.803733 
1.13333 0.00203375 0.000306579 -0.00128449 -0.800087 
1.16667 0.00215097 0.000293125 0.000885101 -0.797954 
1.2 0.00226855 0.000374102 0.00400421 -0.793977 
1.23333 0.00233006 0.000468777 0.00561697 -0.790738 
1.26667 0.00235559 0.00056726 0.0057153 -0.78875 
1.3 0.00238388 0.00066209 0.00533225 -0.787297 
1.33333 0.00234907 0.000767828 0.00364355 -0.787513 
1.36667 0.00239917 0.000767327 0.00046845 -0.790046 
1.4 0.00245601 0.00077229 -0.000604411 -0.791157 
1.43333 0.00249627 0.000681765 -0.00199694 -0.793002 
1.46667 0.00251262 0.000655698 -0.00390951 -0.795925 
1.5 0.00259463 0.000575183 -0.00295141 -0.796097 
1.53333 0.00273681 0.000523566 -0.00163795 -0.795531 
1.56667 0.0027954 0.000490263 0.000597601 -0.793438 
1.6 0.00278776 0.000488025 0.0023956 -0.791116 
1.63333 0.00284359 0.000540727 0.0037165 -0.788758 
1.66667 0.00288333 0.000654301 0.00459721 -0.78648 
1.7 0.00277482 0.000813101 0.00462963 -0.784909 
1.73333 0.0028283 0.000940621 0.00260327 -0.785758 
1.76667 0.00279293 0.00106321 -0.000387109 -0.78842 
1.8 0.00280931 0.00114384 -0.00433517 -0.79321 
1.83333 0.00284504 0.00116992 -0.00745991 -0.798343 
1.86667 0.00281548 0.0011333 -0.0108372 -0.804817 
1.9 0.00280613 0.00102355 -0.0125334 -0.810431 
1.93333 0.00283825 0.000856226 -0.0121013 -0.814099 
1.96667 0.00286682 0.000687469 -0.0104847 -0.816225 
2 0.00294534 0.000571052 -0.00853862 -0.817422 
2.03333 0.00300483 0.000548479 -0.00589937 -0.817153 
2.06667 0.00309811 0.00053074 -0.00332093 -0.816076 
2.1 0.00311607 0.000541183 -0.000405427 -0.813741 
2.13333 0.00317997 0.000643014 0.000178435 -0.813187 
2.16667 0.00320478 0.000818788 -0.000811613 -0.814296 
2.2 0.00319368 0.000959962 -0.00325281 -0.817448 
2.23333 0.0031504 0.00104795 -0.00646771 -0.822328 
2.26667 0.00307622 0.00114495 -0.0113134 -0.830204 
2.3 0.00304363 0.00119004 -0.0143318 -0.837538 
2.33333 0.00314792 0.00112775 -0.0161205 -0.844427 
2.36667 0.0032044 0.00101586 -0.0163529 -0.850075 
2.4 0.00330608 0.000882242 -0.0156586 -0.854706 
2.43333 0.00351521 0.000753797 -0.0139885 -0.857954 
2.46667 0.0035899 0.000677306 -0.0118744 -0.860121 
2.5 0.00371815 0.000606665 -0.00896284 -0.860642 
2.53333 0.00381307 0.000560852 -0.00561773 -0.859681 
2.56667 0.00378699 0.000564624 -0.00364717 -0.859227 
2.6 0.0037911 0.000668652 -0.00271064 -0.859338 
2.63333 0.00375278 0.00081864 -0.00209988 -0.85952 
2.66667 0.00376943 0.00093722 -0.005796 -0.864583 
2.7 0.00374529 0.00111983 -0.0070927 -0.868046 
2.73333 0.00372261 0.00118675 -0.00972819 -0.873521 
2.76667 0.00373261 0.00116927 -0.0141229 -0.881952 
2.8 0.00374358 0.0012002 -0.016462 -0.889421 
2.83333 0.00373505 0.00124939 -0.0165069 -0.894961 
2.86667 0.00369899 0.00106595 -0.0178472 -0.902045 
2.9 0.00370132 0.000908107 -0.0167821 -0.906737 
2.93333 0.00368737 0.000785486 -0.013319 -0.908243 
2.96667 0.00376783 0.000727233 -0.0115499 -0.910595 
3 0.00392193 0.000664955 -0.0086396 -0.911009 
3.03333 0.00403499 0.000616186 -0.00597341 -0.910742 
3.06667 0.00404964 0.000693627 -0.00490598 -0.911473 
3.1 0.0040422 0.000816928 -0.00536213 -0.913646 
3.13333 0.0039945 0.000978018 -0.00826329 -0.918859 
3.16667 0.00400177 0.00102859 -0.0109938 -0.924836 
3.2 0.00395835 0.00113104 -0.0136967 -0.931691 
3.23333 0.00398646 0.00118721 -0.0164648 -0.939525 
3.26667 0.00398191 0.0011888 -0.0188157 -0.947788 
3.3 0.00404818 0.00116005 -0.0207545 -0.956349 
3.33333 0.00410469 0.00100095 -0.0202957 -0.962725 
3.36667 0.00426447 0.000888058 -0.0199297 -0.969058 
3.4 0.00429272 0.000896293 -0.0165843 -0.971752 
3.43333 0.00435718 0.000757913 -0.0141931 -0.974458 
3.46667 0.00444254 0.000768176 -0.0115411 -0.976058 
3.5 0.00446757 0.000757215 -0.00722148 -0.974806 
3.53333 0.00458935 0.000800023 -0.00595871 -0.975723 
3.56667 0.00467839 0.000858808 -0.00835001 -0.980532 
3.6 0.00483417 0.00101185 -0.00802987 -0.982937 
3.63333 0.00484201 0.00113704 -0.0111067 -0.989246 
3.66667 0.00489696 0.00121606 -0.0157378 -0.998415 
3.7 0.00479322 0.00128957 -0.0163837 -1.00442 
3.73333 0.00472942 0.00130157 -0.0189276 -1.01289 
3.76667 0.00477565 0.00128204 -0.0205448 -1.02111 
3.8 0.00485623 0.00121257 -0.0201587 -1.0275 
3.83333 0.00490264 0.00110785 -0.0190363 -1.03289 
3.86667 0.00500196 0.000961295 -0.0161514 -1.03583 
3.9 0.00502109 0.00095841 -0.0141494 -1.03885 
3.93333 0.00508473 0.000922613 -0.0110009 -1.03985 
3.96667 0.00498301 0.0010133 -0.00544815 -1.03697 
4 0.00498379 0.000989058 -0.00545852 -1.03879 
4.03333 0.00492416 0.00104351 -0.00591103 -1.04115 
4.06667 0.00493526 0.00115877 -0.00845277 -1.04612 
4.1 0.00484023 0.00121704 -0.0108459 -1.05176 
4.13333 0.00483601 0.00122101 -0.0138495 -1.05892 
4.16667 0.0048419 0.00128726 -0.0183237 -1.06882 
4.2 0.00482501 0.0012647 -0.0210504 -1.07815 
4.23333 0.00481008 0.0012656 -0.0233861 -1.08792 
4.26667 0.00475784 0.00114203 -0.023511 -1.09586 
4.3 0.00455882 0.00101593 -0.0217015 -1.10156 
4.33333 0.00459281 0.000917497 -0.0199757 -1.10676 
4.36667 0.00479344 0.000901317 -0.0151761 -1.10775 
4.4 0.00488206 0.000806122 -0.0103312 -1.10709 
4.43333 0.0050018 0.000701831 -0.00979016 -1.1099 
4.46667 0.00501488 0.000745982 -0.00760315 -1.11058 
4.5 0.00499795 0.000857414 -0.00667343 -1.11202 
4.53333 0.00501618 0.000951308 -0.00819071 -1.11603 
4.56667 0.00498539 0.00103408 -0.0101353 -1.12106 
4.6 0.00496041 0.00112057 -0.0125322 -1.12727 
4.63333 0.00495583 0.00119449 -0.0153442 -1.13476 
4.66667 0.00496277 0.00122672 -0.0190699 -1.14428 
4.7 0.00503843 0.00108337 -0.0234485 -1.1558 
4.73333 0.00502401 0.00110157 -0.0233573 -1.16351 
4.76667 0.00508161 0.000998659 -0.0229794 -1.17085 
4.8 0.0050889 0.000952984 -0.0207467 -1.17587 
4.83333 0.005225 0.00087346 -0.0172705 -1.17869 
4.86667 0.00532227 0.000809182 -0.0145134 -1.18119 
4.9 0.00539954 0.000805476 -0.0108052 -1.18165 
4.93333 0.00546794 0.000810529 -0.00783465 -1.18174 
4.96667 0.00552793 0.000834989 -0.00668578 -1.183 
5 0.00555937 0.000991469 -0.00735628 -1.18602 
5.03333 0.00579485 0.00110914 -0.0089771 -1.19038 
5.06667 0.00567514 0.00121766 -0.0119414 -1.19688 
5.1 0.00559851 0.00123241 -0.0161587 -1.20583 
5.13333 0.00563649 0.00128244 -0.0212466 -1.21723 
5.16667 0.00563333 0.00136153 -0.0239379 -1.22749 
5.2 0.00564661 0.00130603 -0.0237213 -1.23521 
5.23333 0.00571472 0.00112724 -0.0236401 -1.24302 
5.26667 0.00568764 0.00111341 -0.0219502 -1.24891 
5.3 0.0059199 0.00111696 -0.0204517 -1.25445 
5.33333 0.00595555 0.00105277 -0.0191309 -1.25971 
5.36667 0.00597417 0.000958814 -0.0148545 -1.26104 
5.4 0.00604319 0.0009046 -0.0124076 -1.2631 
5.43333 0.00606589 0.000951329 -0.0109278 -1.26549 
5.46667 0.00610883 0.00100339 -0.0112262 -1.26949 
5.5 0.00613116 0.00114385 -0.0115922 -1.27366 
5.53333 0.00617273 0.00124696 -0.0133327 -1.27958 
5.56667 0.00614212 0.00135493 -0.0168559 -1.28818 
5.6 0.00608673 0.00144605 -0.0202267 -1.29778 
5.63333 0.00611343 0.00146534 -0.0226935 -1.30744 
5.66667 0.00610298 0.0014106 -0.0264026 -1.31938 
5.7 0.00618771 0.00137372 -0.0274687 -1.32944 
5.73333 0.00622457 0.001279 -0.0261752 -1.33707 
5.76667 0.00624249 0.00118151 -0.0240428 -1.34328 
5.8 0.00627511 0.00111157 -0.0210584 -1.34777 
5.83333 0.00626399 0.00104787 -0.0178133 -1.35096 
5.86667 0.00622392 0.00105531 -0.0138106 -1.35217 
5.9 0.00626094 0.00104912 -0.0120171 -1.35465 
5.93333 0.00627916 0.00111901 -0.0126932 -1.35946 
5.96667 0.00633093 0.00131521 -0.0136232 -1.36479 
6 0.00628825 0.00132615 -0.0169006 -1.3732 
6.03333 0.0061012 0.00137041 -0.01974 -1.38218 
6.06667 0.00610199 0.00142006 -0.0213972 -1.39072 
6.1 0.00608868 0.0014622 -0.0258936 -1.40316 
6.13333 0.00592652 0.00142195 -0.0286505 -1.41504 
6.16667 0.0059013 0.00143368 -0.0296657 -1.42579 
6.2 0.00595135 0.00137553 -0.0289328 -1.43482 
6.23333 0.00603214 0.0012043 -0.0275217 -1.44279 
6.26667 0.00607148 0.00112009 -0.0261446 -1.45034 
6.3 0.00615037 0.00111199 -0.022215 -1.45442 
6.33333 0.00620986 0.00105102 -0.0188655 -1.45787 
6.36667 0.00624714 0.00107342 -0.0171519 -1.46214 
6.4 0.00630961 0.00113346 -0.0147796 -1.46505 
6.43333 0.00625958 0.00126833 -0.0151005 -1.47036 
6.46667 0.00627086 0.0013492 -0.0158022 -1.47622 
6.5 0.00620718 0.00149516 -0.0179057 -1.48397 
6.53333 0.00619916 0.0014778 -0.0211625 -1.49378 
6.56667 0.00621462 0.00155111 -0.0241043 -1.50431 
6.6 0.00625737 0.00154956 -0.0280952 -1.51706 
6.63333 0.00630181 0.00150227 -0.0292216 -1.52775 
6.66667 0.00630041 0.0014104 -0.028688 -1.53686 
6.7 0.00612293 0.00133308 -0.0276372 -1.54518 
6.73333 0.00622948 0.00123276 -0.0259509 -1.55241 
6.76667 0.00633727 0.00113774 -0.0240641 -1.55883 
6.8 0.006437 0.00117868 -0.0203341 -1.56245 
6.83333 0.00661203 0.00120307 -0.017972 -1.56644 
6.86667 0.00678494 0.00131833 -0.0161231 -1.57024 
6.9 0.00688329 0.00138673 -0.0171417 -1.57682 
6.93333 0.0068725 0.00148576 -0.0176122 -1.58309 
6.96667 0.00680384 0.0016759 -0.0196513 -1.59137 
7 0.00675577 0.00167638 -0.0227912 -1.60163 
7.03333 0.00666998 0.00161297 -0.0283214 -1.61575 
7.06667 0.00667254 0.00164854 -0.030629 -1.62792 
7.1 0.00658304 0.00163994 -0.0309095 -1.63846 
7.13333 0.00658182 0.00158371 -0.0313345 -1.64926 
7.16667 0.0065711 0.00144775 -0.0304391 -1.65865 
7.2 0.00663787 0.001347 -0.029544 -1.66774 
7.23333 0.00683393 0.00129731 -0.0252607 -1.67253 
7.26667 0.00698691 0.0013329 -0.0249329 -1.68056 
7.3 0.00699584 0.00133503 -0.0248781 -1.68881 
7.33333 0.00707417 0.00143113 -0.023573 -1.69556 
7.36667 0.00703422 0.00154933 -0.0242939 -1.70427 
7.4 0.00707967 0.00164826 -0.0264723 -1.71494 
7.43333 0.00722557 0.00169296 -0.0296308 -1.72749 
7.46667 0.00711767 0.00179625 -0.0316002 -1.73969 
7.5 0.00706222 0.00183843 -0.0341611 -1.75325 
7.53333 0.00693664 0.00175762 -0.0378262 -1.76896 
7.56667 0.00679561 0.0017362 -0.0373411 -1.781 
7.6 0.00692898 0.00163238 -0.0368827 -1.79291 
7.63333 0.00699509 0.00164657 -0.0318142 -1.79922 
