0.7 0.0010744 -0.000273064 -0.00381687 -0.264467 
0.733333 0.0011887 -0.00031813 -0.0023306 -0.265346 
0.766667 0.00130931 -0.000295565 -0.000151003 -0.263646 
0.8 0.00138103 -0.000347514 0.000785958 -0.262401 
0.833333 0.00142685 -0.000355845 0.00221684 -0.26033 
0.866667 0.00143394 -0.000358817 0.0014606 -0.26032 
0.9 0.00142006 -0.000365515 -0.000367411 -0.261997 
0.933333 0.00142858 -0.000356103 -0.0040705 -0.266508 
0.966667 0.00146345 -0.000328506 -0.00628405 -0.270468 
1 0.00151449 -0.000221146 -0.00878253 -0.275514 
1.03333 0.00161692 -0.000159705 -0.012352 -0.282659 
1.06667 0.00168921 -8.93146e-005 -0.0139 -0.288606 
1.1 0.00170598 -5.96131e-005 -0.013235 -0.292455 
1.13333 0.0017549 -0.000101366 -0.0120256 -0.295439 
1.16667 0.0017892 -8.99408e-005 -0.00989175 -0.296929 
1.2 0.00184264 -0.000178099 -0.00722421 -0.297077 
1.23333 0.00188503 -0.000194384 -0.00459416 -0.29638 
1.26667 0.00187847 -0.00022239 -0.00130635 -0.294031 
1.3 0.00191138 -0.000126036 -0.000769418 -0.293832 
1.33333 0.0020074 -4.55106e-005 -0.00256606 -0.296209 
1.36667 0.00201697 -5.97019e-005 -0.00449407 -0.299341 
1.4 0.00206344 -4.69378e-005 -0.00698159 -0.303775 
1.43333 0.00214673 4.1296e-005 -0.00953225 -0.309113 
1.46667 0.002122 0.00012598 -0.0130886 -0.316489 
1.5 0.00205698 0.000157971 -0.0162368 -0.324568 
1.53333 0.00208217 0.00017103 -0.0170054 -0.330888 
1.56667 0.00216678 0.000184151 -0.0170768 -0.33664 
1.6 0.00224183 0.000152874 -0.0158354 -0.340867 
1.63333 0.00227283 9.30197e-005 -0.0147903 -0.344912 
1.66667 0.00237433 0.000100291 -0.0116872 -0.346179 
1.7 0.002453 0.000131356 -0.00842759 -0.346227 
1.73333 0.00247228 0.000170584 -0.00686142 -0.347187 
1.76667 0.00242878 0.000229527 -0.00512208 -0.347421 
1.8 0.00244368 0.000255442 -0.00526877 -0.349302 
1.83333 0.00244504 0.000224828 -0.00665073 -0.352689 
1.86667 0.00247995 0.000247343 -0.00794532 -0.356434 
1.9 0.00247194 0.000285594 -0.0110982 -0.362805 
1.93333 0.00245349 0.000297292 -0.0144774 -0.370493 
1.96667 0.0024772 0.000311987 -0.0176566 -0.379072 
2 0.00256336 0.000310071 -0.0205811 -0.38841 
2.03333 0.00263166 0.000318835 -0.0203878 -0.395042 
2.06667 0.00265193 0.000251403 -0.0183515 -0.399434 
2.1 0.00274206 0.00025716 -0.0156498 -0.402362 
2.13333 0.00277713 0.000301863 -0.013709 -0.405287 
2.16667 0.00279421 0.000323436 -0.0110448 -0.406712 
2.2 0.00282768 0.000287472 -0.00832294 -0.407181 
2.23333 0.00297862 0.000348951 -0.00529968 -0.406386 
2.26667 0.00301114 0.000446051 -0.0052991 -0.408152 
2.3 0.00305875 0.000413201 -0.00718707 -0.412147 
2.33333 0.00302926 0.000524151 -0.00943719 -0.417199 
2.36667 0.00305018 0.000555204 -0.0118976 -0.423249 
2.4 0.00305737 0.000559867 -0.014851 -0.430701 
2.43333 0.00306671 0.000572692 -0.0186654 -0.440154 
2.46667 0.00311417 0.000515164 -0.0215248 -0.449752 
2.5 0.00316766 0.000417873 -0.0222118 -0.457738 
2.53333 0.00318834 0.000357647 -0.0218207 -0.46468 
2.56667 0.00328678 0.000371026 -0.020788 -0.470734 
2.6 0.00341585 0.000421761 -0.0179374 -0.474299 
2.63333 0.00349156 0.000369455 -0.0149182 -0.476714 
2.66667 0.00362532 0.000418014 -0.0123113 -0.478609 
2.7 0.00368002 0.000472131 -0.0101194 -0.480125 
2.73333 0.00374907 0.000566159 -0.00959761 -0.482883 
2.76667 0.00373618 0.000566816 -0.0107682 -0.487464 
2.8 0.00378124 0.000651251 -0.0133705 -0.494125 
2.83333 0.00382882 0.000714008 -0.0166471 -0.50245 
2.86667 0.00382803 0.000817817 -0.0191113 -0.510908 
2.9 0.00380975 0.000767962 -0.0212783 -0.519836 
2.93333 0.0038565 0.000729015 -0.0233585 -0.529384 
2.96667 0.00386085 0.000621583 -0.0250385 -0.539154 
3 0.00393028 0.00057865 -0.024973 -0.547422 
3.03333 0.00395024 0.000684229 -0.0225278 -0.55286 
3.06667 0.00405314 0.00061147 -0.0182807 -0.555356 
3.1 0.00409265 0.00061864 -0.0158112 -0.558535 
3.13333 0.00416426 0.000687734 -0.0130449 -0.560539 
3.16667 0.00418588 0.000704738 -0.0106188 -0.562024 
3.2 0.00422373 0.000792612 -0.0098008 -0.564598 
3.23333 0.00427111 0.000919255 -0.0106587 -0.568877 
3.26667 0.00426776 0.0010128 -0.0128049 -0.574964 
3.3 0.00422966 0.00110618 -0.0158784 -0.58286 
3.33333 0.00413517 0.00111016 -0.0205587 -0.593678 
3.36667 0.00416137 0.00114438 -0.0235658 -0.604081 
3.4 0.00410668 0.00106669 -0.0250211 -0.613654 
3.43333 0.00410612 0.00095486 -0.0253595 -0.622393 
3.46667 0.00408855 0.000848692 -0.0231485 -0.628237 
3.5 0.00423655 0.000816727 -0.0215018 -0.634009 
3.53333 0.00427733 0.000794759 -0.0177017 -0.63669 
3.56667 0.00433022 0.000790534 -0.0150964 -0.639516 
3.6 0.00442422 0.000713435 -0.0122289 -0.641163 
3.63333 0.00452266 0.000838861 -0.0117094 -0.644626 
3.66667 0.00459208 0.00101153 -0.0123153 -0.649244 
3.7 0.00461278 0.00113831 -0.0133265 -0.654543 
3.73333 0.00460533 0.00119619 -0.015722 -0.661813 
3.76667 0.00458406 0.00119895 -0.0194204 -0.671419 
3.8 0.00460143 0.00127238 -0.0243971 -0.683768 
3.83333 0.00464401 0.00126413 -0.0258564 -0.693623 
3.86667 0.00462671 0.00119179 -0.0280765 -0.704862 
3.9 0.00471373 0.0011503 -0.0274829 -0.71352 
3.93333 0.00473931 0.00106406 -0.0245682 -0.719241 
3.96667 0.00482441 0.00104794 -0.0217058 -0.724051 
4 0.00488652 0.000965162 -0.0193846 -0.728546 
4.03333 0.00497842 0.00086654 -0.0153157 -0.730205 
4.06667 0.00505095 0.000860362 -0.0130608 -0.732648 
4.1 0.00507448 0.000928486 -0.0114095 -0.735052 
4.13333 0.00508306 0.00105134 -0.0114502 -0.738903 
4.16667 0.0051518 0.00119909 -0.0138137 -0.74551 
4.2 0.00519499 0.00139052 -0.0183592 -0.755481 
4.23333 0.00516084 0.00147963 -0.0207647 -0.76444 
4.26667 0.00524932 0.00148013 -0.0256401 -0.777117 
4.3 0.00531005 0.00142297 -0.0266426 -0.786847 
4.33333 0.00539699 0.00134624 -0.0271446 -0.79632 
4.36667 0.0054116 0.0012697 -0.0259521 -0.803961 
4.4 0.00545781 0.00117004 -0.0243854 -0.810762 
4.43333 0.0055282 0.00110402 -0.0220523 -0.816136 
4.46667 0.00563934 0.0010465 -0.0175877 -0.818217 
4.5 0.00567871 0.00106232 -0.0149728 -0.820992 
4.53333 0.0057044 0.00113701 -0.0130394 -0.823701 
4.56667 0.00568503 0.00122646 -0.0133624 -0.828429 
4.6 0.00570773 0.00132459 -0.0140327 -0.833674 
4.63333 0.00567394 0.0014209 -0.0167955 -0.841613 
4.66667 0.00572034 0.00147056 -0.0215259 -0.852796 
4.7 0.00566603 0.00144554 -0.0254575 -0.864612 
4.73333 0.00565402 0.00151898 -0.0270163 -0.874938 
4.76667 0.00566076 0.00153352 -0.0291245 -0.886432 
4.8 0.00575858 0.00148875 -0.0285903 -0.89551 
4.83333 0.00579851 0.00141547 -0.028142 -0.904511 
4.86667 0.00592918 0.00137818 -0.0244833 -0.909572 
4.9 0.00601098 0.0012889 -0.0215193 -0.914235 
4.93333 0.00605799 0.00127209 -0.0183613 -0.91768 
4.96667 0.00605079 0.0012656 -0.0149808 -0.91981 
5 0.00601355 0.00128697 -0.0122181 -0.921542 
5.03333 0.00594906 0.001428 -0.0141141 -0.927853 
5.06667 0.00586159 0.00149643 -0.0155082 -0.934203 
5.1 0.0057964 0.00158531 -0.0181966 -0.942546 
5.13333 0.00573201 0.00167385 -0.0200723 -0.950826 
5.16667 0.00567901 0.00167904 -0.0241381 -0.962316 
5.2 0.00559522 0.00168267 -0.0272189 -0.973999 
5.23333 0.00567832 0.00158663 -0.0283593 -0.984418 
5.26667 0.0057247 0.00143579 -0.0265397 -0.991723 
5.3 0.00575111 0.00134678 -0.0254403 -0.999272 
5.33333 0.00579178 0.0012733 -0.0230878 -1.00498 
5.36667 0.0058214 0.0012031 -0.0207704 -1.00994 
5.4 0.00587914 0.00117798 -0.0161763 -1.01144 
5.43333 0.00597202 0.00119094 -0.0130225 -1.0131 
5.46667 0.00606477 0.00121484 -0.0111117 -1.01519 
5.5 0.00607671 0.00129096 -0.0120266 -1.01997 
5.53333 0.00600655 0.00142712 -0.0137763 -1.02605 
5.56667 0.00604691 0.00149757 -0.0162049 -1.03351 
5.6 0.00601985 0.00157849 -0.021243 -1.04486 
5.63333 0.00598016 0.00165221 -0.024629 -1.05593 
5.66667 0.00598334 0.00151327 -0.0257594 -1.06548 
5.7 0.0060282 0.00142917 -0.0271118 -1.07566 
5.73333 0.00608947 0.00145718 -0.027046 -1.08462 
5.76667 0.00618129 0.0013111 -0.0240243 -1.09007 
5.8 0.00625521 0.0012799 -0.0229047 -1.09676 
5.83333 0.00636179 0.00117008 -0.0197374 -1.10065 
5.86667 0.00642461 0.001127 -0.0176541 -1.10477 
5.9 0.00646452 0.00119664 -0.0145322 -1.10697 
5.93333 0.00645137 0.00129765 -0.0142235 -1.11145 
5.96667 0.00641803 0.00135764 -0.0142577 -1.11623 
6 0.00641938 0.00149575 -0.0167247 -1.1239 
6.03333 0.006473 0.00161646 -0.0189586 -1.13211 
6.06667 0.00649389 0.0016606 -0.0217517 -1.14173 
6.1 0.0065035 0.00170393 -0.0236401 -1.15121 
6.13333 0.00647956 0.00170852 -0.0261445 -1.16204 
6.16667 0.00647016 0.00168831 -0.0266437 -1.17135 
6.2 0.0064576 0.00158114 -0.0278366 -1.18164 
6.23333 0.00641287 0.00154998 -0.0267554 -1.18964 
6.26667 0.00642949 0.00140175 -0.0243195 -1.19568 
6.3 0.00643708 0.00133931 -0.0218205 -1.20084 
6.33333 0.00647686 0.00120872 -0.0177959 -1.20336 
6.36667 0.0064798 0.00121679 -0.0153094 -1.20636 
6.4 0.00651896 0.00127898 -0.013395 -1.2092 
6.43333 0.00645222 0.00142083 -0.0142622 -1.21469 
6.46667 0.00643059 0.0014352 -0.0145401 -1.21977 
6.5 0.00636367 0.00151 -0.0171327 -1.22768 
6.53333 0.00633012 0.00154092 -0.0190886 -1.2357 
6.56667 0.0062635 0.00164111 -0.0224048 -1.24598 
6.6 0.00625345 0.00163298 -0.0246038 -1.25604 
6.63333 0.00625279 0.00153359 -0.026533 -1.26652 
6.66667 0.00635616 0.00138318 -0.0269897 -1.2759 
6.7 0.00639889 0.00133184 -0.0259252 -1.28364 
6.73333 0.00641382 0.00127392 -0.0243253 -1.29039 
6.76667 0.00645458 0.00112056 -0.0205254 -1.29402 
6.8 0.00643582 0.0011199 -0.0172468 -1.29699 
6.83333 0.00649784 0.00111572 -0.0155673 -1.30076 
6.86667 0.00654225 0.00122533 -0.0133455 -1.30332 
6.9 0.00659096 0.00124715 -0.0146036 -1.30926 
6.93333 0.00664175 0.00140688 -0.0161742 -1.31598 
6.96667 0.00677494 0.0014197 -0.0170419 -1.32239 
7 0.00678997 0.00155323 -0.0214977 -1.33333 
7.03333 0.00681058 0.00161308 -0.0243328 -1.34385 
7.06667 0.00679138 0.00171669 -0.027862 -1.35612 
7.1 0.00678548 0.00161754 -0.0295893 -1.36745 
7.13333 0.00683465 0.0015879 -0.0295668 -1.37729 
7.16667 0.00703999 0.00143749 -0.0279244 -1.3852 
7.2 0.00710624 0.00137891 -0.0262698 -1.39256 
7.23333 0.00721126 0.00138821 -0.0242803 -1.39897 
7.26667 0.00732104 0.00142585 -0.0221881 -1.40459 
7.3 0.00739257 0.00144204 -0.0208338 -1.41039 
7.33333 0.00743926 0.00151971 -0.0187373 -1.41486 
7.36667 0.00748947 0.00160241 -0.0182169 -1.42049 
7.4 0.00741618 0.0016491 -0.0190989 -1.4276 
7.43333 0.00743439 0.00169561 -0.0219358 -1.43732 
7.46667 0.00745817 0.00171458 -0.0254143 -1.44873 
7.5 0.00744601 0.00176627 -0.0301228 -1.46276 
7.53333 0.00750026 0.00172757 -0.0323449 -1.47543 
7.56667 0.00748281 0.00168253 -0.0331337 -1.48714 
7.6 0.00752501 0.0015455 -0.0343077 -1.49957 
7.63333 0.00755275 0.00150936 -0.0337278 -1.51032 
