0.236 15 40 
0.329 15 40 
0.44 15 40 
0.517 15 40 
0.627 15 40 
0.719 15 40 
0.798 15 40 
0.876 15 40 
0.954 15 40 
1.033 15 40 
1.11 15 40 
1.189 15 40 
1.283 15 40 
1.392 15 40 
1.502 15 40 
1.58 15 40 
1.674 15 40 
1.736 15 40 
1.814 15 40 
1.924 15 40 
2.002 15 40 
2.112 15 40 
2.174 15 40 
2.236 15 40 
2.313 15 40 
2.438 15 40 
2.517 15 40 
2.595 15 40 
2.673 15 40 
2.736 15 40 
2.799 15 40 
2.876 15 40 
2.939 15 40 
3.002 15 40 
3.064 15 40 
3.142 15 40 
3.22 15 40 
3.329 15 40 
3.407 15 40 
3.471 15 40 
3.548 15 40 
3.643 15 40 
3.704 15 40 
3.767 15 40 
3.83 15 40 
3.924 15 40 
4.002 15 40 
4.079 15 40 
4.141 15 40 
4.205 15 40 
4.299 15 40 
4.361 15 40 
4.423 15 40 
4.502 15 40 
4.58 15 40 
4.673 15 40 
4.735 15 40 
4.814 15 40 
4.877 15 40 
4.938 15 40 
5.001 15 40 
5.065 15 40 
5.158 15 40 
5.22 15 40 
5.345 15 40 
5.408 15 40 
5.47 15 40 
5.548 15 40 
5.626 15 40 
5.706 15 40 
5.766 15 40 
5.844 15 40 
5.939 15 40 
6.032 15 40 
6.111 15 40 
6.173 15 40 
6.251 15 40 
6.329 15 40 
6.407 15 40 
6.486 15 40 
6.579 15 40 
6.642 15 40 
6.705 15 40 
6.768 15 40 
6.86 15 40 
6.94 15 40 
7.017 15 40 
7.095 15 40 
7.159 15 40 
7.22 15 40 
7.315 15 40 
7.377 15 40 
7.439 15 40 
7.5 15 40 
7.563 15 40 
7.658 15 40 
7.751 15 40 
7.845 15 40 
7.939 15 40 
8.032 15 40 
8.111 15 40 
8.174 15 40 
8.235 15 40 
8.298 15 40 
8.36 15 40 
8.423 15 40 
8.501 15 40 
8.564 15 40 
8.642 15 40 
8.704 15 40 
8.767 15 40 
8.83 15 40 
8.924 15 40 
9.002 15 40 
9.08 15 40 
9.174 15 40 
9.297 15 40 
9.391 15 40 
9.469 15 40 
9.533 15 40 
9.61 15 40 
9.673 15 40 
9.736 15 40 
9.798 15 40 
9.892 15 40 
9.971 15 40 
10.032 15 40 
10.111 15 40 
10.173 15 40 
10.235 15 40 
10.329 15 40 
10.393 15 40 
10.471 15 40 
10.549 15 40 
10.642 15 40 
10.736 15 40 
10.798 15 40 
10.892 15 40 
10.985 15 40 
11.079 15 40 
11.158 15 40 
11.219 15 40 
11.314 15 40 
11.407 15 40 
11.47 15 40 
11.533 15 40 
11.595 15 40 
11.674 15 40 
11.751 15 40 
11.83 15 40 
11.908 15 40 
12.001 15 40 
12.08 15 40 
12.143 15 40 
12.204 15 40 
12.283 15 40 
12.362 15 40 
12.423 15 40 
12.518 15 40 
12.611 15 40 
12.673 15 40 
12.735 15 40 
12.798 15 40 
12.891 15 40 
12.969 15 40 
13.049 15 40 
13.126 15 40 
13.204 15 40 
13.267 15 40 
13.36 15 40 
13.438 15 40 
13.502 15 40 
13.563 15 40 
13.642 15 40 
13.704 15 40 
13.782 15 40 
13.877 15 40 
13.954 15 40 
14.032 15 40 
14.111 15 40 
14.174 15 40 
14.236 15 40 
14.314 15 40 
14.408 15 40 
14.486 15 40 
14.579 15 40 
14.673 15 40 
14.736 15 40 
14.798 15 40 
14.876 15 40 
14.939 15 40 
15.017 15 40 
15.096 15 40 
15.189 15 40 
15.283 15 40 
15.36 15 40 
15.439 15 40 
15.502 15 40 
15.579 15 40 
15.674 15 40 
15.752 15 40 
15.846 15 40 
15.954 15 40 
16.033 15 40 
16.112 15 40 
16.173 15 40 
16.235 15 40 
16.33 15 40 
16.407 15 40 
16.501 15 40 
16.594 15 40 
16.673 15 40 
16.736 15 40 
16.829 15 40 
16.939 15 40 
17.001 15 40 
17.063 15 40 
17.127 15 40 
17.205 15 40 
17.282 15 40 
17.345 15 40 
17.423 15 40 
17.518 15 40 
17.612 15 40 
17.705 15 40 
17.799 15 40 
17.892 15 40 
17.97 15 40 
18.079 15 40 
18.158 15 40 
