0.246 15 40 
0.34 15 40 
0.434 15 40 
0.543 15 40 
0.638 15 40 
0.73 15 40 
0.839 15 40 
0.934 15 40 
1.011 15 40 
1.105 15 40 
1.199 15 40 
1.277 15 40 
1.356 15 40 
1.433 15 40 
1.497 15 40 
1.558 15 40 
1.621 15 40 
1.684 15 40 
1.778 15 40 
1.856 15 40 
1.934 15 40 
2.028 15 40 
2.121 15 40 
2.199 15 40 
2.293 15 40 
2.372 15 40 
2.449 15 40 
2.543 15 40 
2.636 15 40 
2.745 15 40 
2.823 15 40 
2.902 15 40 
2.98 15 40 
3.075 15 40 
3.153 15 40 
3.247 15 40 
3.339 15 40 
3.433 15 40 
3.527 15 40 
3.59 15 40 
3.652 15 40 
3.731 15 40 
3.793 15 40 
3.871 15 40 
3.98 15 40 
4.059 15 40 
4.137 15 40 
4.199 15 40 
4.262 15 40 
4.34 15 40 
4.418 15 40 
4.481 15 40 
4.573 15 40 
4.653 15 40 
4.714 15 40 
4.793 15 40 
4.856 15 40 
4.949 15 40 
5.027 15 40 
5.09 15 40 
5.152 15 40 
5.214 15 40 
5.293 15 40 
5.372 15 40 
5.45 15 40 
5.528 15 40 
5.605 15 40 
5.683 15 40 
5.778 15 40 
5.841 15 40 
5.934 15 40 
6.042 15 40 
6.137 15 40 
6.199 15 40 
6.262 15 40 
6.324 15 40 
6.387 15 40 
6.448 15 40 
6.528 15 40 
6.606 15 40 
6.7 15 40 
6.762 15 40 
6.825 15 40 
6.887 15 40 
6.964 15 40 
7.028 15 40 
7.089 15 40 
7.152 15 40 
7.262 15 40 
7.324 15 40 
7.403 15 40 
7.497 15 40 
7.56 15 40 
7.651 15 40 
7.746 15 40 
7.824 15 40 
7.901 15 40 
7.996 15 40 
8.073 15 40 
8.168 15 40 
8.261 15 40 
8.324 15 40 
8.386 15 40 
8.449 15 40 
8.527 15 40 
8.606 15 40 
8.7 15 40 
8.793 15 40 
8.856 15 40 
8.934 15 40 
9.027 15 40 
9.091 15 40 
9.168 15 40 
9.246 15 40 
9.325 15 40 
9.387 15 40 
9.465 15 40 
9.527 15 40 
9.589 15 40 
9.652 15 40 
9.731 15 40 
9.792 15 40 
9.856 15 40 
9.934 15 40 
9.995 15 40 
10.059 15 40 
10.136 15 40 
10.2 15 40 
10.261 15 40 
10.34 15 40 
10.418 15 40 
10.496 15 40 
10.574 15 40 
10.653 15 40 
10.747 15 40 
10.809 15 40 
10.887 15 40 
10.965 15 40 
11.028 15 40 
11.09 15 40 
11.152 15 40 
11.214 15 40 
11.276 15 40 
11.355 15 40 
11.449 15 40 
11.527 15 40 
11.605 15 40 
11.684 15 40 
11.761 15 40 
11.824 15 40 
11.903 15 40 
11.981 15 40 
12.075 15 40 
12.153 15 40 
12.231 15 40 
12.294 15 40 
12.403 15 40 
12.481 15 40 
12.558 15 40 
12.637 15 40 
12.73 15 40 
12.794 15 40 
12.855 15 40 
12.934 15 40 
12.996 15 40 
13.059 15 40 
13.137 15 40 
13.215 15 40 
13.277 15 40 
13.355 15 40 
13.434 15 40 
13.527 15 40 
13.589 15 40 
13.653 15 40 
13.731 15 40 
13.793 15 40 
13.871 15 40 
13.95 15 40 
14.028 15 40 
14.136 15 40 
14.2 15 40 
14.262 15 40 
14.325 15 40 
14.388 15 40 
14.45 15 40 
14.527 15 40 
14.59 15 40 
14.668 15 40 
14.762 15 40 
14.855 15 40 
14.933 15 40 
14.996 15 40 
15.059 15 40 
15.12 15 40 
15.183 15 40 
15.246 15 40 
15.34 15 40 
15.434 15 40 
15.527 15 40 
15.59 15 40 
15.653 15 40 
15.73 15 40 
15.808 15 40 
15.902 15 40 
16.027 15 40 
16.138 15 40 
16.2 15 40 
16.277 15 40 
16.354 15 40 
16.417 15 40 
16.479 15 40 
16.559 15 40 
16.62 15 40 
16.699 15 40 
16.793 15 40 
16.886 15 40 
16.995 15 40 
17.09 15 40 
17.153 15 40 
17.23 15 40 
17.34 15 40 
17.434 15 40 
17.496 15 40 
17.559 15 40 
17.621 15 40 
17.683 15 40 
17.761 15 40 
17.872 15 40 
17.997 15 40 
18.059 15 40 
