0.066667 0.030016 0.009469 -0.143957 -0.286319 0.678914 0.686475 
0.100000 0.032116 0.010603 0.102293 -0.286319 0.678914 0.686475 
0.133333 0.029508 0.009816 0.484383 -0.300151 0.679965 0.685444 
0.166667 0.016616 -0.003700 0.546177 -0.246618 0.682523 0.687076 
0.200000 0.003879 -0.023011 0.376335 -0.230230 0.681043 0.685773 
0.233333 0.003568 -0.031837 0.318746 -0.255126 0.681007 0.684940 
0.266667 0.010144 -0.022430 0.340957 -0.224102 0.681548 0.683210 
0.300000 0.019050 -0.004150 0.133827 -0.202161 0.681129 0.683353 
0.333333 0.023379 0.010069 -0.244140 -0.211007 0.682345 0.682960 
0.366667 0.019465 0.015408 -0.483476 -0.234845 0.683745 0.683733 
0.400000 0.013414 0.017081 -0.534729 -0.248546 0.683676 0.684110 
0.433333 0.011065 0.017087 -0.561250 -0.259689 0.684134 0.683426 
0.466667 0.011100 0.006607 -0.605291 -0.286312 0.685133 0.685551 
0.500000 0.010406 -0.013685 -0.519698 -0.296342 0.685104 0.684684 
0.533333 0.007392 -0.024134 -0.177153 -0.325705 0.685486 0.683938 
0.566667 0.003946 -0.015139 0.272055 -0.324936 0.685131 0.682037 
0.600000 0.007513 -0.002838 0.499274 -0.292321 0.684985 0.682760 
0.633333 0.019196 -0.005093 0.440751 -0.279138 0.685693 0.682932 
0.666667 0.030824 -0.013529 0.358697 -0.269465 0.686406 0.682559 
0.700000 0.034344 -0.010137 0.375379 -0.270888 0.687062 0.680354 
0.733333 0.026964 -0.000853 0.302815 -0.241820 0.688467 0.680457 
0.766667 0.014614 0.001714 0.028366 -0.228174 0.689413 0.681559 
0.800000 0.007497 0.000735 -0.302086 -0.258922 0.689265 0.680065 
0.833333 0.010081 0.004569 -0.529081 -0.240756 0.689348 0.680863 
0.866667 0.014263 0.008965 -0.628126 -0.299946 0.689653 0.680170 
0.900000 0.015516 0.003443 -0.635118 -0.283502 0.691602 0.681593 
0.933333 0.019604 -0.003413 -0.552180 -0.329462 0.690684 0.680543 
0.966667 0.030208 -0.002674 -0.384268 -0.342247 0.691474 0.679991 
1.000000 0.038001 0.003237 -0.168606 -0.335111 0.693179 0.680145 
1.033330 0.035051 0.008153 0.091820 -0.359361 0.694196 0.679308 
1.066670 0.026282 0.005389 0.344067 -0.341836 0.695572 0.679453 
1.100000 0.020613 -0.000869 0.466668 -0.319520 0.696037 0.679957 
1.133330 0.020617 -0.003236 0.452902 -0.314201 0.696404 0.678518 
1.166670 0.020413 -0.001494 0.383350 -0.292462 0.697151 0.678908 
1.200000 0.015806 -0.000048 0.239742 -0.289575 0.698174 0.678455 
1.233330 0.012444 0.001479 -0.074960 -0.281017 0.698591 0.678764 
1.266670 0.015885 0.005657 -0.485596 -0.274010 0.697965 0.677935 
1.300000 0.020168 0.006547 -0.701196 -0.320572 0.699461 0.678557 
1.333330 0.023450 -0.001043 -0.627089 -0.344622 0.701167 0.678874 
1.366670 0.030470 -0.005616 -0.514489 -0.348027 0.699789 0.677754 
1.400000 0.033184 0.002441 -0.512903 -0.367022 0.701620 0.677480 
1.433330 0.020956 0.011979 -0.463308 -0.388328 0.703976 0.676585 
1.466670 0.009975 0.009003 -0.218853 -0.404082 0.703500 0.677759 
1.500000 0.019034 -0.003310 0.104546 -0.405916 0.703182 0.678449 
1.533330 0.035504 -0.012492 0.260729 -0.397953 0.704459 0.676100 
1.566670 0.040018 -0.012935 0.221012 -0.367316 0.706305 0.676382 
1.600000 0.036572 -0.003214 0.218351 -0.392938 0.706487 0.674538 
1.633330 0.033831 0.007655 0.323033 -0.372486 0.707673 0.675119 
1.666670 0.030406 0.016901 0.308773 -0.357337 0.709105 0.674728 
1.700000 0.023884 0.021142 0.063567 -0.343301 0.710281 0.674804 
1.733330 0.020996 0.017442 -0.231595 -0.356240 0.711224 0.675627 
1.766670 0.026429 0.005659 -0.376067 -0.364508 0.711141 0.676091 
1.800000 0.031333 -0.004254 -0.380499 -0.383207 0.713466 0.675264 
1.833330 0.027650 -0.003946 -0.422264 -0.394047 0.713234 0.674556 
1.866670 0.019941 0.002405 -0.590612 -0.396594 0.714738 0.673800 
1.900000 0.018637 0.004303 -0.727475 -0.432610 0.714926 0.674837 
1.933330 0.027157 -0.000510 -0.633955 -0.458719 0.715377 0.673942 
1.966670 0.037077 -0.004154 -0.298366 -0.469748 0.716759 0.673844 
2.000000 0.039174 -0.002895 0.150458 -0.479442 0.717411 0.672011 
2.033330 0.034548 -0.000555 0.498149 -0.466479 0.719315 0.672627 
2.066670 0.031614 0.003043 0.530163 -0.441250 0.719576 0.671477 
2.100000 0.034430 0.007918 0.309712 -0.412441 0.720530 0.671023 
2.133330 0.037504 0.013234 0.168552 -0.431384 0.722070 0.671881 
2.166670 0.037791 0.018163 0.207225 -0.419671 0.724115 0.670819 
2.200000 0.037672 0.021696 0.113678 -0.414391 0.723641 0.670619 
2.233330 0.037424 0.012444 -0.309432 -0.388437 0.727241 0.672212 
2.266670 0.032544 -0.000341 -0.781115 -0.436802 0.727249 0.671686 
2.300000 0.027488 -0.003659 -0.926417 -0.455207 0.728463 0.669033 
2.333330 0.029010 0.002111 -0.763228 -0.504079 0.728610 0.670956 
2.366670 0.036210 0.002506 -0.600854 -0.505589 0.730166 0.669703 
2.400000 0.039856 -0.002545 -0.548841 -0.521286 0.731077 0.668714 
2.433330 0.036838 -0.009202 -0.395394 -0.551270 0.732403 0.668587 
2.466670 0.035212 -0.011527 -0.045827 -0.567378 0.733458 0.667151 
2.500000 0.043602 -0.003283 0.319969 -0.540198 0.733192 0.666214 
2.533330 0.057829 0.011349 0.572116 -0.535937 0.735101 0.665535 
2.566670 0.061449 0.017229 0.643472 -0.527246 0.737417 0.665096 
2.600000 0.051516 0.013137 0.422543 -0.475008 0.740779 0.664675 
2.633330 0.040441 0.015982 -0.007557 -0.485742 0.739586 0.663902 
2.666670 0.036596 0.019437 -0.407076 -0.500418 0.742861 0.663971 
2.700000 0.035399 0.013598 -0.676614 -0.503106 0.743546 0.664790 
2.733330 0.034855 0.006682 -0.790984 -0.540101 0.745482 0.663641 
2.766670 0.037079 0.010604 -0.721580 -0.567261 0.745086 0.663339 
2.800000 0.037526 0.020432 -0.554916 -0.587799 0.747510 0.663075 
2.833330 0.034390 0.015308 -0.404820 -0.595584 0.748669 0.662194 
2.866670 0.034370 -0.007366 -0.266967 -0.617459 0.750489 0.664486 
2.900000 0.041321 -0.022048 -0.104618 -0.616096 0.750035 0.660650 
2.933330 0.049597 -0.008285 0.073638 -0.624454 0.750716 0.659541 
2.966670 0.052821 0.014036 0.278850 -0.603362 0.752794 0.659057 
3.000000 0.049722 0.021896 0.478065 -0.618716 0.754608 0.658416 
3.033330 0.045805 0.011957 0.501673 -0.574842 0.756860 0.659240 
3.066670 0.044090 0.008045 0.275617 -0.558983 0.757134 0.656866 
3.100000 0.044856 0.015070 -0.053117 -0.575514 0.758652 0.657238 
3.133330 0.045300 0.019458 -0.369036 -0.565394 0.761386 0.657086 
3.166670 0.043130 0.020105 -0.634858 -0.583925 0.761619 0.656632 
3.200000 0.038914 0.021125 -0.797259 -0.624005 0.764183 0.656308 
3.233330 0.036151 0.020799 -0.861313 -0.634349 0.765166 0.656303 
3.266670 0.037168 0.016913 -0.826155 -0.669837 0.766212 0.655893 
3.300000 0.041168 0.005415 -0.625402 -0.700967 0.768101 0.656054 
3.333330 0.042174 -0.010163 -0.283020 -0.712997 0.768749 0.654544 
3.366670 0.039276 -0.020392 0.069496 -0.714601 0.769815 0.653120 
3.400000 0.041428 -0.019715 0.307914 -0.711028 0.769893 0.651782 
3.433330 0.053736 -0.009117 0.373797 -0.695382 0.770602 0.650739 
3.466670 0.065235 0.006140 0.352706 -0.668651 0.771701 0.649287 
3.500000 0.062507 0.021779 0.354788 -0.694251 0.775178 0.647296 
3.533330 0.055176 0.024872 0.265337 -0.646790 0.776424 0.648186 
3.566670 0.054324 0.027744 -0.069867 -0.657737 0.778183 0.647082 
3.600000 0.058476 0.031446 -0.498506 -0.653696 0.780110 0.646983 
3.633330 0.054230 0.034873 -0.736822 -0.692282 0.782917 0.646124 
3.666670 0.043821 0.028063 -0.781412 -0.726059 0.784842 0.646424 
3.700000 0.038373 0.013435 -0.826950 -0.719936 0.786281 0.646247 
3.733330 0.041455 0.004441 -0.850091 -0.778654 0.786933 0.644890 
3.766670 0.049596 -0.001930 -0.651667 -0.786183 0.788179 0.644641 
3.800000 0.055141 -0.004752 -0.234794 -0.830647 0.789655 0.642687 
3.833330 0.056781 -0.008177 0.207334 -0.792323 0.790776 0.641240 
3.866670 0.058664 -0.000140 0.532335 -0.812665 0.791205 0.640041 
3.900000 0.059723 0.008747 0.621723 -0.774403 0.793524 0.638122 
3.933330 0.058403 0.011634 0.412844 -0.749852 0.794473 0.637273 
3.966670 0.056678 0.005635 0.107981 -0.740178 0.797576 0.636947 
4.000000 0.055493 0.004992 -0.048238 -0.768732 0.797281 0.635086 
4.033330 0.050990 0.013732 -0.121850 -0.737452 0.799525 0.633801 
4.066670 0.042164 0.029093 -0.308708 -0.766752 0.801293 0.633283 
4.100000 0.040565 0.035162 -0.657739 -0.767497 0.803059 0.633677 
4.133330 0.049645 0.033954 -1.032986 -0.795753 0.804189 0.633708 
4.166670 0.061948 0.026230 -1.175900 -0.840731 0.806880 0.632195 
4.200000 0.071923 0.009880 -0.919877 -0.887999 0.809086 0.631803 
4.233330 0.078848 -0.010861 -0.344080 -0.891357 0.810145 0.629724 
4.266670 0.079246 -0.015699 0.252158 -0.925678 0.811733 0.626606 
4.300000 0.070706 -0.009609 0.493351 -0.871801 0.812273 0.624518 
4.333330 0.062368 0.006703 0.338266 -0.862112 0.814199 0.622583 
4.366670 0.060367 0.017163 0.202111 -0.860374 0.815689 0.622001 
4.400000 0.062580 0.020530 0.302945 -0.875686 0.817369 0.620656 
4.433330 0.060892 0.020881 0.290354 -0.838171 0.819654 0.619808 
4.466670 0.051393 0.028430 -0.107779 -0.824425 0.821234 0.617417 
4.500000 0.042796 0.035449 -0.585424 -0.847250 0.822801 0.618790 
4.533330 0.042844 0.031690 -0.778777 -0.890236 0.825381 0.617813 
4.566670 0.051559 0.018343 -0.787786 -0.896335 0.826344 0.617444 
4.600000 0.059758 0.006655 -0.840729 -0.928063 0.827915 0.615901 
4.633330 0.059602 -0.000165 -0.854865 -0.949060 0.829481 0.614882 
4.666670 0.052010 0.001890 -0.629158 -0.995870 0.830548 0.611757 
4.700000 0.052284 0.004550 -0.213755 -1.000140 0.830854 0.611669 
4.733330 0.066782 0.002681 0.173063 -0.995903 0.832632 0.610748 
4.766670 0.078382 0.000579 0.441953 -0.990320 0.833772 0.608013 
4.800000 0.075782 0.006011 0.597479 -0.966460 0.835801 0.604520 
4.833330 0.069605 0.018972 0.526172 -0.965516 0.836291 0.604604 
4.866670 0.067437 0.024484 0.180708 -0.907110 0.839637 0.602962 
4.900000 0.059589 0.029434 -0.151432 -0.943300 0.840590 0.600479 
4.933330 0.051467 0.026096 -0.267213 -0.963793 0.843611 0.601000 
4.966670 0.050185 0.017729 -0.374087 -0.938215 0.844139 0.599962 
5.000000 0.049795 0.016028 -0.569653 -0.963791 0.845713 0.597896 
5.033330 0.046718 0.020381 -0.683783 -1.010640 0.847787 0.597935 
5.066670 0.045459 0.023034 -0.713942 -1.001820 0.848105 0.596205 
5.100000 0.046954 0.021241 -0.733221 -1.043920 0.850186 0.595791 
5.133330 0.054040 0.006791 -0.619567 -1.057840 0.851962 0.594871 
5.166670 0.065594 -0.008268 -0.278890 -1.090960 0.852287 0.592689 
5.200000 0.073667 -0.014207 0.120165 -1.081450 0.852620 0.591004 
5.233330 0.068891 -0.006477 0.306540 -1.076470 0.854098 0.587583 
5.266670 0.056686 0.004498 0.227715 -1.050950 0.854712 0.585687 
5.300000 0.054137 0.012133 0.111449 -1.062410 0.855911 0.585562 
5.333330 0.066160 0.011911 0.159477 -1.053530 0.857444 0.583368 
5.366670 0.078408 0.013755 0.267606 -1.058190 0.858540 0.582019 
5.400000 0.078607 0.018807 0.158455 -1.028870 0.860794 0.578660 
5.433330 0.068367 0.027897 -0.231773 -1.036860 0.862444 0.577806 
5.466670 0.060321 0.031067 -0.635092 -1.041780 0.864813 0.576380 
5.500000 0.059441 0.031276 -0.805399 -1.095570 0.866124 0.575250 
5.533330 0.064631 0.026432 -0.814914 -1.100100 0.868509 0.574218 
5.566670 0.065888 0.019311 -0.794613 -1.129610 0.869262 0.571648 
5.600000 0.063471 0.003589 -0.639603 -1.156790 0.871862 0.570650 
5.633330 0.064242 -0.010190 -0.265484 -1.187020 0.872428 0.568635 
5.666670 0.070627 -0.007834 0.138794 -1.173760 0.871380 0.565939 
5.700000 0.077815 0.004995 0.353723 -1.162240 0.872432 0.563869 
5.733330 0.078262 0.007506 0.354666 -1.160900 0.876076 0.561845 
5.766670 0.072395 0.001151 0.232605 -1.130500 0.875106 0.558962 
5.800000 0.064712 0.010729 0.088514 -1.148920 0.876865 0.557720 
5.833330 0.056270 0.029537 -0.043728 -1.129630 0.877680 0.555087 
5.866670 0.047113 0.042060 -0.207802 -1.148480 0.880003 0.554715 
5.900000 0.047840 0.033190 -0.410427 -1.139340 0.882665 0.553896 
5.933330 0.059620 0.021223 -0.599640 -1.180000 0.883459 0.553489 
5.966670 0.073214 0.018677 -0.743779 -1.181670 0.884010 0.550366 
6.000000 0.074175 0.022347 -0.793151 -1.219570 0.886537 0.548459 
6.033330 0.067768 0.014518 -0.656545 -1.243070 0.888621 0.546931 
6.066670 0.065668 0.002216 -0.336681 -1.265100 0.888338 0.544456 
6.100000 0.068644 -0.004357 -0.010437 -1.266740 0.889391 0.543138 
6.133330 0.067429 -0.003630 0.100609 -1.267270 0.889757 0.539840 
6.166670 0.059186 -0.000660 0.011902 -1.241550 0.890876 0.538362 
6.200000 0.054425 0.005286 0.015246 -1.268140 0.890412 0.535817 
6.233330 0.061850 0.006279 0.227266 -1.271620 0.892616 0.535897 
6.266670 0.073821 0.005137 0.381173 -1.233040 0.892346 0.532400 
6.300000 0.076510 0.014837 0.253494 -1.243060 0.893913 0.530344 
6.333330 0.069768 0.024743 -0.056321 -1.212280 0.894966 0.527758 
6.366670 0.059287 0.033746 -0.327005 -1.252950 0.897597 0.527206 
6.400000 0.056175 0.030136 -0.450942 -1.236310 0.898097 0.524166 
6.433330 0.057808 0.021280 -0.481731 -1.282990 0.900301 0.524915 
6.466670 0.060801 0.007620 -0.546351 -1.272710 0.901753 0.521214 
6.500000 0.059206 0.007081 -0.672839 -1.304460 0.901230 0.520055 
6.533330 0.057459 0.013143 -0.729510 -1.325360 0.902279 0.517992 
6.566670 0.060247 0.010347 -0.611020 -1.355740 0.903977 0.516650 
6.600000 0.068288 -0.004129 -0.368956 -1.369890 0.904372 0.514385 
6.633330 0.076363 -0.012025 -0.096615 -1.369870 0.904385 0.512305 
6.666670 0.078492 -0.001503 0.160503 -1.386430 0.903656 0.508833 
6.700000 0.073872 0.009612 0.359331 -1.351950 0.905139 0.506811 
6.733330 0.066937 0.017760 0.422754 -1.368140 0.906825 0.504906 
6.766670 0.066526 0.020688 0.301505 -1.322770 0.906518 0.501945 
6.800000 0.074472 0.029287 0.070385 -1.330470 0.908591 0.501459 
6.833330 0.084184 0.032549 -0.203315 -1.349600 0.909785 0.498081 
6.866670 0.088234 0.022969 -0.547082 -1.323730 0.912951 0.495558 
6.900000 0.084407 0.019352 -0.849259 -1.372090 0.912065 0.492988 
6.933330 0.078140 0.019423 -0.945310 -1.416020 0.914863 0.490655 
6.966670 0.070400 0.017487 -0.874365 -1.412770 0.914880 0.487542 
7.000000 0.061798 0.017778 -0.707598 -1.473730 0.916221 0.486389 
7.033330 0.060183 0.008273 -0.436120 -1.474340 0.916422 0.483686 
7.066670 0.070852 -0.004330 -0.067740 -1.482380 0.918016 0.481885 
7.100000 0.091989 -0.007832 0.310254 -1.502130 0.916085 0.480169 
7.133330 0.104657 -0.003412 0.505085 -1.452720 0.917326 0.475834 
7.166670 0.097406 0.014457 0.399933 -1.457160 0.917038 0.471502 
7.200000 0.082503 0.027355 0.096555 -1.434520 0.919000 0.469863 
7.233330 0.072961 0.036596 -0.203471 -1.445440 0.919930 0.467545 
7.266670 0.067854 0.039688 -0.340010 -1.449080 0.921696 0.464606 
7.300000 0.061030 0.035245 -0.359286 -1.483280 0.922828 0.463184 
7.333330 0.057509 0.014480 -0.506342 -1.468220 0.924847 0.461264 
7.366670 0.060922 -0.005042 -0.851014 -1.493760 0.925188 0.458734 
7.400000 0.072935 -0.006637 -1.146377 -1.542930 0.923312 0.458135 
7.433330 0.080550 0.002084 -1.122084 -1.565680 0.924367 0.454012 
7.466670 0.076277 0.008238 -0.707231 -1.619340 0.924897 0.451433 
7.500000 0.073117 0.003676 -0.112141 -1.631420 0.924391 0.449357 
7.533330 0.085304 -0.003222 0.291798 -1.609080 0.924404 0.446772 
7.566670 0.096127 -0.005242 0.399711 -1.607280 0.924415 0.444704 
