0.7 0.002614 -0.000505355 0.0169774 0.220644 
0.733333 0.00280639 -0.000486537 0.0164088 0.227554 
0.766667 0.00295429 -0.000432317 0.0149387 0.231573 
0.8 0.00306046 -0.000381086 0.0123954 0.233451 
0.833333 0.00317959 -0.000390095 0.00954617 0.23411 
0.866667 0.00324991 -0.000445604 0.00744926 0.234747 
0.9 0.00336252 -0.000525877 0.00771811 0.237521 
0.933333 0.00342755 -0.000613 0.0108215 0.243745 
0.966667 0.00344637 -0.000700353 0.0128896 0.249781 
1 0.00352651 -0.000763253 0.0170295 0.258963 
1.03333 0.00353578 -0.000811679 0.0214007 0.269803 
1.06667 0.00352633 -0.000819901 0.0247782 0.280925 
1.1 0.00352428 -0.000785418 0.0282146 0.293242 
1.13333 0.00358659 -0.000710587 0.0296997 0.304401 
1.16667 0.00370212 -0.00068183 0.0279027 0.31218 
1.2 0.00377796 -0.000667937 0.0258023 0.319001 
1.23333 0.00391274 -0.000541924 0.0236252 0.325032 
1.26667 0.00396906 -0.000451696 0.0193951 0.327914 
1.3 0.00410868 -0.000402783 0.0146904 0.328825 
1.33333 0.00424421 -0.00045607 0.0120363 0.330589 
1.36667 0.00436648 -0.000542356 0.0110746 0.333465 
1.4 0.00447394 -0.000671009 0.0124374 0.338766 
1.43333 0.00445702 -0.00073391 0.0141244 0.344903 
1.46667 0.00446972 -0.000834232 0.0176083 0.353724 
1.5 0.00448117 -0.000910992 0.0213407 0.363999 
1.53333 0.00457069 -0.000995197 0.0251855 0.375651 
1.56667 0.00459338 -0.00098858 0.0283021 0.387725 
1.6 0.00455202 -0.000902748 0.0308791 0.400201 
1.63333 0.00458981 -0.000782627 0.0310826 0.410735 
1.66667 0.00462352 -0.000752863 0.0285937 0.418158 
1.7 0.00470196 -0.000657437 0.02586 0.424462 
1.73333 0.00478237 -0.000591878 0.0219782 0.428499 
1.76667 0.0049519 -0.000511681 0.0179578 0.43108 
1.8 0.00509947 -0.000530556 0.0146367 0.433145 
1.83333 0.00518626 -0.000580281 0.0136191 0.436823 
1.86667 0.00522471 -0.000686913 0.0131108 0.440763 
1.9 0.00524949 -0.00077603 0.0161983 0.448777 
1.93333 0.00532003 -0.000887311 0.0187052 0.457136 
1.96667 0.00529304 -0.000986306 0.0222309 0.467533 
2 0.00537873 -0.00105276 0.0265543 0.480047 
2.03333 0.00536859 -0.00104191 0.0305338 0.493596 
2.06667 0.00542758 -0.00100165 0.032148 0.50568 
2.1 0.00550565 -0.000887126 0.0321831 0.516437 
2.13333 0.00551513 -0.000803752 0.0304694 0.525142 
2.16667 0.00565471 -0.000763698 0.0279489 0.532323 
2.2 0.00574251 -0.000689038 0.0243278 0.537365 
2.23333 0.00582358 -0.000647367 0.0195385 0.53982 
2.26667 0.00585131 -0.000644942 0.0168286 0.543134 
2.3 0.00588572 -0.000730112 0.0161846 0.547984 
2.33333 0.00596712 -0.000831407 0.0158966 0.553038 
2.36667 0.0059799 -0.000967901 0.0181901 0.561045 
2.4 0.00599303 -0.00104584 0.0204338 0.569757 
2.43333 0.00604712 -0.00114112 0.0242207 0.581038 
2.46667 0.00604517 -0.00119879 0.0276062 0.593108 
2.5 0.00603839 -0.00122077 0.0315787 0.607 
2.53333 0.00604319 -0.00118095 0.0341188 0.620524 
2.56667 0.00611299 -0.00112732 0.0340188 0.631779 
2.6 0.00614001 -0.00103172 0.0329011 0.6418 
2.63333 0.00618204 -0.000985494 0.0293879 0.648619 
2.66667 0.00626288 -0.000860503 0.027165 0.655791 
2.7 0.00632233 -0.000739587 0.0227889 0.65968 
2.73333 0.00631869 -0.00072889 0.0180825 0.661721 
2.76667 0.00630069 -0.000819454 0.0160332 0.665329 
2.8 0.00627624 -0.000899482 0.0159689 0.670598 
2.83333 0.00625307 -0.00103329 0.0172287 0.677408 
2.86667 0.00631645 -0.00109092 0.0183248 0.684445 
2.9 0.0062569 -0.00111083 0.0208277 0.693508 
2.93333 0.00617822 -0.0011787 0.0252846 0.705711 
2.96667 0.00619764 -0.00115286 0.0278868 0.717211 
3 0.00625488 -0.00113117 0.0302354 0.72928 
3.03333 0.0062624 -0.00101328 0.0300785 0.739173 
3.06667 -0.0102743 -0.00242793 -0.120127 0.571887 
3.1 -0.0137496 0.000498548 -0.316097 0.30051 
3.13333 -0.0162951 0.00258051 -0.458525 0.0270138 
3.16667 -0.018137 0.00406251 -0.561047 -0.246852 
3.2 -0.0194549 0.0050897 -0.636555 -0.523001 
3.23333 -0.020411 0.00575104 -0.690674 -0.799072 
3.26667 -0.0211365 0.00621349 -0.728729 -1.07422 
3.3 -0.0216782 0.00652759 -0.755678 -1.34894 
3.33333 -0.0219756 0.00672276 -0.772644 -1.62086 
3.36667 -0.0221431 0.00685809 -0.782884 -1.8905 
3.4 -0.0223382 0.00690255 -0.790032 -2.1599 
3.43333 -0.0223556 0.00703121 -0.793427 -2.42725 
3.46667 -0.0223988 0.00706767 -0.793078 -2.69131 
3.5 -0.0223715 0.00718398 -0.793679 -2.95638 
3.53333 -0.022329 0.00732725 -0.796811 -3.22464 
3.56667 -0.0223262 0.00749798 -0.800712 -3.49484 
3.6 -0.0223262 0.0075531 -0.803302 -3.76481 
3.63333 -0.0222329 0.00760779 -0.807868 -4.03796 
3.66667 -0.0221111 0.00761357 -0.812954 -4.31326 
3.7 -0.0219666 0.00758471 -0.815188 -4.58688 
3.73333 -0.0219825 0.00753 -0.817234 -4.86102 
3.76667 -0.0218835 0.00739863 -0.816118 -5.13212 
3.8 -0.00522224 0.00882997 -0.665093 -5.22588 
3.83333 -0.00163514 0.00593202 -0.470295 -5.21762 
3.86667 0.00101424 0.00386974 -0.32822 -5.20668 
3.9 0.00290458 0.00236543 -0.225873 -5.19527 
3.93333 0.00431474 0.00135479 -0.150584 -5.18168 
3.96667 0.0053195 0.000718683 -0.0971533 -5.1688 
4 0.0061183 0.000202658 -0.0591787 -5.15636 
4.03333 0.00678524 -7.19104e-005 -0.0317921 -5.14376 
4.06667 0.0072269 -0.000285089 -0.0152713 -5.13485 
4.1 0.00747151 -0.000431768 -0.00388083 -5.1265 
4.13333 0.00777544 -0.000528562 0.00198175 -5.12087 
4.16667 0.00783379 -0.000715543 0.00537253 -5.11621 
4.2 0.00799195 -0.000770769 0.00622349 -5.11341 
4.23333 0.00809425 -0.000918234 0.00759078 -5.10972 
4.26667 0.0081106 -0.00110159 0.0107152 -5.1035 
4.3 0.00816613 -0.0012506 0.0151807 -5.09466 
4.33333 0.00822922 -0.00138055 0.0205154 -5.0833 
4.36667 0.00816493 -0.00147641 0.0260336 -5.06995 
4.4 0.0081054 -0.00144886 0.0298884 -5.05672 
4.43333 0.00802561 -0.00148619 0.0335886 -5.04239 
4.46667 0.00820549 -0.00145833 0.0355721 -5.02885 
4.5 0.00822195 -0.00130263 0.0336373 -5.01928 
4.53333 0.0082383 -0.00125239 0.0327901 -5.00907 
4.56667 0.00833194 -0.00116339 0.029641 -5.00186 
4.6 0.00841801 -0.00109097 0.024708 -4.9978 
4.63333 0.00839404 -0.0010207 0.0206327 -4.99437 
4.66667 0.00846943 -0.0010896 0.0198667 -4.9884 
4.7 0.00848832 -0.00124649 0.0206647 -4.98084 
4.73333 0.00865916 -0.00139618 0.0224067 -4.97189 
4.76667 0.00863982 -0.00155632 0.0244714 -4.96198 
4.8 0.00856522 -0.00164106 0.0291047 -4.94836 
4.83333 0.00853338 -0.00168096 0.0321448 -4.93507 
4.86667 0.00840901 -0.00173995 0.0359536 -4.91986 
4.9 0.00835179 -0.00173336 0.0391842 -4.90406 
4.93333 0.00832882 -0.00166542 0.0397127 -4.89037 
4.96667 0.00843779 -0.00160302 0.0395911 -4.87728 
5 0.00853851 -0.00144394 0.0382012 -4.86572 
5.03333 0.00860398 -0.00138406 0.0352362 -4.85649 
5.06667 0.00865481 -0.00130521 0.0303622 -4.8505 
5.1 0.00887947 -0.00127279 0.0255841 -4.84602 
5.13333 0.00907444 -0.00133551 0.0233261 -4.84015 
5.16667 0.00911075 -0.00143375 0.0221147 -4.83381 
5.2 0.00899603 -0.00149381 0.021804 -4.8268 
5.23333 0.00903069 -0.00169773 0.0237116 -4.81728 
5.26667 0.00902261 -0.00176998 0.0256821 -4.80705 
5.3 0.00899605 -0.00184121 0.0303629 -4.79297 
5.33333 0.00890356 -0.00183409 0.0358086 -4.77642 
5.36667 0.0089066 -0.00185039 0.0396284 -4.75997 
5.4 0.00891238 -0.00180258 0.0393154 -4.74713 
5.43333 0.00894045 -0.00169628 0.0376354 -4.73601 
5.46667 0.00883943 -0.00151926 0.0343443 -4.72735 
5.5 0.00884021 -0.00141551 0.0306648 -4.72025 
5.53333 0.00895814 -0.00136162 0.024965 -4.71675 
5.56667 0.00907525 -0.00132935 0.0208557 -4.71328 
5.6 0.00914384 -0.00132684 0.0184148 -4.70921 
5.63333 0.0091831 -0.00146812 0.0177845 -4.70382 
5.66667 0.00931981 -0.00160409 0.0201384 -4.69511 
5.7 0.0092685 -0.00172988 0.0227125 -4.68536 
5.73333 0.00930579 -0.00188647 0.0255576 -4.67443 
5.76667 0.00926704 -0.0019495 0.0297801 -4.66093 
5.8 0.00922046 -0.00196215 0.0335143 -4.64659 
5.83333 0.00909013 -0.00194347 0.0369682 -4.63134 
5.86667 0.00908276 -0.00183865 0.0375536 -4.61833 
5.9 0.00914197 -0.00170529 0.0371222 -4.60632 
5.93333 0.00912034 -0.00158569 0.0356917 -4.59563 
5.96667 0.00914979 -0.00145767 0.0332914 -4.58657 
6 0.00923808 -0.00140825 0.0291698 -4.58034 
6.03333 0.00919228 -0.00140834 0.0246254 -4.57598 
6.06667 0.0092226 -0.00146922 0.0216511 -4.57128 
6.1 0.00933611 -0.00160716 0.0209176 -4.56493 
6.13333 0.00934601 -0.00175015 0.0218962 -4.5568 
6.16667 0.00932717 -0.00184751 0.023735 -4.54733 
6.2 0.00939502 -0.00205205 0.0264055 -4.53627 
6.23333 0.00939189 -0.00210436 0.0300254 -4.5232 
6.26667 0.00927352 -0.0021522 0.0357318 -4.50645 
6.3 0.00917396 -0.00216571 0.0388274 -4.49089 
6.33333 0.00925564 -0.00209394 0.0397783 -4.47682 
6.36667 0.00931777 -0.0019476 0.0396746 -4.46368 
6.4 0.00924289 -0.00187285 0.0381551 -4.45225 
6.43333 0.00928692 -0.00166524 0.0345951 -4.44374 
6.46667 0.00923225 -0.00160869 0.0313524 -4.43603 
6.5 0.0093061 -0.00154141 0.0279778 -4.42957 
6.53333 0.00938244 -0.00155354 0.023798 -4.42517 
6.56667 0.00942836 -0.00164607 0.021919 -4.41946 
6.6 0.0094603 -0.00174343 0.0227966 -4.41112 
6.63333 0.00938152 -0.00190282 0.023974 -4.40213 
