0.7 0.00511879 -0.0007547 0.0234407 1.08456 
0.733333 0.00546898 -0.000786666 0.0256024 1.09419 
0.766667 0.00568341 -0.000694464 0.0259906 1.10267 
0.8 0.00590064 -0.000756404 0.0279489 1.11402 
0.833333 0.00602208 -0.000754064 0.0291621 1.12511 
0.866667 0.0060507 -0.000687221 0.0296341 1.13564 
0.9 0.00614821 -0.000651631 0.026339 1.14166 
0.933333 0.00617931 -0.00060661 0.022053 1.14538 
0.966667 0.00620726 -0.000589878 0.0186481 1.14871 
1 0.00622385 -0.000642314 0.0161603 1.15198 
1.03333 0.00627699 -0.000702453 0.0149692 1.15595 
1.06667 0.00634495 -0.000824692 0.0161095 1.16229 
1.1 0.00644315 -0.000894259 0.0194685 1.17162 
1.13333 0.00651895 -0.0010148 0.0229729 1.18225 
1.16667 0.00650902 -0.00103596 0.0251207 1.19244 
1.2 0.00656531 -0.00105675 0.0279336 1.20413 
1.23333 0.00660067 -0.000999721 0.0309995 1.21706 
1.26667 0.00645198 -0.000986123 0.0333264 1.23014 
1.3 0.00654963 -0.000842976 0.0302516 1.23762 
1.33333 0.00667611 -0.0007858 0.0277891 1.2448 
1.36667 0.0067526 -0.000745869 0.0235003 1.249 
1.4 0.00671717 -0.000699376 0.0187582 1.25124 
1.43333 0.00672524 -0.000868075 0.0188987 1.25766 
1.46667 0.00664528 -0.000910183 0.0178172 1.26268 
1.5 0.00666578 -0.00107026 0.0196609 1.27079 
1.53333 0.00671959 -0.00115596 0.0219487 1.28005 
1.56667 0.00672593 -0.00118081 0.0265258 1.29277 
1.6 0.00674073 -0.0012951 0.0308379 1.3067 
1.63333 0.00677168 -0.00133325 0.0353853 1.32235 
1.66667 0.0068978 -0.00124158 0.0370314 1.33609 
1.7 0.00701155 -0.00116313 0.0363884 1.34767 
1.73333 0.00719922 -0.00119764 0.0373852 1.36098 
1.76667 0.00730163 -0.00114564 0.0352898 1.37096 
1.8 0.0072621 -0.00106408 0.0319322 1.37876 
1.83333 0.00720519 -0.00103486 0.0264797 1.38297 
1.86667 0.00725662 -0.00095607 0.0221158 1.38665 
1.9 0.00739712 -0.000953128 0.0193817 1.39079 
1.93333 0.0073179 -0.001114 0.0188577 1.39663 
1.96667 0.00737996 -0.00126845 0.0202383 1.40455 
2 0.00755821 -0.00153729 0.0258922 1.41797 
2.03333 0.00741487 -0.00167467 0.0298157 1.43123 
2.06667 0.00737309 -0.00173065 0.0343268 1.4465 
2.1 0.00739348 -0.00177273 0.0384307 1.46278 
2.13333 0.00741416 -0.00176371 0.0404411 1.47797 
2.16667 0.00748734 -0.00154552 0.0378635 1.4884 
2.2 0.00759642 -0.0015155 0.0375257 1.50063 
2.23333 0.00775173 -0.00158917 0.0384304 1.5142 
2.26667 0.0076835 -0.0015067 0.033051 1.52066 
2.3 0.00774092 -0.00142934 0.0265262 1.52398 
2.33333 0.00775939 -0.00136324 0.0215672 1.52696 
2.36667 0.00780779 -0.00133678 0.0181143 1.53008 
2.4 0.00785387 -0.00155364 0.0195597 1.53782 
2.43333 0.00784924 -0.00175662 0.0237595 1.5493 
2.46667 0.00780623 -0.00169274 0.024141 1.55767 
2.5 0.00776972 -0.00176225 0.0287312 1.57114 
2.53333 0.00789004 -0.00180374 0.0315994 1.5841 
2.56667 0.00799824 -0.00184576 0.0353432 1.59905 
2.6 0.00798279 -0.00183341 0.0366315 1.61235 
2.63333 0.00798728 -0.00178368 0.0375076 1.6256 
2.66667 0.00806815 -0.00162153 0.0368729 1.63735 
2.7 0.0080358 -0.00151824 0.0348316 1.64723 
2.73333 0.00791613 -0.00129823 0.0277028 1.65043 
2.76667 0.00803091 -0.00120902 0.0232044 1.65435 
2.8 0.00810632 -0.00108921 0.0166088 1.6543 
2.83333 0.00822506 -0.0011631 0.0151474 1.65811 
2.86667 0.00830152 -0.00133917 0.0160275 1.6642 
2.9 0.00831481 -0.00152768 0.0199953 1.67423 
2.93333 0.00835823 -0.00158036 0.0215142 1.68268 
2.96667 0.00825638 -0.00151573 0.0218562 1.69026 
3 0.00834913 -0.00155706 0.0277367 1.70449 
3.03333 0.0084668 -0.00170426 0.0332104 1.72019 
3.06667 0.00855385 -0.0017489 0.0353245 1.73376 
3.1 0.00854806 -0.00173042 0.0367385 1.7472 
3.13333 0.00849176 -0.00156385 0.0355187 1.75801 
3.16667 0.00855503 -0.00144229 0.031424 1.76502 
3.2 0.00857012 -0.00138434 0.0275903 1.77096 
3.23333 0.00861256 -0.00138382 0.02268 1.77436 
3.26667 0.00859578 -0.0013843 0.0203385 1.77916 
3.3 0.00865987 -0.00138765 0.0194584 1.7849 
3.33333 0.00871506 -0.00149677 0.02044 1.79255 
3.36667 0.00878184 -0.00161154 0.0219201 1.80111 
3.4 0.00886106 -0.00176509 0.0245775 1.81155 
3.43333 0.00897436 -0.00184344 0.027904 1.82367 
3.46667 0.0090291 -0.00191812 0.0317408 1.8375 
3.5 0.0091098 -0.00203214 0.035424 1.85243 
3.53333 0.00906461 -0.00206121 0.0395523 1.86911 
3.56667 0.00907786 -0.00192535 0.0390899 1.88175 
3.6 0.00913612 -0.00178957 0.0373509 1.89273 
3.63333 0.00923595 -0.0016642 0.0325966 1.89956 
3.66667 0.00923874 -0.00158887 0.0291491 1.90636 
3.7 0.00928184 -0.00154468 0.0250819 1.91127 
3.73333 0.00931588 -0.00159274 0.0221032 1.91612 
3.76667 0.00933975 -0.0015556 0.0207614 1.9219 
3.8 0.00936708 -0.00160428 0.0211079 1.92923 
3.83333 0.0094104 -0.00168847 0.0233493 1.93891 
3.86667 0.00948428 -0.00185669 0.0256555 1.94942 
3.9 0.00954941 -0.00191812 0.030066 1.96318 
3.93333 0.0095592 -0.00199869 0.0344007 1.97832 
3.96667 0.00959782 -0.0019643 0.0370293 1.99289 
4 0.0097599 -0.00191616 0.0378277 2.00617 
4.03333 0.0097246 -0.0018472 0.0378123 2.01876 
4.06667 0.00976667 -0.00177183 0.0363456 2.02964 
4.1 0.00971079 -0.00170385 0.0345144 2.03959 
4.13333 0.00963504 -0.00160628 0.029627 2.04532 
4.16667 0.00960388 -0.00152183 0.0241737 2.04876 
4.2 0.0097408 -0.0015909 0.0223383 2.05465 
4.23333 0.00980928 -0.00165893 0.0236539 2.06365 
4.26667 0.0099352 -0.00179471 0.0235488 2.07141 
4.3 0.00993512 -0.00197242 0.0258165 2.08194 
4.33333 0.00996755 -0.00203041 0.030026 2.09551 
4.36667 0.00997112 -0.00210658 0.0339016 2.1101 
4.4 0.00998312 -0.00214882 0.0373682 2.12549 
4.43333 0.0100821 -0.00206469 0.0386372 2.13945 
4.46667 0.0102018 -0.00196445 0.0387697 2.15248 
4.5 0.010213 -0.00194807 0.036148 2.16231 
4.53333 0.0102286 -0.00189652 0.0349418 2.17293 
4.56667 0.0103174 -0.00184417 0.0299516 2.17869 
4.6 0.010291 -0.00178325 0.0277363 2.18606 
4.63333 0.0103249 -0.00183081 0.0256643 2.19286 
4.66667 0.0103691 -0.00190665 0.0241821 2.19966 
4.7 0.0104427 -0.0019952 0.0240484 2.20757 
4.73333 0.0103201 -0.00210785 0.026511 2.21849 
4.76667 0.0103829 -0.00227225 0.0280582 2.22915 
4.8 0.0103716 -0.00233344 0.0312986 2.24233 
4.83333 0.0104157 -0.00231137 0.0339507 2.2559 
4.86667 0.0104805 -0.00231266 0.0362811 2.26996 
4.9 0.0105146 -0.00233512 0.0390297 2.2853 
4.93333 0.0105242 -0.00219128 0.0375853 2.29661 
4.96667 0.0105543 -0.00204102 0.0341648 2.3051 
5 0.0105728 -0.00194383 0.0312218 2.31301 
5.03333 0.0105532 -0.00185677 0.0293536 2.32121 
5.06667 0.0105262 -0.00181954 0.0265482 2.32769 
5.1 0.0104945 -0.00186789 0.0245169 2.33414 
5.13333 0.0105349 -0.00197409 0.0243211 2.34208 
5.16667 0.0104531 -0.00212997 0.0263646 2.3526 
5.2 0.0103161 -0.00222156 0.0283311 2.36371 
5.23333 0.0102875 -0.00226162 0.0317979 2.37724 
5.26667 0.0103522 -0.00225372 0.0334998 2.38985 
5.3 0.0103386 -0.00221804 0.0372637 2.40546 
5.33333 0.0104001 -0.00213158 0.0380289 2.41879 
5.36667 0.0103392 -0.00200888 0.0362152 2.42932 
5.4 0.0103049 -0.00188575 0.0339208 2.43868 
5.43333 0.0102346 -0.0017694 0.0322198 2.44798 
5.46667 0.0102274 -0.00169842 0.0282938 2.45409 
5.5 0.0101561 -0.00161064 0.0253416 2.46004 
5.53333 0.0101077 -0.00158122 0.0220272 2.46457 
5.56667 0.0100503 -0.00169243 0.0214266 2.4712 
5.6 0.0100343 -0.00180094 0.0212584 2.47815 
5.63333 0.0099366 -0.00186487 0.023078 2.48738 
5.66667 0.00981828 -0.00189171 0.0265964 2.49923 
5.7 0.00968296 -0.00197288 0.0293609 2.51136 
5.73333 0.00953797 -0.00198577 0.032795 2.5252 
5.76667 0.00945515 -0.00199882 0.0343864 2.53801 
5.8 0.00940819 -0.00204277 0.03409 2.54912 
5.83333 0.00934935 -0.00189954 0.0343265 2.56076 
5.86667 0.00932025 -0.00176927 0.0338391 2.57163 
5.9 0.00935904 -0.00169463 0.0303377 2.57878 
5.93333 0.00949068 -0.00160695 0.0282355 2.58641 
5.96667 0.00960614 -0.00158548 0.0239434 2.59075 
6 0.0096261 -0.00159108 0.02183 2.59624 
6.03333 0.00961968 -0.00166623 0.0198041 2.60112 
6.06667 0.00958718 -0.0018273 0.019824 2.60775 
6.1 0.00953676 -0.00193699 0.0220555 2.61699 
6.13333 0.00956987 -0.002011 0.025612 2.62854 
6.16667 0.00953672 -0.0021126 0.0285901 2.64059 
6.2 0.00959665 -0.00215006 0.0325982 2.65485 
6.23333 0.00960508 -0.00215653 0.0361211 2.66988 
6.26667 0.00971606 -0.00212526 0.0381492 2.68431 
6.3 0.00979959 -0.00201794 0.0370715 2.69576 
