0.7 0.00700997 0.00181003 -0.0382469 -1.2676 
0.733333 0.00748201 0.00187318 -0.0369027 -1.28309 
0.766667 0.00786249 0.00197429 -0.034097 -1.29192 
0.8 0.00823269 0.00204832 -0.0312277 -1.29965 
0.833333 0.00849691 0.00229247 -0.0329334 -1.31187 
0.866667 0.0085307 0.00250995 -0.0350615 -1.32526 
0.9 0.00869116 0.00268523 -0.0394084 -1.34198 
0.933333 0.00876433 0.00285116 -0.0458663 -1.36275 
0.966667 0.0087359 0.00298728 -0.053824 -1.38744 
1 0.00857403 0.00302223 -0.0622516 -1.41535 
1.03333 0.00860592 0.00296622 -0.0679391 -1.44282 
1.06667 0.00871293 0.00287298 -0.0676603 -1.46514 
1.1 0.00892857 0.00276099 -0.0645987 -1.48409 
1.13333 0.00911695 0.0026687 -0.0600357 -1.50023 
1.16667 0.00928749 0.00258902 -0.0539307 -1.51304 
1.2 0.00953982 0.00254699 -0.0482152 -1.52427 
1.23333 0.00981565 0.00253389 -0.0416288 -1.53256 
1.26667 0.00998915 0.00261354 -0.0415094 -1.5463 
1.3 0.0101517 0.00287481 -0.0388788 -1.55703 
1.33333 0.0102081 0.00310707 -0.0419957 -1.57367 
1.36667 0.0102226 0.00333107 -0.0456248 -1.59195 
1.4 0.0101191 0.00345497 -0.0522002 -1.61492 
1.43333 0.0101118 0.00349812 -0.0598886 -1.6414 
1.46667 0.0100193 0.00359972 -0.0672338 -1.67003 
1.5 0.009953 0.00360332 -0.0741918 -1.70066 
1.53333 0.00994958 0.00359066 -0.078555 -1.73054 
1.56667 0.00998236 0.00342715 -0.0761277 -1.75386 
1.6 0.0101902 0.00323262 -0.075888 -1.77895 
1.63333 0.0103881 0.00319816 -0.0700495 -1.79735 
1.66667 0.010547 0.00319043 -0.0648425 -1.81456 
1.7 0.0108119 0.0032275 -0.0572286 -1.82718 
1.73333 0.0110258 0.00332486 -0.0511244 -1.83905 
1.76667 0.0110975 0.00345174 -0.0482529 -1.85271 
1.8 0.0111672 0.00371974 -0.0488527 -1.8695 
1.83333 0.0111369 0.00398162 -0.0528108 -1.89045 
1.86667 0.0111155 0.00423335 -0.0588122 -1.91514 
1.9 0.0110526 0.00443358 -0.0660612 -1.9433 
1.93333 0.010954 0.00459215 -0.0721582 -1.97252 
1.96667 0.0107912 0.00469265 -0.0771104 -2.00242 
2 0.0108012 0.00458166 -0.0796568 -2.03113 
2.03333 0.0107083 0.00443457 -0.0814943 -2.05985 
2.06667 0.0106887 0.00432292 -0.0764366 -2.08104 
2.1 0.0108225 0.00417504 -0.0715743 -2.10078 
2.13333 0.0109667 0.00413321 -0.0664929 -2.11864 
2.16667 0.0111611 0.00412333 -0.059063 -2.13204 
2.2 0.011345 0.00412398 -0.0520994 -2.1435 
2.23333 0.0114586 0.00421129 -0.0466502 -2.15444 
2.26667 0.011526 0.00437579 -0.0427021 -2.16533 
2.3 0.0115942 0.00471407 -0.0450206 -2.1823 
2.33333 0.0115437 0.00514204 -0.0469108 -2.19954 
2.36667 0.0114755 0.00532585 -0.0541272 -2.22369 
2.4 0.011363 0.00551567 -0.0607228 -2.24952 
2.43333 0.0112551 0.00552729 -0.0696603 -2.28031 
2.46667 0.011271 0.0054935 -0.07509 -2.30994 
2.5 0.0113507 0.0055317 -0.0750509 -2.33493 
2.53333 0.0114309 0.00527726 -0.0746711 -2.35949 
2.56667 0.011538 0.00509402 -0.0713715 -2.38049 
2.6 0.0117211 0.00494594 -0.0650021 -2.39676 
2.63333 0.0119201 0.00487508 -0.0570754 -2.40907 
2.66667 0.0121179 0.00484157 -0.0524824 -2.42268 
2.7 0.0122658 0.00494524 -0.0474773 -2.43426 
2.73333 0.0122402 0.00513384 -0.0451243 -2.44731 
2.76667 0.0123614 0.00527676 -0.0470864 -2.46467 
2.8 0.0124197 0.0055275 -0.050509 -2.4844 
2.83333 0.0123188 0.00580835 -0.0552012 -2.50678 
2.86667 0.0122853 0.00594559 -0.0612208 -2.53228 
2.9 0.0121016 0.0061062 -0.0693479 -2.56228 
2.93333 0.0120563 0.00621983 -0.0761385 -2.59342 
2.96667 0.0121054 0.00619621 -0.0789939 -2.62217 
3 0.0121023 0.006116 -0.081859 -2.65188 
3.03333 0.0122201 0.00585151 -0.0790339 -2.67583 
3.06667 0.0122407 0.00559255 -0.0743169 -2.69661 
3.1 0.0122996 0.00547283 -0.0660513 -2.71162 
3.13333 0.0124145 0.00527438 -0.0597096 -2.72615 
3.16667 0.0125672 0.00531348 -0.0517012 -2.7366 
3.2 0.0125313 0.00541564 -0.0478512 -2.74929 
3.23333 0.0125093 0.00556928 -0.0493909 -2.76706 
3.26667 0.0125045 0.0058961 -0.0512674 -2.78574 
3.3 0.0124073 0.00607359 -0.0557022 -2.80806 
3.33333 0.0122164 0.00625093 -0.06222 -2.83433 
3.36667 0.0120084 0.00632333 -0.0676133 -2.86143 
3.4 0.0117972 0.00636166 -0.0716508 -2.88874 
3.43333 0.0117433 0.00623922 -0.0750517 -2.91663 
3.46667 0.0118403 0.00606503 -0.0738161 -2.94019 
3.5 0.0118614 0.00591932 -0.0703336 -2.96069 
3.53333 0.0119874 0.00572725 -0.0660662 -2.97909 
3.56667 0.0120894 0.00555884 -0.0612262 -2.9954 
3.6 0.0121932 0.00543456 -0.055157 -3.00865 
3.63333 0.0123824 0.00527929 -0.0480567 -3.01865 
3.66667 0.012462 0.00523109 -0.0414945 -3.02692 
3.7 0.0125018 0.00536762 -0.037953 -3.03657 
3.73333 0.012524 0.00553476 -0.0374896 -3.04868 
3.76667 0.0123853 0.00572437 -0.0393483 -3.06337 
3.8 0.0122518 0.00586935 -0.043254 -3.08109 
