0.7 0.00275344 0.000893218 0.00408346 -0.899687 
0.733333 0.00287992 0.000928724 0.000971576 -0.901398 
0.766667 0.0030251 0.000977378 0.000674521 -0.902248 
0.8 0.00299707 0.0010136 -0.00164273 -0.904712 
0.833333 0.00320373 0.00113368 -0.00282028 -0.906209 
0.866667 0.00305725 0.00111893 -0.00660318 -0.911601 
0.9 0.00301568 0.0012173 -0.00440816 -0.911142 
0.933333 0.00296083 0.00117194 -0.00485981 -0.913159 
0.966667 0.00314102 0.00101004 -0.00708899 -0.91744 
1 0.00317642 0.000837322 -0.0104714 -0.923809 
1.03333 0.00327533 0.000673223 -0.0105293 -0.92737 
1.06667 0.00337795 0.000565834 -0.0106231 -0.930993 
1.1 0.00338941 0.000443586 -0.0100191 -0.933823 
1.13333 0.00348769 0.000601336 -0.0065612 -0.933079 
1.16667 0.00359218 0.000788226 -0.00240652 -0.930361 
1.2 0.00370896 0.000820644 -0.00466478 -0.933829 
1.23333 0.00368258 0.00103179 -0.00283158 -0.93322 
1.26667 0.00348247 0.00120895 -0.0050913 -0.936831 
1.3 0.00327959 0.00127441 -0.00950784 -0.943742 
1.33333 0.0031111 0.00133485 -0.0130513 -0.951094 
1.36667 0.0029374 0.00125777 -0.0151222 -0.957889 
1.4 0.00303858 0.00106739 -0.0189049 -0.967395 
1.43333 0.00323792 0.000871135 -0.0190943 -0.973921 
1.46667 0.00332055 0.000705276 -0.0170251 -0.977843 
1.5 0.00350791 0.000473848 -0.0201557 -0.987213 
1.53333 0.00360264 0.000461825 -0.0166619 -0.989808 
1.56667 0.00359042 0.000479563 -0.012996 -0.991034 
1.6 0.00384149 0.000489886 -0.0100466 -0.991884 
1.63333 0.00382532 0.000501838 -0.012413 -0.998027 
1.66667 0.00390141 0.000491591 -0.0155621 -1.00588 
1.7 0.00385164 0.000685422 -0.0175146 -1.01337 
1.73333 0.00375262 0.000954888 -0.018413 -1.02027 
1.76667 0.00372721 0.00113021 -0.0184215 -1.02642 
1.8 0.00349169 0.00123181 -0.0201492 -1.0346 
1.83333 0.00337689 0.00121498 -0.0254045 -1.04752 
1.86667 0.00360347 0.00117382 -0.023766 -1.05405 
1.9 0.00366601 0.00098518 -0.0256983 -1.06426 
1.93333 0.00373999 0.000774752 -0.0244966 -1.07141 
1.96667 0.00379886 0.000660061 -0.0225314 -1.07725 
2 0.00371102 0.000616985 -0.0179621 -1.07937 
2.03333 0.00391735 0.000641554 -0.0141634 -1.08087 
2.06667 0.00408328 0.000517028 -0.0130765 -1.08431 
2.1 0.00427055 0.000534578 -0.0117227 -1.08707 
2.13333 0.00429295 0.000657909 -0.00962048 -1.0885 
2.16667 0.00416988 0.000783625 -0.0134835 -1.09626 
2.2 0.00417893 0.0010693 -0.0135194 -1.1008 
2.23333 0.00401608 0.00132783 -0.0131011 -1.10481 
2.26667 0.00401858 0.00135598 -0.0158098 -1.11238 
2.3 0.00402505 0.00135323 -0.0192902 -1.12175 
2.33333 0.00402428 0.00131579 -0.0218365 -1.13119 
2.36667 0.00392774 0.00114283 -0.0244075 -1.1415 
2.4 0.00399348 0.00105845 -0.0241797 -1.14937 
2.43333 0.00405393 0.000895653 -0.0227197 -1.15571 
2.46667 0.00423646 0.000788747 -0.0183974 -1.15818 
2.5 0.00413312 0.000725095 -0.0178927 -1.16372 
2.53333 0.0045736 0.000707669 -0.0135592 -1.16456 
2.56667 0.00494199 0.000738018 -0.00953416 -1.16433 
2.6 0.00477632 0.000819273 -0.00922872 -1.16715 
2.63333 0.00493547 0.000959915 -0.011218 -1.17257 
2.66667 0.00503944 0.0011332 -0.0139259 -1.17951 
2.7 0.00511123 0.00127354 -0.0158513 -1.18643 
2.73333 0.00514821 0.00133848 -0.0189952 -1.19542 
2.76667 0.00491641 0.00131775 -0.0211835 -1.20434 
2.8 0.00502563 0.00129635 -0.0248647 -1.21574 
2.83333 0.00503989 0.00118392 -0.0283837 -1.22818 
2.86667 0.00490139 0.00119172 -0.0275348 -1.23664 
2.9 0.00489169 0.00124774 -0.0216121 -1.23883 
2.93333 0.00485219 0.00106867 -0.0207802 -1.24505 
2.96667 0.00475519 0.000878374 -0.0173625 -1.24794 
3 0.0048637 0.000903686 -0.0147507 -1.25065 
3.03333 0.00502884 0.000893594 -0.0110343 -1.25118 
3.06667 0.00510776 0.000965109 -0.00862973 -1.25202 
3.1 0.00513611 0.00103364 -0.00901631 -1.25535 
3.13333 0.00507949 0.00119537 -0.0102218 -1.25978 
3.16667 0.0051533 0.00131236 -0.011663 -1.26489 
3.2 0.0049775 0.00144573 -0.0141497 -1.27171 
3.23333 0.00517059 0.00137399 -0.0190378 -1.2822 
3.26667 0.00519375 0.00125396 -0.0249577 -1.29553 
3.3 0.00502874 0.00125242 -0.0234413 -1.30206 
3.33333 0.00509606 0.00111772 -0.0245891 -1.31123 
3.36667 0.00498943 0.00102866 -0.0225933 -1.31707 
3.4 0.00492127 0.000974563 -0.0195328 -1.32099 
3.43333 0.00478268 0.000858415 -0.0182257 -1.32596 
3.46667 0.00504058 0.00085938 -0.0141586 -1.32723 
3.5 0.00497097 0.000867718 -0.0130044 -1.33059 
3.53333 0.00507414 0.00097668 -0.00952857 -1.33082 
3.56667 0.0050701 0.00107013 -0.00950993 -1.33397 
3.6 0.00509908 0.00110088 -0.0114016 -1.33938 
3.63333 0.00489863 0.00107791 -0.0161672 -1.3488 
3.66667 0.00501159 0.00121676 -0.0166154 -1.35472 
3.7 0.00503921 0.00131418 -0.0208774 -1.36529 
3.73333 0.00494431 0.00116322 -0.0257795 -1.37804 
3.76667 0.00495497 0.00110784 -0.028814 -1.39021 
3.8 0.00502516 0.000997205 -0.0295222 -1.40065 
3.83333 0.00516774 0.00106003 -0.026553 -1.40699 
3.86667 0.00530423 0.000983742 -0.02396 -1.41278 
3.9 0.00538773 0.000914311 -0.0215225 -1.41789 
3.93333 0.00560468 0.000709258 -0.0197636 -1.42299 
3.96667 0.00565309 0.000758271 -0.0161521 -1.42531 
4 0.0055261 0.000875328 -0.013852 -1.42798 
4.03333 0.00543512 0.00102146 -0.0144999 -1.43336 
4.06667 0.00545789 0.00114792 -0.0165953 -1.44067 
4.1 0.00548325 0.00122223 -0.0176889 -1.44749 
4.13333 0.00546877 0.00131412 -0.020416 -1.45661 
4.16667 0.00560628 0.00144752 -0.0214838 -1.46467 
4.2 0.00549157 0.00142011 -0.025742 -1.47686 
4.23333 0.00569496 0.00134698 -0.0272903 -1.48727 
4.26667 0.00555739 0.00120291 -0.028981 -1.49836 
4.3 0.00558638 0.0011141 -0.0276155 -1.50641 
4.33333 0.00568854 0.00110418 -0.0251742 -1.51273 
4.36667 0.00601534 0.000993942 -0.0224892 -1.51795 
4.4 0.00584722 0.000840536 -0.0226848 -1.52568 
4.43333 0.00604313 0.000879004 -0.0176197 -1.52726 
4.46667 0.00607742 0.000944665 -0.0154819 -1.53061 
4.5 0.00594632 0.00106917 -0.0158187 -1.53617 
4.53333 0.00577307 0.00144634 -0.0154306 -1.54099 
4.56667 0.00578892 0.00147092 -0.0171262 -1.54813 
4.6 0.00583273 0.00154916 -0.0193406 -1.55645 
4.63333 0.00575704 0.0015763 -0.0221907 -1.56627 
4.66667 0.00570906 0.00160974 -0.0260655 -1.57824 
4.7 0.00571984 0.00151823 -0.027734 -1.58889 
4.73333 0.00569605 0.00151144 -0.0247394 -1.5946 
4.76667 0.00598904 0.0013444 -0.0261154 -1.60448 
4.8 0.00606117 0.00129167 -0.0226883 -1.60913 
4.83333 0.0060848 0.00127592 -0.0206149 -1.61425 
4.86667 0.00631693 0.00118957 -0.0171351 -1.61701 
4.9 0.00617942 0.00101919 -0.0165437 -1.62203 
4.93333 0.0061226 0.00112898 -0.0150159 -1.62574 
4.96667 0.00627951 0.00124442 -0.0140869 -1.62965 
5 0.00625304 0.00138991 -0.0165536 -1.63725 
5.03333 0.00628065 0.00151129 -0.0186801 -1.64528 
5.06667 0.00631218 0.00149188 -0.0227324 -1.65629 
5.1 0.00628412 0.00145021 -0.0272766 -1.66923 
5.13333 0.00641544 0.00153083 -0.0284146 -1.67967 
5.16667 0.00627265 0.00149923 -0.0316475 -1.69296 
5.2 0.00630062 0.00149119 -0.0309837 -1.70272 
5.23333 0.00644149 0.00143617 -0.0264483 -1.7077 
5.26667 0.00657672 0.00118748 -0.0242 -1.71386 
5.3 0.00652983 0.00126401 -0.0199394 -1.7169 
5.33333 0.00667429 0.0011506 -0.0181535 -1.72143 
5.36667 0.00667818 0.00108962 -0.0165042 -1.72554 
5.4 0.00671527 0.00117649 -0.0156052 -1.72998 
5.43333 0.00660919 0.00129889 -0.0158703 -1.73549 
5.46667 0.00656515 0.00129798 -0.020302 -1.74602 
5.5 0.00640088 0.00140467 -0.0217226 -1.75446 
5.53333 0.00619579 0.00145225 -0.025426 -1.76607 
5.56667 0.00618921 0.00148268 -0.0274134 -1.77689 
5.6 0.00600939 0.00146073 -0.0309351 -1.79019 
5.63333 0.00627949 0.00157307 -0.029941 -1.79933 
5.66667 0.00641835 0.00134184 -0.0315019 -1.81115 
5.7 0.00633129 0.00116213 -0.033492 -1.824 
5.73333 0.00636719 0.000989698 -0.0306178 -1.83177 
5.76667 0.0063242 0.000869136 -0.0292468 -1.84036 
5.8 0.00634477 0.000919074 -0.0249716 -1.84506 
5.83333 0.00624128 0.0010679 -0.0225266 -1.8505 
5.86667 0.00628629 0.00117839 -0.0216279 -1.85695 
5.9 0.00651962 0.00123055 -0.0226451 -1.86536 
5.93333 0.00662384 0.00130224 -0.0252071 -1.87593 
5.96667 0.00655084 0.00141401 -0.0297842 -1.88973 
6 0.00646255 0.00147111 -0.0329079 -1.90335 
6.03333 0.00644987 0.00158297 -0.0341113 -1.91574 
6.06667 0.00615052 0.00162519 -0.0370936 -1.93063 
6.1 0.00615118 0.00159542 -0.0392404 -1.94553 
6.13333 0.0060976 0.00152131 -0.0387363 -1.95801 
6.16667 0.00618308 0.00157071 -0.0337762 -1.96507 
6.2 0.00634453 0.00150125 -0.0310845 -1.97315 
6.23333 0.0063997 0.00141263 -0.0276569 -1.97947 
6.26667 0.00668956 0.00139673 -0.024323 -1.98475 
6.3 0.00674251 0.00142457 -0.0220147 -1.99013 
6.33333 0.00678098 0.00160014 -0.0173758 -1.992 
6.36667 0.00663038 0.00162429 -0.0196397 -2.00046 
6.4 0.00659701 0.00172797 -0.0241271 -2.0123 
6.43333 0.0066347 0.0018976 -0.0241244 -2.02034 
6.46667 0.00668778 0.00213357 -0.0261233 -2.03074 
6.5 0.00672703 0.00222161 -0.0293807 -2.0433 
6.53333 0.00675024 0.00223748 -0.0316311 -2.05575 
6.56667 0.00684064 0.00213086 -0.0302944 -2.06471 
6.6 0.0069136 0.00200748 -0.0292057 -2.07353 
6.63333 0.00685895 0.00192709 -0.0271571 -2.08084 
6.66667 0.0069158 0.00197853 -0.02211 -2.08394 
6.7 0.00703612 0.00177965 -0.0216784 -2.0908 
6.73333 0.00711551 0.00186278 -0.0176162 -2.09323 
6.76667 0.00739192 0.00179895 -0.0190177 -2.10076 
6.8 0.00747029 0.00187616 -0.0185206 -2.10651 
6.83333 0.00741623 0.00199304 -0.0189377 -2.11317 
6.86667 0.00750764 0.00209765 -0.0201101 -2.12087 
6.9 0.00743794 0.0021638 -0.0218319 -2.12961 
6.93333 0.00737609 0.00227428 -0.023921 -2.13935 
6.96667 0.00736429 0.00233917 -0.0271587 -2.15115 
7 0.00717408 0.00229597 -0.0279804 -2.16117 
7.03333 0.00722082 0.0022187 -0.0281992 -2.17075 
7.06667 0.00722492 0.00215498 -0.0289445 -2.18103 
7.1 0.00731377 0.00208432 -0.0288292 -2.19054 
7.13333 0.00741613 0.0020459 -0.0230494 -2.19333 
7.16667 0.00742812 0.00198294 -0.0218587 -2.19961 
7.2 0.00749214 0.00192144 -0.0188007 -2.20329 
7.23333 0.00755932 0.00199157 -0.0165467 -2.20689 
7.26667 0.00747086 0.00197932 -0.0201087 -2.21661 
7.3 0.00747298 0.00210057 -0.0216286 -2.22511 
7.33333 0.00741063 0.00223055 -0.0222004 -2.23299 
7.36667 0.00735576 0.00232614 -0.0243007 -2.24287 
7.4 0.00715115 0.00243904 -0.0277182 -2.25501 
7.43333 0.00716691 0.00251924 -0.0274292 -2.26391 
7.46667 0.00727522 0.00224745 -0.0319125 -2.27834 
7.5 0.00721191 0.00207071 -0.0316281 -2.28864 
7.53333 0.00717962 0.00213292 -0.0268602 -2.29356 
7.56667 0.00737834 0.00209235 -0.0231393 -2.29812 
7.6 0.00740631 0.00198909 -0.0210798 -2.3034 
7.63333 0.00762708 0.00188249 -0.0229908 -2.31268 
