0.225 15 40 
0.303 15 40 
0.412 15 40 
0.49 15 40 
0.553 15 40 
0.63 15 40 
0.709 15 40 
0.772 15 40 
0.865 15 40 
0.958 15 40 
1.038 15 40 
1.115 15 40 
1.209 15 40 
1.302 15 40 
1.381 15 40 
1.46 15 40 
1.553 15 40 
1.615 15 40 
1.678 15 40 
1.757 15 40 
1.818 15 40 
1.881 15 40 
1.944 15 40 
2.038 15 40 
2.1 15 40 
2.194 15 40 
2.288 15 40 
2.351 15 40 
2.427 15 40 
2.552 15 40 
2.616 15 40 
2.693 15 40 
2.772 15 40 
2.85 15 40 
2.928 15 40 
2.991 15 40 
3.052 15 40 
3.115 15 40 
3.21 15 40 
3.271 15 40 
3.35 15 40 
3.429 15 40 
3.506 15 40 
3.584 15 40 
3.646 15 40 
3.709 15 40 
3.787 15 40 
3.85 15 40 
3.913 15 40 
3.975 15 40 
4.053 15 40 
4.147 15 40 
4.224 15 40 
4.319 15 40 
4.381 15 40 
4.444 15 40 
4.522 15 40 
4.616 15 40 
4.694 15 40 
4.771 15 40 
4.834 15 40 
4.912 15 40 
4.991 15 40 
5.054 15 40 
5.115 15 40 
5.194 15 40 
5.271 15 40 
5.366 15 40 
5.459 15 40 
5.538 15 40 
5.616 15 40 
5.678 15 40 
5.757 15 40 
5.82 15 40 
5.88 15 40 
5.959 15 40 
6.036 15 40 
6.146 15 40 
6.225 15 40 
6.318 15 40 
6.381 15 40 
6.46 15 40 
6.568 15 40 
6.646 15 40 
6.725 15 40 
6.818 15 40 
6.882 15 40 
6.96 15 40 
7.021 15 40 
7.084 15 40 
7.179 15 40 
7.24 15 40 
7.335 15 40 
7.413 15 40 
7.476 15 40 
7.553 15 40 
7.646 15 40 
7.709 15 40 
7.786 15 40 
7.849 15 40 
7.912 15 40 
7.974 15 40 
8.038 15 40 
8.1 15 40 
8.193 15 40 
8.302 15 40 
8.382 15 40 
8.46 15 40 
8.569 15 40 
8.646 15 40 
8.726 15 40 
8.818 15 40 
8.881 15 40 
8.975 15 40 
9.054 15 40 
9.116 15 40 
9.179 15 40 
9.257 15 40 
9.349 15 40 
9.427 15 40 
9.521 15 40 
9.584 15 40 
9.647 15 40 
9.709 15 40 
9.802 15 40 
9.896 15 40 
10.006 15 40 
10.1 15 40 
10.194 15 40 
10.288 15 40 
10.366 15 40 
10.444 15 40 
10.506 15 40 
10.584 15 40 
10.662 15 40 
10.756 15 40 
10.819 15 40 
10.898 15 40 
10.959 15 40 
11.037 15 40 
11.116 15 40 
11.177 15 40 
11.256 15 40 
11.366 15 40 
11.443 15 40 
11.506 15 40 
11.584 15 40 
11.677 15 40 
11.756 15 40 
11.818 15 40 
11.881 15 40 
11.943 15 40 
12.006 15 40 
12.068 15 40 
12.162 15 40 
12.226 15 40 
12.304 15 40 
12.382 15 40 
12.444 15 40 
12.523 15 40 
12.584 15 40 
12.662 15 40 
12.741 15 40 
12.833 15 40 
12.912 15 40 
12.991 15 40 
13.068 15 40 
13.162 15 40 
13.241 15 40 
13.302 15 40 
13.397 15 40 
13.49 15 40 
13.584 15 40 
13.646 15 40 
13.71 15 40 
13.788 15 40 
13.85 15 40 
13.913 15 40 
13.976 15 40 
14.054 15 40 
14.162 15 40 
14.24 15 40 
14.318 15 40 
14.382 15 40 
14.445 15 40 
14.506 15 40 
14.583 15 40 
14.646 15 40 
14.708 15 40 
14.788 15 40 
14.88 15 40 
14.958 15 40 
15.022 15 40 
15.084 15 40 
15.146 15 40 
15.21 15 40 
15.272 15 40 
15.35 15 40 
15.412 15 40 
15.49 15 40 
15.585 15 40 
15.679 15 40 
15.756 15 40 
15.835 15 40 
15.929 15 40 
15.99 15 40 
16.085 15 40 
16.179 15 40 
16.256 15 40 
16.35 15 40 
16.412 15 40 
16.491 15 40 
16.568 15 40 
16.677 15 40 
16.756 15 40 
16.865 15 40 
16.96 15 40 
17.053 15 40 
17.115 15 40 
17.178 15 40 
17.241 15 40 
17.304 15 40 
17.396 15 40 
17.507 15 40 
17.584 15 40 
17.648 15 40 
17.709 15 40 
17.804 15 40 
17.912 15 40 
18.006 15 40 
