1.800000 0.024570 -0.017686 -0.877363 -1.127890 0.736873 0.597866 
1.833330 0.082770 -0.021499 -0.403068 -1.234560 0.735049 0.595837 
1.866670 0.090239 -0.034024 0.171736 -1.128150 0.739710 0.587792 
1.900000 0.054309 -0.019825 0.458497 -1.170250 0.737072 0.588182 
1.933330 0.023022 0.007646 0.620617 -1.150560 0.736807 0.586383 
1.966670 0.028706 0.034673 0.700872 -1.120480 0.739103 0.585899 
2.000000 0.052035 0.037885 0.568975 -1.086860 0.739285 0.588083 
2.033330 0.061730 0.022814 0.312476 -1.083750 0.744521 0.582439 
2.066670 0.060928 0.009758 -0.024304 -1.092260 0.742444 0.583445 
2.100000 0.065159 0.009451 -0.498609 -1.060400 0.745571 0.582145 
2.133330 0.064331 0.027685 -0.853137 -1.104720 0.745546 0.578695 
2.166670 0.046962 0.041991 -0.808463 -1.168830 0.748710 0.577821 
2.200000 0.030519 0.031100 -0.604511 -1.144980 0.750609 0.578176 
2.233330 0.021932 0.008702 -0.578535 -1.185850 0.751295 0.577346 
2.266670 0.021103 -0.012612 -0.667146 -1.195540 0.750793 0.576294 
2.300000 0.025529 -0.027231 -0.636618 -1.228570 0.751316 0.575782 
2.333330 0.041551 -0.031285 -0.349119 -1.238440 0.750828 0.573688 
2.366670 0.065484 -0.014815 0.158641 -1.258130 0.748549 0.574074 
2.400000 0.070545 0.010196 0.604272 -1.236170 0.750724 0.568647 
2.433330 0.051549 0.026202 0.684685 -1.205280 0.752451 0.567984 
2.466670 0.045841 0.026896 0.443293 -1.170430 0.754174 0.565856 
2.500000 0.070565 0.021376 0.108041 -1.209640 0.752946 0.569556 
2.533330 0.090552 0.007309 -0.279808 -1.146560 0.758204 0.561835 
2.566670 0.080919 0.011400 -0.739344 -1.229460 0.757214 0.558693 
2.600000 0.071870 0.011911 -1.047169 -1.190140 0.758879 0.561456 
2.633330 0.062484 0.027724 -0.860151 -1.289590 0.760347 0.555624 
2.666670 0.034349 0.035399 -0.285947 -1.303150 0.761391 0.554602 
2.700000 0.007032 0.027148 0.026074 -1.272610 0.763994 0.554078 
2.733330 0.015893 0.002017 -0.244787 -1.284750 0.763433 0.556199 
2.766670 0.050244 -0.020619 -0.566581 -1.279870 0.763872 0.555578 
2.800000 0.065102 -0.010141 -0.253893 -1.343210 0.763513 0.549955 
2.833330 0.049777 0.019088 0.526802 -1.334130 0.763281 0.548861 
2.866670 0.034691 0.030371 0.893378 -1.290820 0.764105 0.549988 
2.900000 0.028909 0.006217 0.539044 -1.216940 0.769730 0.547462 
2.933330 0.037436 -0.009776 0.118398 -1.281870 0.765620 0.546350 
2.966670 0.063531 0.003361 0.064998 -1.249480 0.764390 0.546849 
3.000000 0.076828 0.021068 0.002553 -1.255040 0.769273 0.542773 
3.033330 0.055562 0.014999 -0.410876 -1.240220 0.769979 0.539991 
3.066670 0.032498 0.010009 -0.810781 -1.256910 0.771016 0.539489 
3.100000 0.037778 0.027760 -0.696457 -1.331460 0.768784 0.540685 
3.133330 0.050280 0.042768 -0.380741 -1.333600 0.772748 0.537724 
3.166670 0.052413 0.021216 -0.581737 -1.317660 0.775050 0.534036 
3.200000 0.063112 -0.022718 -1.050943 -1.320530 0.776036 0.537691 
3.233330 0.083883 -0.033940 -0.854061 -1.440350 0.772493 0.532433 
3.266670 0.075020 -0.020922 -0.088593 -1.439910 0.773085 0.526211 
3.300000 0.051799 -0.007634 0.265268 -1.373100 0.773956 0.528617 
3.333330 0.041901 0.002459 0.092003 -1.391850 0.773243 0.525560 
3.366670 0.039854 0.014205 0.122715 -1.418080 0.773723 0.523838 
3.400000 0.040035 0.028888 0.529223 -1.389350 0.775190 0.522612 
3.433330 0.043607 0.040346 0.742029 -1.381900 0.775177 0.523650 
3.466670 0.054933 0.034831 0.374264 -1.312780 0.779372 0.517493 
3.500000 0.063331 0.022831 -0.298602 -1.353730 0.778273 0.523183 
3.533330 0.055514 0.011218 -0.728401 -1.348300 0.781469 0.514415 
3.566670 0.028027 0.018237 -0.680349 -1.403530 0.780804 0.515206 
3.600000 0.016401 0.029622 -0.434895 -1.409690 0.780738 0.515233 
3.633330 0.030153 0.021795 -0.497462 -1.424310 0.783498 0.517043 
3.666670 0.044833 -0.011829 -0.914476 -1.412070 0.784601 0.510836 
3.700000 0.059695 -0.035264 -1.058368 -1.482010 0.782871 0.512793 
3.733330 0.079184 -0.025606 -0.521139 -1.535440 0.780489 0.510250 
3.766670 0.085510 0.000456 0.241570 -1.508080 0.781953 0.505368 
3.800000 0.082471 0.023578 0.643825 -1.486600 0.781373 0.502902 
3.833330 0.087286 0.027335 0.670872 -1.470850 0.783669 0.502527 
3.866670 0.091974 0.011170 0.470840 -1.460980 0.784239 0.497874 
3.900000 0.077424 -0.007386 0.024976 -1.430070 0.785825 0.494274 
3.933330 0.050873 0.000123 -0.471543 -1.432690 0.783780 0.493206 
3.966670 0.029795 0.027127 -0.668949 -1.491490 0.784656 0.491721 
4.000000 0.028810 0.038221 -0.659895 -1.498620 0.786659 0.489812 
4.033330 0.049230 0.024088 -0.747102 -1.491510 0.788936 0.492254 
4.066670 0.067374 0.016375 -0.786252 -1.552600 0.788290 0.486898 
4.100000 0.066729 0.026127 -0.513119 -1.568180 0.788127 0.484844 
4.133330 0.056587 0.033773 -0.137415 -1.589890 0.790086 0.484170 
4.166670 0.052217 0.013232 -0.025846 -1.559350 0.792148 0.481438 
4.200000 0.050895 -0.015610 -0.130123 -1.580920 0.791137 0.479871 
4.233330 0.054478 -0.025633 -0.108992 -1.582710 0.790154 0.478342 
4.266670 0.064811 -0.007859 0.159019 -1.592340 0.788869 0.476461 
4.300000 0.073728 0.012957 0.414627 -1.580590 0.789146 0.474153 
4.333330 0.068225 0.013580 0.386761 -1.548800 0.790712 0.472110 
4.366670 0.051032 0.002973 0.131025 -1.539190 0.791286 0.466953 
4.400000 0.040976 0.003448 -0.220912 -1.582070 0.789182 0.471053 
4.433330 0.038005 0.020835 -0.591157 -1.516820 0.792334 0.465207 
4.466670 0.029228 0.057503 -0.686260 -1.609140 0.790440 0.465468 
4.500000 0.038603 0.073047 -0.410434 -1.630360 0.793371 0.464403 
4.533330 0.078485 0.044673 -0.206806 -1.592520 0.800059 0.463990 
4.566670 0.106296 0.006311 -0.348240 -1.628040 0.795479 0.459789 
4.600000 0.094165 -0.018750 -0.626698 -1.644080 0.796571 0.454130 
4.633330 0.060995 -0.030435 -0.712485 -1.645910 0.796582 0.453098 
4.666670 0.050262 -0.022720 -0.386913 -1.696050 0.794372 0.452339 
4.700000 0.067511 0.000731 0.100023 -1.725970 0.791928 0.449933 
4.733330 0.091480 0.008385 0.252105 -1.624240 0.795841 0.448320 
4.766670 0.096840 0.017066 0.125458 -1.708670 0.792848 0.442730 
4.800000 0.084534 0.007647 0.088113 -1.655110 0.794251 0.441004 
4.833330 0.057392 0.009700 0.150732 -1.680710 0.794423 0.439662 
4.866670 0.031604 0.022219 0.138011 -1.650690 0.794237 0.433479 
4.900000 0.034104 0.044705 -0.061937 -1.669650 0.793665 0.438621 
4.933330 0.062506 0.048525 -0.501577 -1.662560 0.798563 0.435559 
4.966670 0.076847 0.026008 -0.978817 -1.668700 0.797881 0.428900 
5.000000 0.074358 0.001804 -1.138810 -1.759710 0.797920 0.430364 
5.033330 0.076606 -0.017857 -0.961546 -1.757210 0.797956 0.426791 
5.066670 0.072156 -0.015867 -0.678521 -1.791030 0.795875 0.424754 
5.100000 0.049083 -0.003049 -0.384643 -1.823910 0.794377 0.421132 
5.133330 0.032500 0.004964 -0.058565 -1.811650 0.795507 0.421046 
5.166670 0.044333 0.011832 0.378481 -1.809160 0.795916 0.421155 
5.200000 0.064090 0.028716 0.883060 -1.823980 0.794153 0.418453 
5.233330 0.076652 0.038867 1.079554 -1.739790 0.795616 0.414096 
5.266670 0.091506 0.031828 0.701300 -1.728090 0.796609 0.412701 
5.300000 0.109369 0.003217 0.005926 -1.694860 0.799097 0.411948 
5.333330 0.095646 -0.005963 -0.619704 -1.743920 0.794376 0.402303 
5.366670 0.051406 -0.000450 -1.044124 -1.736210 0.795337 0.403732 
5.400000 0.021232 0.011045 -1.213277 -1.793730 0.796136 0.401634 
5.433330 0.023476 0.016780 -1.105100 -1.847290 0.795686 0.402386 
5.466670 0.037876 0.018590 -0.884146 -1.855710 0.796154 0.400095 
5.500000 0.050178 0.016187 -0.688734 -1.894440 0.796183 0.397529 
5.533330 0.068824 0.010257 -0.428157 -1.910590 0.796689 0.398050 
5.566670 0.091276 0.008049 -0.046438 -1.918780 0.795344 0.393261 
5.600000 0.099587 0.005255 0.174459 -1.943180 0.793671 0.392103 
5.633330 0.083818 -0.018836 -0.046544 -1.870690 0.794774 0.386228 
5.666670 0.058489 -0.031603 -0.386008 -1.922660 0.791190 0.386179 
5.700000 0.043700 -0.023424 -0.308617 -1.951400 0.790017 0.384706 
5.733330 0.047038 0.008268 0.093887 -1.930670 0.789167 0.384102 
5.766670 0.059021 0.045748 0.279860 -1.946140 0.789188 0.382258 
5.800000 0.073890 0.056162 -0.025567 -1.894470 0.790262 0.377971 
5.833330 0.085676 0.041035 -0.622160 -1.943540 0.792072 0.376331 
5.866670 0.095551 0.011707 -1.109182 -1.953500 0.791977 0.373199 
5.900000 0.080461 0.008649 -1.114119 -1.994180 0.789346 0.368746 
5.933330 0.041986 0.035835 -0.506332 -2.056580 0.788133 0.367657 
5.966670 0.018107 0.058916 0.230672 -2.043510 0.791124 0.365936 
6.000000 0.030514 0.046742 0.298094 -2.027630 0.791555 0.365444 
6.033330 0.061085 -0.001735 -0.302263 -1.967430 0.795022 0.362203 
6.066670 0.079775 -0.025811 -0.623020 -2.071520 0.789855 0.361418 
6.100000 0.075507 -0.015185 -0.174983 -2.063980 0.787165 0.358297 
6.133330 0.071254 0.009697 0.383911 -2.068400 0.787142 0.357826 
6.166670 0.082218 0.008083 0.384888 -2.002540 0.788490 0.354420 
6.200000 0.095231 0.006125 0.080231 -2.033500 0.784807 0.350985 
6.233330 0.096202 0.020582 0.030766 -2.033380 0.784450 0.350282 
6.266670 0.078899 0.045385 0.199804 -2.026830 0.783377 0.344336 
6.300000 0.053667 0.051735 -0.006521 -2.037210 0.784141 0.342905 
6.333330 0.048018 0.026150 -0.818998 -1.984150 0.786614 0.340102 
6.366670 0.062930 0.006965 -1.488578 -2.056910 0.785599 0.339579 
6.400000 0.077975 0.019686 -1.339478 -2.183230 0.782560 0.337501 
6.433330 0.077597 0.025495 -0.815727 -2.128260 0.782834 0.333363 
6.466670 0.070785 0.020298 -0.412092 -2.159500 0.783660 0.330887 
6.500000 0.074908 0.009901 0.051021 -2.222300 0.781115 0.330346 
6.533330 0.084846 -0.000994 0.467736 -2.168380 0.780137 0.326768 
6.566670 0.089056 -0.002407 0.443168 -2.140790 0.778437 0.324693 
6.600000 0.088174 0.003927 0.124926 -2.147390 0.776623 0.322141 
6.633330 0.083036 0.015097 -0.036322 -2.155150 0.775228 0.320371 
6.666670 0.076499 0.032438 0.129260 -2.124660 0.775684 0.315513 
6.700000 0.073742 0.062014 0.303612 -2.194440 0.771606 0.315464 
6.733330 0.088792 0.054638 -0.047191 -2.081110 0.777770 0.311768 
6.766670 0.081411 0.030319 -0.763873 -2.133020 0.774287 0.304818 
6.800000 0.062657 0.010388 -1.022384 -2.198080 0.773476 0.305680 
6.833330 0.050560 0.014948 -0.629530 -2.210630 0.773238 0.304368 
6.866670 0.050177 0.028024 -0.283344 -2.237720 0.771341 0.300941 
6.900000 0.058500 0.017716 -0.407295 -2.194730 0.773900 0.300417 
6.933330 0.066399 -0.000495 -0.531641 -2.247850 0.770936 0.297002 
6.966670 0.074976 -0.004882 -0.169222 -2.292880 0.769302 0.296124 
7.000000 0.082357 0.006731 0.318115 -2.247330 0.768290 0.295604 
7.033330 0.085479 0.022502 0.340741 -2.248080 0.764891 0.291049 
7.066670 0.086595 0.015066 0.000662 -2.210300 0.766854 0.288482 
7.100000 0.088451 0.009480 -0.189622 -2.266170 0.763979 0.286927 
7.133330 0.087933 0.013862 -0.153762 -2.244540 0.761223 0.283891 
7.166670 0.078284 0.030507 -0.325325 -2.266370 0.760834 0.281821 
7.200000 0.067291 0.030407 -0.812326 -2.240380 0.760593 0.278270 
7.233330 0.061205 0.027225 -0.997132 -2.301630 0.759853 0.275640 
7.266670 0.062985 0.034247 -0.536878 -2.382220 0.758806 0.276353 
7.300000 0.064505 0.039325 -0.109892 -2.327730 0.758116 0.271034 
7.333330 0.056957 0.039159 -0.292046 -2.320850 0.757919 0.269247 
7.366670 0.060063 0.023747 -0.632502 -2.372500 0.756125 0.268022 
7.400000 0.085874 -0.006813 -0.531453 -2.391620 0.758965 0.265493 
7.433330 0.105260 -0.020038 0.017227 -2.390200 0.752342 0.263108 
7.466670 0.098111 0.011093 0.679497 -2.398690 0.748886 0.262951 
7.500000 0.085357 0.043226 0.963706 -2.359650 0.747382 0.258959 
7.533330 0.084282 0.025793 0.487355 -2.306190 0.751014 0.255894 
7.566670 0.084526 0.003517 0.036771 -2.310970 0.745172 0.251826 
