0.7 0.0081238 -0.00126625 0.016275 0.0627833 
0.733333 0.00858218 -0.00142509 0.0197093 0.0756347 
0.766667 0.0089573 -0.00157041 0.0219244 0.0836679 
0.8 0.00924635 -0.00165594 0.0250736 0.0942436 
0.833333 0.00947948 -0.00168081 0.0276657 0.105509 
0.866667 0.00967454 -0.00177379 0.0299698 0.117447 
0.9 0.00982739 -0.00183098 0.0325964 0.130544 
0.933333 0.00999338 -0.00188952 0.0349569 0.14425 
0.966667 0.0101645 -0.00186943 0.0348995 0.155859 
1 0.010205 -0.00178807 0.0331428 0.165429 
1.03333 0.0103017 -0.00167246 0.0290461 0.171643 
1.06667 0.0104599 -0.00166203 0.0244583 0.175909 
1.1 0.0106068 -0.00169848 0.0205082 0.179399 
1.13333 0.010776 -0.00170837 0.0179581 0.183224 
1.16667 0.0108538 -0.00178427 0.0174178 0.188572 
1.2 0.0109281 -0.00191992 0.0199493 0.197366 
1.23333 0.0110654 -0.00201748 0.0235619 0.20828 
1.26667 0.0110589 -0.0021691 0.0276893 0.221006 
1.3 0.0111361 -0.00223301 0.0311949 0.234374 
1.33333 0.0111599 -0.00224907 0.0343879 0.248542 
1.36667 0.0111596 -0.00217587 0.0371902 0.263312 
1.4 0.0110914 -0.00206098 0.0371925 0.275712 
1.43333 0.0111048 -0.00190173 0.0337092 0.283997 
1.46667 0.0111782 -0.0018018 0.0278801 0.288353 
1.5 0.0112676 -0.00171608 0.022402 0.29118 
1.53333 0.0113913 -0.00181718 0.0189383 0.294558 
1.56667 0.0115411 -0.00195913 0.018554 0.300417 
1.6 0.0116863 -0.00205962 0.0201037 0.308431 
1.63333 0.0117777 -0.00218348 0.023317 0.318926 
1.66667 0.0118673 -0.0022795 0.0281274 0.332377 
1.7 0.0119199 -0.00234706 0.0326049 0.347038 
1.73333 0.0120247 -0.00233943 0.035286 0.361071 
1.76667 0.0121109 -0.00228182 0.0375735 0.375533 
1.8 0.0121834 -0.00222327 0.0393606 0.390167 
1.83333 0.0123609 -0.00217258 0.0403276 0.404429 
1.86667 0.0124991 -0.00206002 0.0371718 0.414146 
1.9 0.0126625 -0.00196547 0.0317289 0.420112 
1.93333 0.012838 -0.00191726 0.026287 0.424264 
1.96667 0.0128016 -0.00195613 0.0223207 0.428344 
2 0.0128593 -0.00194287 0.0199596 0.432998 
2.03333 0.0128769 -0.00198534 0.019817 0.439482 
2.06667 0.0129572 -0.00200147 0.0228314 0.449646 
2.1 0.0129816 -0.00210649 0.0266236 0.461733 
2.13333 0.0131615 -0.00218158 0.0318006 0.476719 
2.16667 0.013295 -0.00225315 0.035565 0.491763 
2.2 0.0134527 -0.00218078 0.039967 0.508815 
2.23333 0.0134841 -0.00211253 0.0426043 0.52525 
2.26667 0.013531 -0.00201786 0.0419509 0.53868 
2.3 0.0135059 -0.00184213 0.0387808 0.548922 
2.33333 0.0135854 -0.0016942 0.0340317 0.556243 
2.36667 0.0137354 -0.00157355 0.0283263 0.560851 
2.4 0.0138381 -0.00155009 0.0242715 0.565507 
2.43333 0.0139445 -0.00159192 0.0222895 0.571258 
2.46667 0.0140195 -0.00164719 0.0236536 0.580298 
2.5 0.0140563 -0.00179153 0.0265166 0.591562 
2.53333 0.0141387 -0.0018271 0.0294798 0.603899 
2.56667 0.0140532 -0.00192735 0.0339523 0.619005 
2.6 0.0139253 -0.0020503 0.0400032 0.637465 
2.63333 0.0138738 -0.00210314 0.0455647 0.657365 
2.66667 0.0137377 -0.00204882 0.0485107 0.676031 
2.7 0.0136955 -0.00194759 0.0490736 0.692865 
2.73333 0.0138042 -0.00179509 0.0477993 0.707719 
2.76667 0.0139274 -0.00164994 0.0452071 0.720592 
2.8 0.0139672 -0.00159113 0.0392019 0.728572 
2.83333 0.014071 -0.00148553 0.0332245 0.734583 
2.86667 0.0141664 -0.00144041 0.0271387 0.738474 
2.9 0.0142661 -0.00152104 0.0269765 0.747329 
2.93333 0.0142348 -0.00169 0.0273293 0.756738 
2.96667 0.0143793 -0.00188399 0.0294085 0.768302 
3 0.0145526 -0.0019246 0.0349352 0.784629 
3.03333 0.0145273 -0.00199906 0.0409251 0.803345 
3.06667 0.014483 -0.00207246 0.0463372 0.823375 
3.1 0.014365 -0.00209406 0.0500552 0.84321 
3.13333 0.0144183 -0.00193969 0.0503424 0.860234 
3.16667 0.0143919 -0.00176304 0.0487101 0.875088 
3.2 0.0144577 -0.00175067 0.0476127 0.890029 
3.23333 0.0144927 -0.00162684 0.043872 0.901484 
3.26667 0.0144968 -0.00166358 0.0388634 0.910196 
3.3 0.0148125 -0.00150707 0.0316086 0.914586 
3.33333 0.0148857 -0.00143823 0.0265027 0.919095 
3.36667 0.014954 -0.00153638 0.0246539 0.925747 
3.4 0.0150581 -0.00168614 0.0255877 0.935067 
3.43333 0.0152407 -0.00190997 0.0289624 0.94758 
3.46667 0.0153554 -0.0021324 0.0327743 0.961734 
3.5 0.0151977 -0.00236395 0.0399967 0.981185 
3.53333 0.0152083 -0.00252571 0.0467851 1.00253 
3.56667 0.015238 -0.00250962 0.0499328 1.02184 
3.6 0.01516 -0.0025301 0.0522635 1.04124 
3.63333 0.0150574 -0.00241378 0.0518058 1.05812 
