0.7 0.00123901 0.000526932 -0.00899661 -0.0993936 
0.733333 0.0013442 0.00055311 -0.00749032 -0.10149 
0.766667 0.00138751 0.000527643 -0.00644909 -0.103719 
0.8 0.00143578 0.000527266 -0.00465875 -0.103713 
0.833333 0.00144513 0.000577169 -0.00131581 -0.101123 
0.866667 0.00146156 0.000628792 -0.000955576 -0.101003 
0.9 0.00155404 0.000699682 -0.00187885 -0.1024 
0.933333 0.00152055 0.000697134 -0.0043255 -0.105909 
0.966667 0.00150697 0.000778963 -0.00742776 -0.111012 
1 0.001503 0.000805321 -0.0105435 -0.117166 
1.03333 0.0015394 0.000786097 -0.0138809 -0.124626 
1.06667 0.00159828 0.000783086 -0.0144924 -0.129975 
1.1 0.00161517 0.000732378 -0.0154464 -0.135933 
1.13333 0.0016436 0.000640564 -0.0144023 -0.13985 
1.16667 0.00174104 0.000580463 -0.0132245 -0.14326 
1.2 0.00180607 0.000595284 -0.0104064 -0.144342 
1.23333 0.0018594 0.000597039 -0.00767772 -0.144589 
1.26667 0.00189347 0.000548064 -0.00508713 -0.14409 
1.3 0.00191025 0.000645414 -0.00248249 -0.142711 
1.33333 0.00194001 0.00068649 -0.0026985 -0.143794 
1.36667 0.00196952 0.000803016 -0.00353108 -0.145676 
1.4 0.00196872 0.000819222 -0.00557425 -0.149265 
1.43333 0.00195533 0.000867473 -0.00801597 -0.154006 
1.46667 0.00192841 0.000841106 -0.012314 -0.161751 
1.5 0.00198048 0.000874859 -0.014482 -0.168415 
1.53333 0.00204635 0.000862098 -0.0156138 -0.174578 
1.56667 0.00214257 0.0007601 -0.0179295 -0.182517 
1.6 0.00222291 0.000732669 -0.0160998 -0.186333 
1.63333 0.0022297 0.000590091 -0.0151112 -0.190533 
1.66667 0.00229483 0.000651477 -0.0122691 -0.192215 
1.7 0.0023671 0.000609017 -0.008584 -0.191955 
1.73333 0.00246141 0.000669781 -0.00579649 -0.191525 
1.76667 0.00248584 0.000696171 -0.00508331 -0.192616 
1.8 0.00247379 0.000837192 -0.00562959 -0.194955 
1.83333 0.00251562 0.000876891 -0.00608795 -0.197372 
1.86667 0.00252995 0.000995845 -0.00819932 -0.201894 
1.9 0.00248926 0.000949045 -0.01029 -0.207095 
1.93333 0.00244612 0.000913669 -0.0145903 -0.215602 
1.96667 0.00232044 0.000930211 -0.0151277 -0.221099 
2 0.00238115 0.00087585 -0.0174751 -0.228913 
2.03333 0.00243352 0.000801371 -0.0182537 -0.235657 
2.06667 0.0024936 0.000759932 -0.0168733 -0.240112 
2.1 0.00254388 0.000626816 -0.0148152 -0.243307 
2.13333 0.00264026 0.000569439 -0.0127818 -0.245845 
2.16667 0.00271155 0.000644853 -0.0102322 -0.247096 
2.2 0.00286644 0.000683339 -0.00731463 -0.247063 
2.23333 0.00290391 0.000690735 -0.00579628 -0.247709 
2.26667 0.00288194 0.000792142 -0.00691643 -0.250963 
2.3 0.00287831 0.000926559 -0.00859136 -0.255246 
2.33333 0.00290199 0.000948413 -0.0132787 -0.263643 
2.36667 0.002903 0.00111924 -0.0157855 -0.271028 
2.4 0.00293422 0.00108846 -0.0181921 -0.279131 
2.43333 0.00301456 0.00106451 -0.0195177 -0.28676 
2.46667 0.00298729 0.000989886 -0.019944 -0.293769 
2.5 0.00301139 0.000906189 -0.0181202 -0.298264 
2.53333 0.00313632 0.000831354 -0.0151597 -0.300809 
2.56667 0.00318139 0.000810187 -0.0120656 -0.30221 
2.6 0.0032873 0.000910027 -0.00806912 -0.301514 
2.63333 0.00335976 0.000894042 -0.00736774 -0.303376 
2.66667 0.00339597 0.000900687 -0.00727423 -0.305721 
2.7 0.00352253 0.000866892 -0.0105258 -0.311985 
2.73333 0.00356504 0.00097055 -0.0107354 -0.315741 
2.76667 0.00354105 0.00101754 -0.0135492 -0.322641 
2.8 0.00342742 0.00102735 -0.0164233 -0.33055 
2.83333 0.00339838 0.00109443 -0.0161223 -0.335669 
2.86667 0.00331094 0.00114284 -0.0169497 -0.34202 
2.9 0.00332437 0.00102641 -0.0187824 -0.349833 
2.93333 0.00326119 0.000987323 -0.0186665 -0.355957 
2.96667 0.00331557 0.000932978 -0.0179224 -0.361301 
3 0.00338641 0.000808227 -0.0163157 -0.365378 
3.03333 0.00346693 0.000756115 -0.0132849 -0.367239 
3.06667 0.00344 0.000845305 -0.00880635 -0.366381 
3.1 0.00358957 0.000848076 -0.00722565 -0.36745 
3.13333 0.00364316 0.000869916 -0.00821921 -0.371032 
3.16667 0.00359407 0.000877643 -0.0114932 -0.377636 
3.2 0.00355366 0.000947434 -0.0129752 -0.383217 
3.23333 0.00357832 0.00100877 -0.0170092 -0.392304 
3.26667 0.00355557 0.0009572 -0.0199663 -0.401464 
3.3 0.00355627 0.000893885 -0.0219595 -0.410472 
3.33333 0.00356585 0.000752332 -0.0226778 -0.41864 
3.36667 0.0035837 0.0007646 -0.0215667 -0.424888 
3.4 0.00367564 0.000746951 -0.019243 -0.429334 
3.43333 0.0037132 0.000753057 -0.0154864 -0.431314 
3.46667 0.00366293 0.000630231 -0.0128084 -0.433314 
3.5 0.00369486 0.000627514 -0.0122315 -0.436903 
3.53333 0.00379698 0.000646891 -0.0093189 -0.437542 
3.56667 0.00389475 0.000711613 -0.0119042 -0.4437 
3.6 0.00398219 0.000748824 -0.0133084 -0.449326 
3.63333 0.00400341 0.00084609 -0.014517 -0.455188 
3.66667 0.00404147 0.00100724 -0.0170869 -0.463061 
3.7 0.00403171 0.00102303 -0.0198637 -0.472035 
3.73333 0.00402752 0.00100975 -0.0209053 -0.479886 
3.76667 0.00398782 0.000977747 -0.0210035 -0.48697 
3.8 0.00406258 0.000889204 -0.0204018 -0.493261 
3.83333 0.0041985 0.000777116 -0.0198745 -0.499439 
3.86667 0.00419853 0.000864663 -0.0141161 -0.499266 
3.9 0.00419725 0.000873755 -0.011893 -0.501347 
3.93333 0.0042656 0.000858361 -0.0108855 -0.504122 
3.96667 0.00428274 0.000894934 -0.00975748 -0.506419 
4 0.00427162 0.000961601 -0.00974173 -0.509653 
4.03333 0.00421042 0.00104712 -0.0119481 -0.515505 
4.06667 0.00419615 0.00105112 -0.0158475 -0.524091 
4.1 0.00420192 0.00111934 -0.017387 -0.531191 
4.13333 0.00421093 0.00113836 -0.0193503 -0.539304 
4.16667 0.0041736 0.00115657 -0.0217848 -0.548628 
4.2 0.00420352 0.00115382 -0.0235485 -0.557971 
4.23333 0.00421066 0.00107767 -0.0216099 -0.563532 
4.26667 0.00414842 0.000968181 -0.0220155 -0.571214 
4.3 0.00411793 0.000951415 -0.0198752 -0.576026 
4.33333 0.00420059 0.000892982 -0.0168903 -0.579128 
4.36667 0.0042064 0.000815177 -0.0133633 -0.580594 
4.4 0.00428304 0.000715115 -0.0105248 -0.581698 
4.43333 0.00431328 0.000770699 -0.00938877 -0.583865 
4.46667 0.00436582 0.000913609 -0.0105958 -0.58842 
4.5 0.00441828 0.00103465 -0.0128991 -0.594671 
4.53333 0.00443486 0.00107112 -0.0154042 -0.601928 
4.56667 0.00421714 0.00109802 -0.0169119 -0.608842 
4.6 0.00416674 0.00105021 -0.0228436 -0.621482 
4.63333 0.00421353 0.00102571 -0.023332 -0.629673 
4.66667 0.00424263 0.000982963 -0.0232889 -0.637399 
4.7 0.00423441 0.000958819 -0.0208473 -0.64228 
4.73333 0.00434838 0.000894801 -0.0193278 -0.647435 
4.76667 0.00448873 0.000845977 -0.0155346 -0.6494 
4.8 0.00451706 0.000844116 -0.0120254 -0.650436 
4.83333 0.00459512 0.000826966 -0.00921513 -0.651127 
4.86667 0.00461626 0.000875712 -0.00837205 -0.653203 
4.9 0.00471673 0.000891671 -0.00750746 -0.654974 
4.93333 0.00477465 0.00104742 -0.00891815 -0.659141 
4.96667 0.00482292 0.00110905 -0.0107394 -0.664264 
5 0.00494561 0.00123003 -0.0136213 -0.671246 
5.03333 0.00500676 0.00120083 -0.0169643 -0.679732 
5.06667 0.00497405 0.00121892 -0.0208314 -0.689952 
5.1 0.00506858 0.00120488 -0.0219939 -0.698268 
5.13333 0.0050193 0.00113761 -0.0224118 -0.706093 
5.16667 0.00501774 0.00104597 -0.0221474 -0.713251 
5.2 0.0049926 0.00100807 -0.0185193 -0.716351 
5.23333 0.00500767 0.000894711 -0.0163507 -0.719964 
5.26667 0.00508089 0.00088246 -0.0135287 -0.722083 
5.3 0.00518108 0.000903336 -0.0120874 -0.724891 
5.33333 0.00527298 0.000958943 -0.00978022 -0.726197 
5.36667 0.00528486 0.00104687 -0.00916842 -0.728735 
5.4 0.00526373 0.00110156 -0.0100851 -0.732873 
5.43333 0.00533598 0.0011283 -0.0129634 -0.739632 
5.46667 0.0053107 0.00115997 -0.0152085 -0.746604 
5.5 0.00532195 0.00121079 -0.0183798 -0.755417 
5.53333 0.00531779 0.00118618 -0.0198554 -0.763285 
5.56667 0.00528548 0.0011411 -0.0212401 -0.771538 
5.6 0.00530718 0.00111049 -0.0203716 -0.777593 
5.63333 0.00533889 0.00106279 -0.0199603 -0.783898 
5.66667 0.00532047 0.000927166 -0.0173275 -0.787444 
5.7 0.0053636 0.000922425 -0.0146918 -0.790108 
5.73333 0.0053328 0.000916357 -0.0117215 -0.791499 
5.76667 0.00532489 0.000914925 -0.00864734 -0.791777 
5.8 0.00534413 0.000953305 -0.00700374 -0.79272 
5.83333 0.00528082 0.0010913 -0.00850046 -0.796821 
5.86667 0.00525341 0.00115249 -0.0101193 -0.801566 
5.9 0.00525104 0.00119248 -0.0126348 -0.807908 
5.93333 0.00534673 0.00118806 -0.0158182 -0.815877 
5.96667 0.00545427 0.00123016 -0.017474 -0.823105 
6 0.00544273 0.00118148 -0.0200677 -0.831991 
6.03333 0.00542044 0.00112425 -0.0213311 -0.840172 
6.06667 0.00549192 0.00102524 -0.0207823 -0.846634 
6.1 0.0055531 0.000975366 -0.0188383 -0.851267 
6.13333 0.00565854 0.000920201 -0.0166956 -0.855017 
6.16667 0.00573328 0.000908414 -0.0139042 -0.857287 
6.2 0.00577811 0.000997289 -0.0128659 -0.860696 
6.23333 0.00583493 0.00103445 -0.0119843 -0.863944 
6.26667 0.00589581 0.00111052 -0.0121907 -0.868183 
6.3 0.00595268 0.00123634 -0.0131519 -0.873381 
6.33333 0.00592695 0.00127716 -0.0147587 -0.879662 
6.36667 0.0059402 0.00132114 -0.0173691 -0.887663 
6.4 0.0060736 0.00132146 -0.0186871 -0.895008 
6.43333 0.00602541 0.00120628 -0.0195842 -0.902296 
6.46667 0.00614675 0.00111517 -0.0196001 -0.908843 
6.5 0.00623568 0.00104276 -0.0185581 -0.914146 
6.53333 0.00633787 0.000960088 -0.0172351 -0.918771 
6.56667 0.00648051 0.000901492 -0.0148929 -0.921751 
6.6 0.00657581 0.000981434 -0.0147174 -0.926508 
6.63333 0.00670657 0.00103071 -0.0132642 -0.929698 
6.66667 0.00664682 0.00111943 -0.0136724 -0.934601 
6.7 0.00658032 0.00116629 -0.0143164 -0.939919 
6.73333 0.00654267 0.00130771 -0.0159572 -0.946628 
6.76667 0.00655048 0.00135485 -0.0160525 -0.95206 
6.8 0.00645737 0.00143866 -0.018885 -0.960754 
6.83333 0.00634736 0.00137013 -0.0189989 -0.967184 
6.86667 0.00637026 0.00130036 -0.0206199 -0.97543 
6.9 0.00631341 0.00118601 -0.0215968 -0.983457 
6.93333 0.0062598 0.00110249 -0.02082 -0.989739 
6.96667 0.00624228 0.00100709 -0.0187785 -0.994268 
7 0.00620962 0.000924526 -0.0173631 -0.998857 
7.03333 0.00618124 0.000812331 -0.0149077 -1.00175 
7.06667 0.00628972 0.000788574 -0.0123391 -1.00368 
7.1 0.00626401 0.000884233 -0.0106917 -1.00585 
7.13333 0.00614874 0.00101514 -0.0109214 -1.00969 
7.16667 0.00612966 0.001144 -0.0120059 -1.01461 
7.2 0.00604127 0.00130995 -0.0151376 -1.02231 
7.23333 0.00606294 0.00136505 -0.0185955 -1.03143 
7.26667 0.00605469 0.00135023 -0.0208079 -1.04024 
7.3 0.00598222 0.00126199 -0.0218247 -1.04838 
7.33333 0.00598666 0.00110517 -0.0216679 -1.05547 
7.36667 0.00595688 0.000991535 -0.0197165 -1.06039 
7.4 0.00601073 0.000881897 -0.0178965 -1.06481 
7.43333 0.00602596 0.00081111 -0.0158137 -1.06832 
7.46667 0.00608801 0.000699662 -0.0124721 -1.06965 
7.5 0.00612952 0.000709616 -0.0103866 -1.07134 
7.53333 0.00620013 0.000736474 -0.00941675 -1.07366 
7.56667 0.00631427 0.000851266 -0.011144 -1.07884 
7.6 0.00627168 0.000989354 -0.0110004 -1.08238 
7.63333 0.00630835 0.00115429 -0.013041 -1.08846 
7.66667 0.00634089 0.00124826 -0.0151886 -1.09534 
7.7 0.00636026 0.00128587 -0.0183319 -1.10411 
7.73333 0.00643143 0.00124905 -0.0195004 -1.1116 
7.76667 0.00654454 0.00122936 -0.0221474 -1.12123 
7.8 0.00641829 0.00116813 -0.0240065 -1.13081 
7.83333 0.00649821 0.00106819 -0.0225583 -1.1371 
7.86667 0.00658985 0.000910572 -0.0206707 -1.14239 
7.9 0.0067002 0.00092044 -0.0192006 -1.14754 
7.93333 0.00680117 0.000788105 -0.0151824 -1.1492 
7.96667 0.00672003 0.000863861 -0.012826 -1.15148 
8 0.00666446 0.000908708 -0.0107577 -1.15331 
8.03333 0.00672242 0.00101155 -0.0124375 -1.15888 
8.06667 0.00665243 0.00119703 -0.013932 -1.16479 
8.1 0.00657807 0.00136719 -0.0162483 -1.17217 
8.13333 0.00655348 0.00140092 -0.0178062 -1.17943 
8.16667 0.00662937 0.0014238 -0.0199814 -1.18793 
8.2 0.00666091 0.00138288 -0.0212151 -1.19605 
8.23333 0.00665606 0.0013541 -0.0223907 -1.20451 
8.26667 0.00668702 0.00122627 -0.0215513 -1.21098 
8.3 0.00668763 0.00117142 -0.0200861 -1.21643 
8.33333 0.00677274 0.00105212 -0.0192743 -1.22217 
8.36667 0.00684229 0.000969649 -0.0164693 -1.22528 
8.4 0.00684011 0.000881593 -0.0148272 -1.22883 
8.43333 0.00683143 0.000982295 -0.0135057 -1.23222 
