0.7 0.00186389 0.00070755 -0.00383516 -0.181755 
0.733333 0.00195343 0.000708671 -0.00240173 -0.182785 
0.766667 0.00201188 0.00075022 -0.000791281 -0.181412 
0.8 0.00213027 0.000818909 -0.000228054 -0.180984 
0.833333 0.00212787 0.000950111 -0.000779965 -0.181611 
0.866667 0.00206426 0.00101906 -0.00134884 -0.182478 
0.9 0.00206148 0.00105817 -0.00333817 -0.185248 
0.933333 0.00212246 0.00106485 -0.0062506 -0.189774 
0.966667 0.00216619 0.00103415 -0.00973922 -0.195985 
1 0.0021203 0.00112531 -0.0126876 -0.202714 
1.03333 0.00197087 0.00120214 -0.0125057 -0.206732 
1.06667 0.0019838 0.00114877 -0.0154551 -0.214385 
1.1 0.00206284 0.00104242 -0.0152662 -0.219315 
1.13333 0.0021099 0.000969206 -0.0138271 -0.222704 
1.16667 0.00211575 0.000873931 -0.0121846 -0.225375 
1.2 0.00220269 0.000778598 -0.00824404 -0.224784 
1.23333 0.00226896 0.000787867 -0.00634823 -0.225294 
1.26667 0.00228323 0.000752584 -0.00541438 -0.226308 
1.3 0.00230565 0.000804024 -0.0047492 -0.227328 
1.33333 0.00237627 0.000900881 -0.00336372 -0.227275 
1.36667 0.002465 0.00110806 -0.00429353 -0.229494 
1.4 0.00254241 0.00117917 -0.0072123 -0.234371 
1.43333 0.00258728 0.00120523 -0.0107641 -0.240968 
1.46667 0.00265233 0.00125138 -0.0133225 -0.247576 
1.5 0.00270447 0.00119773 -0.0157103 -0.254835 
1.53333 0.00266112 0.00105017 -0.016334 -0.260808 
1.56667 0.00271677 0.000901622 -0.0149946 -0.264672 
1.6 0.00265118 0.000865875 -0.0122081 -0.266381 
1.63333 0.00278253 0.000881827 -0.00788297 -0.265345 
1.66667 0.00277735 0.000861149 -0.00402225 -0.263415 
1.7 0.00282648 0.000930815 -0.00319489 -0.263779 
1.73333 0.00294499 0.000932591 -0.00239518 -0.2639 
1.76667 0.00305168 0.000937835 -0.00539653 -0.268241 
1.8 0.00307095 0.000994615 -0.00525408 -0.269872 
1.83333 0.00309791 0.00110348 -0.00677179 -0.273415 
1.86667 0.00318849 0.00118804 -0.00773685 -0.276811 
1.9 0.00317037 0.0012015 -0.0110468 -0.283297 
1.93333 0.00318658 0.00122158 -0.0136072 -0.290002 
1.96667 0.00317456 0.0011655 -0.0141911 -0.295227 
2 0.00314368 0.0012072 -0.014882 -0.300773 
2.03333 0.00328835 0.00108378 -0.0139692 -0.304656 
2.06667 0.00332756 0.00102011 -0.0142058 -0.309592 
2.1 0.00335008 0.000957152 -0.0127648 -0.312626 
2.13333 0.00335889 0.000977996 -0.0100161 -0.313636 
2.16667 0.00337953 0.000977576 -0.00817315 -0.3148 
2.2 0.00332608 0.000978688 -0.00677034 -0.315868 
2.23333 0.00332952 0.00108779 -0.00604741 -0.317271 
2.26667 0.00338016 0.00128309 -0.00682986 -0.320211 
2.3 0.00337699 0.00138234 -0.00968183 -0.325854 
2.33333 0.00343979 0.00141432 -0.0145997 -0.334887 
2.36667 0.00339428 0.00132558 -0.01775 -0.343472 
2.4 0.00345646 0.00128758 -0.0198628 -0.351883 
2.43333 0.00345264 0.00120701 -0.0197319 -0.358349 
2.46667 0.00340883 0.00115262 -0.0181097 -0.363012 
2.5 0.00345989 0.00106292 -0.0161397 -0.366723 
2.53333 0.00342566 0.000983168 -0.0132266 -0.368664 
2.56667 0.00339356 0.00096064 -0.0122427 -0.371911 
2.6 0.00338289 0.000884842 -0.0103672 -0.373778 
2.63333 0.00342196 0.00103357 -0.00730745 -0.373622 
2.66667 0.00345111 0.00113321 -0.00559908 -0.374041 
2.7 0.00337847 0.00125085 -0.00628628 -0.376719 
2.73333 0.00340504 0.00130407 -0.00751403 -0.380263 
2.76667 0.0033793 0.00138427 -0.0108609 -0.386719 
2.8 0.00348276 0.00137934 -0.0130735 -0.392951 
2.83333 0.00344291 0.00138597 -0.0164391 -0.401282 
2.86667 0.00346873 0.00131274 -0.0175414 -0.408063 
2.9 0.00345206 0.00123874 -0.0185558 -0.415107 
2.93333 0.00354726 0.00125986 -0.0195217 -0.422433 
2.96667 0.00360509 0.00107655 -0.0181742 -0.427349 
3 0.00364111 0.000992331 -0.0161224 -0.430985 
3.03333 0.00366502 0.00103184 -0.0131252 -0.432821 
3.06667 0.00372539 0.000991624 -0.00870129 -0.431974 
3.1 0.0037212 0.00106471 -0.00775445 -0.433757 
3.13333 0.00373653 0.00114302 -0.00787288 -0.436482 
3.16667 0.00381057 0.00125853 -0.00863567 -0.440006 
3.2 0.00383744 0.00132772 -0.00982794 -0.444292 
3.23333 0.00382301 0.00137571 -0.0119449 -0.450067 
3.26667 0.00382557 0.00148032 -0.0157116 -0.458495 
3.3 0.00389366 0.00144599 -0.0174997 -0.465843 
3.33333 0.00392218 0.0014865 -0.0204866 -0.475203 
3.36667 0.00396191 0.00134809 -0.021548 -0.483284 
3.4 0.00393929 0.00127436 -0.0220559 -0.491066 
3.43333 0.00405932 0.00114264 -0.0211476 -0.497346 
3.46667 0.0040656 0.00105627 -0.019451 -0.502393 
3.5 0.00414008 0.00111512 -0.0124218 -0.500579 
3.53333 0.00407262 0.00108244 -0.0103287 -0.502248 
3.56667 0.00413471 0.00107951 -0.00776485 -0.502665 
3.6 0.00412651 0.0011289 -0.00715504 -0.504533 
3.63333 0.0041665 0.00125566 -0.00710216 -0.506856 
3.66667 0.00417352 0.00124101 -0.00880009 -0.511228 
3.7 0.00417644 0.00143591 -0.0120593 -0.518008 
3.73333 0.00412943 0.00146672 -0.0146309 -0.525064 
3.76667 0.00419506 0.00144055 -0.0181112 -0.534049 
3.8 0.0042126 0.00143702 -0.0219329 -0.544598 
3.83333 0.00429885 0.00138277 -0.0224242 -0.552489 
3.86667 0.00433929 0.00131998 -0.0207363 -0.557971 
3.9 0.00429635 0.00124768 -0.0196209 -0.563566 
3.93333 0.00431307 0.00117419 -0.0187228 -0.569046 
3.96667 0.00439502 0.0011326 -0.0158198 -0.57186 
4 0.00451017 0.0010771 -0.012663 -0.573407 
4.03333 0.00453226 0.00108369 -0.00956286 -0.573968 
4.06667 0.00450969 0.0011025 -0.0071133 -0.574264 
4.1 0.00450332 0.00118611 -0.00757591 -0.577182 
4.13333 0.0045328 0.00128306 -0.00922633 -0.581655 
4.16667 0.00448511 0.00140669 -0.0110468 -0.58688 
4.2 0.00453871 0.00149906 -0.0139696 -0.594012 
4.23333 0.00444268 0.00143918 -0.0208662 -0.60681 
4.26667 0.00447331 0.00150964 -0.0223136 -0.615474 
4.3 0.00453872 0.0014713 -0.022455 -0.623079 
4.33333 0.00466119 0.00145621 -0.0219983 -0.630025 
4.36667 0.00472945 0.0013742 -0.0208548 -0.636008 
4.4 0.00474901 0.00138132 -0.0177773 -0.639326 
4.43333 0.00486182 0.00126254 -0.014322 -0.641173 
4.46667 0.00494917 0.00123265 -0.0112149 -0.642279 
4.5 0.00501066 0.00118061 -0.00775213 -0.64193 
4.53333 0.00498857 0.00126195 -0.00645081 -0.642978 
4.56667 0.00498709 0.00131894 -0.00751187 -0.64638 
4.6 0.00499872 0.00140181 -0.0100284 -0.651855 
4.63333 0.00503897 0.00144571 -0.0114756 -0.656906 
4.66667 0.00498014 0.00154837 -0.0144078 -0.664193 
4.7 0.00497695 0.00159707 -0.0179097 -0.673129 
4.73333 0.00494844 0.00156622 -0.020011 -0.68158 
4.76667 0.00493592 0.00152196 -0.0218671 -0.690441 
4.8 0.0050407 0.00144365 -0.0213643 -0.697137 
4.83333 0.00516507 0.0013054 -0.019314 -0.701838 
4.86667 0.00525696 0.00125039 -0.016483 -0.704934 
4.9 0.00532215 0.00119406 -0.0149349 -0.708601 
4.93333 0.0053117 0.00119067 -0.011923 -0.710024 
4.96667 0.00538585 0.00120556 -0.00973721 -0.711418 
5 0.00544327 0.00126418 -0.00924922 -0.714087 
5.03333 0.00544935 0.00143461 -0.0118125 -0.720196 
5.06667 0.00542554 0.00151406 -0.0152019 -0.728135 
5.1 0.00541806 0.00155683 -0.017633 -0.736072 
5.13333 0.00544458 0.00157148 -0.0204204 -0.74524 
5.16667 0.00537759 0.00161064 -0.0217618 -0.75363 
5.2 0.00542593 0.00159515 -0.0232165 -0.762601 
5.23333 0.00542457 0.00154514 -0.0224669 -0.769455 
5.26667 0.00552507 0.00142518 -0.0203419 -0.774436 
5.3 0.00558661 0.00132353 -0.0174199 -0.777767 
5.33333 0.00559543 0.00131338 -0.0152585 -0.781022 
5.36667 0.00564045 0.00129326 -0.0128523 -0.783268 
5.4 0.00570158 0.00123405 -0.0103489 -0.784597 
5.43333 0.00570582 0.00124864 -0.00912917 -0.786607 
5.46667 0.00571542 0.00127547 -0.00899068 -0.789486 
5.5 0.00576107 0.00140208 -0.00923646 -0.792773 
5.53333 0.00564287 0.00149978 -0.0118307 -0.798915 
5.56667 0.00547352 0.00161659 -0.0157968 -0.80754 
5.6 0.00544774 0.00158809 -0.019155 -0.81677 
5.63333 0.00553287 0.00161434 -0.0202594 -0.824459 
5.66667 0.00561113 0.001545 -0.0220223 -0.833293 
5.7 0.00558354 0.00148619 -0.0219972 -0.840604 
5.73333 0.00554745 0.00137225 -0.020522 -0.846195 
5.76667 0.00559382 0.00121825 -0.0167448 -0.848577 
5.8 0.0056605 0.00114999 -0.012634 -0.849306 
5.83333 0.00568692 0.00113069 -0.0100594 -0.850478 
5.86667 0.00566265 0.00115409 -0.00823922 -0.851682 
5.9 0.00573142 0.00127559 -0.00925634 -0.855629 
5.93333 0.00575536 0.00137227 -0.0117116 -0.861613 
5.96667 0.00576382 0.00146567 -0.0140919 -0.868327 
6 0.00572043 0.00158345 -0.017969 -0.877601 
6.03333 0.00572347 0.00162504 -0.0210552 -0.887234 
6.06667 0.00575041 0.00159568 -0.0228834 -0.89641 
6.1 0.00576408 0.00148938 -0.0244863 -0.90593 
6.13333 0.00585518 0.00143882 -0.0253466 -0.915108 
6.16667 0.0058782 0.0013877 -0.024097 -0.922082 
6.2 0.00594826 0.00126981 -0.0212812 -0.92679 
6.23333 0.00594631 0.00122283 -0.0193134 -0.931561 
6.26667 0.00597504 0.00120332 -0.0171895 -0.935491 
6.3 0.00613725 0.00122099 -0.0143837 -0.937909 
6.33333 0.00619216 0.00127697 -0.012444 -0.940414 
6.36667 0.00618041 0.00126281 -0.0126278 -0.944779 
6.4 0.00613481 0.00141035 -0.0137905 -0.950361 
6.43333 0.00619444 0.00150554 -0.0155393 -0.957022 
6.46667 0.00624011 0.00156423 -0.0179619 -0.965061 
6.5 0.00618742 0.00157234 -0.0205705 -0.974128 
6.53333 0.00618727 0.00156141 -0.0226955 -0.983493 
6.56667 0.00622435 0.00149804 -0.0235163 -0.992027 
6.6 0.00629584 0.00141083 -0.0240034 -1.00044 
6.63333 0.00628698 0.0012708 -0.0221993 -1.00631 
6.66667 0.00624021 0.00119301 -0.0192706 -1.01026 
6.7 0.00628901 0.00112234 -0.0174797 -1.01456 
6.73333 0.0063462 0.00111498 -0.0142604 -1.01659 
6.76667 0.00630901 0.00122343 -0.0140456 -1.02109 
6.8 0.00633923 0.00123106 -0.0132107 -1.02479 
6.83333 0.00630582 0.00137782 -0.0141585 -1.03031 
6.86667 0.00622577 0.00149006 -0.0148473 -1.03584 
6.9 0.00626076 0.00158964 -0.0160261 -1.04218 
6.93333 0.00622259 0.001694 -0.0192465 -1.05133 
6.96667 0.00622646 0.00163321 -0.0224215 -1.06149 
7 0.00636164 0.00153138 -0.0233651 -1.07008 
7.03333 0.0063193 0.00143182 -0.0242574 -1.07892 
7.06667 0.00630202 0.00137769 -0.0248112 -1.08766 
7.1 0.00628727 0.00136601 -0.0240431 -1.09502 
7.13333 0.00634878 0.00117288 -0.0204512 -1.0988 
7.16667 0.00635792 0.00111256 -0.0179867 -1.1027 
7.2 0.0063919 0.00109513 -0.0153426 -1.10558 
7.23333 0.00637675 0.00114202 -0.0137897 -1.10886 
7.26667 0.00629044 0.00122188 -0.0130091 -1.11253 
7.3 0.00622173 0.00136055 -0.0145241 -1.11866 
7.33333 0.00620301 0.00149737 -0.016318 -1.12562 
7.36667 0.00625512 0.00155563 -0.0183157 -1.13342 
7.4 0.00629063 0.00161961 -0.0218787 -1.14373 
7.43333 0.00631 0.00162268 -0.0241567 -1.15371 
7.46667 0.0063528 0.00154336 -0.0256899 -1.16357 
7.5 0.00640676 0.00144795 -0.0243491 -1.17055 
7.53333 0.00646687 0.00133844 -0.0232961 -1.17743 
7.56667 0.00665951 0.00118107 -0.0208232 -1.18227 
7.6 0.00676218 0.00106837 -0.0186791 -1.18668 
7.63333 0.00681359 0.000978034 -0.0161705 -1.18995 
7.66667 0.00679709 0.000998552 -0.0149226 -1.19386 
7.7 0.00675589 0.00114 -0.0138112 -1.19753 
7.73333 0.00670589 0.00130613 -0.0147903 -1.20329 
7.76667 0.00668017 0.00138219 -0.0162896 -1.20999 
7.8 0.00666498 0.00139537 -0.0174033 -1.21673 
7.83333 0.0066619 0.00143172 -0.0199706 -1.22556 
7.86667 0.0065804 0.00147044 -0.022149 -1.23479 
7.9 0.00656733 0.00143105 -0.0247932 -1.24529 
7.93333 0.0065258 0.00140092 -0.0245111 -1.25323 
7.96667 0.00659266 0.0012578 -0.0255711 -1.26265 
8 0.006648 0.00123639 -0.0236028 -1.26885 
8.03333 0.00666964 0.00111932 -0.0209852 -1.27363 
8.06667 0.0066962 0.00100568 -0.0186953 -1.27792 
8.1 0.00667846 0.000981496 -0.0170292 -1.28218 
8.13333 0.00676693 0.000947608 -0.0134234 -1.2836 
8.16667 0.00674983 0.00104194 -0.0124744 -1.28696 
8.2 0.0067176 0.00111905 -0.0125483 -1.2912 
8.23333 0.00669587 0.00119976 -0.0149655 -1.29824 
8.26667 0.00668181 0.00135242 -0.0174803 -1.30619 
8.3 0.00656527 0.00153448 -0.0195431 -1.31446 
8.33333 0.00652734 0.00148919 -0.0227827 -1.3248 
8.36667 0.00650956 0.0014671 -0.0270149 -1.33739 
8.4 0.00651433 0.00139968 -0.0278085 -1.34733 
8.43333 0.0066236 0.00126975 -0.0268013 -1.35541 
8.46667 0.0066134 0.00117627 -0.0235486 -1.3605 
8.5 0.00671876 0.00107873 -0.020842 -1.36516 
8.53333 0.00682935 0.0010222 -0.0174007 -1.36804 
8.56667 0.00693493 0.000988728 -0.0149629 -1.37096 
8.6 0.00703054 0.00101024 -0.0144842 -1.37539 
