0.23 15 30 
0.322 15 30 
0.416 15 30 
0.51 15 30 
0.604 15 30 
0.698 15 30 
0.79 15 30 
0.854 15 30 
0.932 15 30 
1.01 15 30 
1.087 15 30 
1.167 15 30 
1.275 15 30 
1.37 15 30 
1.448 15 30 
1.526 15 30 
1.589 15 30 
1.651 15 30 
1.745 15 30 
1.822 15 30 
1.885 15 30 
1.963 15 30 
2.057 15 30 
2.136 15 30 
2.23 15 30 
2.291 15 30 
2.354 15 30 
2.416 15 30 
2.493 15 30 
2.556 15 30 
2.618 15 30 
2.681 15 30 
2.744 15 30 
2.823 15 30 
2.901 15 30 
2.994 15 30 
3.073 15 30 
3.151 15 30 
3.213 15 30 
3.307 15 30 
3.4 15 30 
3.511 15 30 
3.588 15 30 
3.65 15 30 
3.729 15 30 
3.792 15 30 
3.869 15 30 
3.963 15 30 
4.057 15 30 
4.134 15 30 
4.212 15 30 
4.29 15 30 
4.353 15 30 
4.447 15 30 
4.54 15 30 
4.651 15 30 
4.728 15 30 
4.791 15 30 
4.854 15 30 
4.978 15 30 
5.056 15 30 
5.12 15 30 
5.182 15 30 
5.245 15 30 
5.322 15 30 
5.4 15 30 
5.48 15 30 
5.557 15 30 
5.62 15 30 
5.698 15 30 
5.761 15 30 
5.838 15 30 
5.915 15 30 
5.978 15 30 
6.057 15 30 
6.134 15 30 
6.198 15 30 
6.26 15 30 
6.353 15 30 
6.416 15 30 
6.495 15 30 
6.556 15 30 
6.667 15 30 
6.76 15 30 
6.853 15 30 
6.931 15 30 
6.994 15 30 
7.057 15 30 
7.119 15 30 
7.182 15 30 
7.26 15 30 
7.338 15 30 
7.433 15 30 
7.495 15 30 
7.572 15 30 
7.65 15 30 
7.729 15 30 
7.791 15 30 
7.87 15 30 
7.978 15 30 
8.057 15 30 
8.134 15 30 
8.198 15 30 
8.259 15 30 
8.353 15 30 
8.432 15 30 
8.494 15 30 
8.556 15 30 
8.619 15 30 
8.698 15 30 
8.791 15 30 
8.853 15 30 
8.948 15 30 
9.025 15 30 
9.089 15 30 
9.151 15 30 
9.213 15 30 
9.291 15 30 
9.4 15 30 
9.51 15 30 
9.587 15 30 
9.65 15 30 
9.728 15 30 
9.79 15 30 
9.854 15 30 
9.931 15 30 
10.025 15 30 
10.12 15 30 
10.214 15 30 
10.291 15 30 
10.37 15 30 
10.447 15 30 
10.525 15 30 
10.588 15 30 
10.666 15 30 
10.744 15 30 
10.808 15 30 
10.932 15 30 
10.995 15 30 
11.057 15 30 
11.119 15 30 
11.212 15 30 
11.306 15 30 
11.4 15 30 
11.494 15 30 
11.572 15 30 
11.651 15 30 
11.729 15 30 
11.792 15 30 
11.901 15 30 
12.011 15 30 
12.104 15 30 
12.197 15 30 
12.26 15 30 
12.322 15 30 
12.4 15 30 
12.494 15 30 
12.557 15 30 
12.651 15 30 
12.729 15 30 
12.792 15 30 
12.854 15 30 
12.915 15 30 
12.993 15 30 
13.056 15 30 
13.119 15 30 
13.181 15 30 
13.275 15 30 
13.37 15 30 
13.494 15 30 
13.556 15 30 
13.62 15 30 
13.714 15 30 
13.791 15 30 
13.853 15 30 
13.931 15 30 
13.995 15 30 
14.104 15 30 
14.197 15 30 
14.26 15 30 
14.323 15 30 
14.386 15 30 
14.447 15 30 
14.557 15 30 
14.618 15 30 
14.697 15 30 
14.806 15 30 
14.901 15 30 
14.979 15 30 
15.057 15 30 
15.134 15 30 
15.212 15 30 
15.291 15 30 
15.37 15 30 
15.463 15 30 
15.556 15 30 
15.619 15 30 
15.698 15 30 
15.761 15 30 
15.823 15 30 
15.885 15 30 
15.963 15 30 
16.042 15 30 
16.135 15 30 
16.198 15 30 
16.26 15 30 
16.338 15 30 
16.415 15 30 
16.509 15 30 
16.62 15 30 
16.681 15 30 
16.759 15 30 
16.823 15 30 
16.931 15 30 
16.995 15 30 
17.056 15 30 
17.12 15 30 
17.181 15 30 
17.245 15 30 
17.339 15 30 
17.433 15 30 
17.511 15 30 
17.619 15 30 
17.698 15 30 
17.776 15 30 
17.87 15 30 
17.947 15 30 
18.027 15 30 
18.087 15 30 
18.166 15 30 
18.228 15 30 
18.307 15 30 
18.385 15 30 
18.463 15 30 
18.526 15 30 
18.587 15 30 
18.667 15 30 
18.759 15 30 
18.854 15 30 
18.931 15 30 
18.994 15 30 
19.057 15 30 
19.12 15 30 
19.197 15 30 
19.292 15 30 
19.385 15 30 
19.48 15 30 
19.558 15 30 
19.619 15 30 
19.697 15 30 
19.76 15 30 
19.822 15 30 
19.932 15 30 
20.025 15 30 
20.104 15 30 
20.229 15 30 
20.291 15 30 
20.353 15 30 
20.416 15 30 
