0.243 15 30 
0.336 15 30 
0.43 15 30 
0.507 15 30 
0.571 15 30 
0.648 15 30 
0.725 15 30 
0.789 15 30 
0.85 15 30 
0.93 15 30 
1.008 15 30 
1.116 15 30 
1.194 15 30 
1.304 15 30 
1.383 15 30 
1.46 15 30 
1.555 15 30 
1.632 15 30 
1.696 15 30 
1.758 15 30 
1.821 15 30 
1.898 15 30 
1.993 15 30 
2.055 15 30 
2.133 15 30 
2.212 15 30 
2.289 15 30 
2.352 15 30 
2.428 15 30 
2.492 15 30 
2.569 15 30 
2.633 15 30 
2.726 15 30 
2.788 15 30 
2.852 15 30 
2.929 15 30 
2.991 15 30 
3.07 15 30 
3.148 15 30 
3.227 15 30 
3.305 15 30 
3.367 15 30 
3.445 15 30 
3.524 15 30 
3.586 15 30 
3.665 15 30 
3.758 15 30 
3.821 15 30 
3.882 15 30 
3.945 15 30 
4.023 15 30 
4.102 15 30 
4.179 15 30 
4.257 15 30 
4.32 15 30 
4.398 15 30 
4.508 15 30 
4.602 15 30 
4.663 15 30 
4.726 15 30 
4.788 15 30 
4.851 15 30 
4.93 15 30 
5.007 15 30 
5.101 15 30 
5.211 15 30 
5.305 15 30 
5.368 15 30 
5.429 15 30 
5.507 15 30 
5.601 15 30 
5.696 15 30 
5.805 15 30 
5.883 15 30 
5.944 15 30 
6.023 15 30 
6.101 15 30 
6.164 15 30 
6.226 15 30 
6.288 15 30 
6.352 15 30 
6.413 15 30 
6.491 15 30 
6.586 15 30 
6.663 15 30 
6.727 15 30 
6.788 15 30 
6.852 15 30 
6.96 15 30 
7.055 15 30 
7.132 15 30 
7.226 15 30 
7.305 15 30 
7.368 15 30 
7.43 15 30 
7.508 15 30 
7.602 15 30 
7.694 15 30 
7.758 15 30 
7.836 15 30 
7.93 15 30 
8.023 15 30 
8.116 15 30 
8.194 15 30 
8.257 15 30 
8.336 15 30 
8.445 15 30 
8.538 15 30 
8.601 15 30 
8.695 15 30 
8.757 15 30 
8.82 15 30 
8.899 15 30 
8.976 15 30 
9.055 15 30 
9.164 15 30 
9.259 15 30 
9.368 15 30 
9.428 15 30 
9.523 15 30 
9.585 15 30 
9.648 15 30 
9.727 15 30 
9.819 15 30 
9.882 15 30 
9.96 15 30 
10.024 15 30 
10.101 15 30 
10.163 15 30 
10.227 15 30 
10.288 15 30 
10.352 15 30 
10.413 15 30 
10.493 15 30 
10.571 15 30 
10.664 15 30 
10.727 15 30 
10.805 15 30 
10.898 15 30 
10.962 15 30 
11.039 15 30 
11.117 15 30 
11.195 15 30 
11.305 15 30 
11.398 15 30 
11.476 15 30 
11.57 15 30 
11.663 15 30 
11.741 15 30 
11.835 15 30 
11.898 15 30 
11.976 15 30 
12.054 15 30 
12.164 15 30 
12.226 15 30 
12.304 15 30 
12.398 15 30 
12.508 15 30 
12.618 15 30 
12.696 15 30 
12.759 15 30 
12.851 15 30 
12.929 15 30 
13.008 15 30 
13.117 15 30 
13.194 15 30 
13.304 15 30 
13.367 15 30 
13.429 15 30 
13.524 15 30 
13.602 15 30 
13.696 15 30 
13.757 15 30 
13.867 15 30 
13.96 15 30 
14.04 15 30 
14.102 15 30 
14.165 15 30 
14.227 15 30 
14.289 15 30 
14.352 15 30 
14.429 15 30 
14.492 15 30 
14.554 15 30 
14.633 15 30 
14.695 15 30 
14.758 15 30 
14.819 15 30 
14.898 15 30 
14.96 15 30 
15.022 15 30 
15.102 15 30 
15.194 15 30 
15.304 15 30 
15.382 15 30 
15.461 15 30 
15.524 15 30 
15.586 15 30 
15.648 15 30 
15.727 15 30 
15.789 15 30 
15.868 15 30 
15.961 15 30 
16.024 15 30 
16.101 15 30 
16.164 15 30 
16.227 15 30 
16.305 15 30 
16.382 15 30 
16.444 15 30 
16.523 15 30 
16.6 15 30 
16.663 15 30 
16.727 15 30 
16.789 15 30 
16.851 15 30 
16.961 15 30 
17.024 15 30 
17.085 15 30 
17.179 15 30 
17.289 15 30 
17.398 15 30 
17.46 15 30 
17.523 15 30 
17.601 15 30 
17.696 15 30 
17.773 15 30 
17.868 15 30 
17.929 15 30 
17.992 15 30 
18.055 15 30 
18.133 15 30 
18.194 15 30 
18.273 15 30 
18.35 15 30 
18.43 15 30 
18.508 15 30 
18.602 15 30 
18.664 15 30 
18.727 15 30 
18.788 15 30 
18.866 15 30 
18.93 15 30 
19.007 15 30 
19.086 15 30 
19.179 15 30 
19.258 15 30 
19.335 15 30 
19.398 15 30 
19.461 15 30 
19.523 15 30 
19.602 15 30 
19.696 15 30 
19.758 15 30 
19.836 15 30 
19.93 15 30 
19.992 15 30 
20.054 15 30 
20.133 15 30 
20.194 15 30 
20.272 15 30 
