0.7 0.00710572 -1.09693e-005 -0.0115683 -0.434812 
0.733333 0.00758293 -9.37654e-005 -0.0123004 -0.443165 
0.766667 0.00798082 -0.000201538 -0.00821799 -0.442124 
0.8 0.00835657 -0.000376832 -0.0057512 -0.44251 
0.833333 0.00865199 -0.00045953 0.00130398 -0.435834 
0.866667 0.00893705 -0.000636096 0.00654678 -0.429221 
0.9 0.00917552 -0.000694983 0.0133111 -0.418962 
0.933333 0.00936168 -0.000709955 0.0185171 -0.408334 
0.966667 0.00962809 -0.000662341 0.0198817 -0.400525 
1 0.00986961 -0.000559464 0.0183773 -0.395669 
1.03333 0.00994531 -0.000413311 0.0135409 -0.395252 
1.06667 0.0101447 -0.000253725 0.00877514 -0.396364 
1.1 0.0102424 -8.0308e-005 0.00263721 -0.400685 
1.13333 0.0102606 7.73285e-005 -0.00478939 -0.408574 
1.16667 0.0103805 0.00014909 -0.0100586 -0.416391 
1.2 0.0104697 9.73372e-005 -0.0133687 -0.423651 
1.23333 0.0105863 -3.13021e-006 -0.0125671 -0.427161 
1.26667 0.0108168 -0.000187154 -0.00906764 -0.427219 
1.3 0.0108972 -0.000327819 -0.00263847 -0.422653 
1.33333 0.0109766 -0.000542201 0.0035012 -0.416284 
1.36667 0.0111599 -0.000753769 0.00967364 -0.407831 
1.4 0.0112191 -0.00087334 0.0154724 -0.397761 
1.43333 0.0112286 -0.000887986 0.0193174 -0.388065 
1.46667 0.0113473 -0.000815261 0.0210498 -0.379581 
1.5 0.0114538 -0.000714627 0.0192358 -0.374706 
1.53333 0.0115617 -0.00063116 0.016219 -0.371855 
1.56667 0.0117162 -0.000555125 0.00989744 -0.373911 
1.6 0.011872 -0.000389275 0.0027529 -0.379046 
1.63333 0.0119833 -0.000230948 -0.00433081 -0.38649 
1.66667 0.0122372 -0.000118648 -0.0116705 -0.396598 
1.7 0.0124248 -9.91792e-005 -0.0147107 -0.404077 
1.73333 0.0126057 -0.000147589 -0.0150653 -0.409399 
1.76667 0.0128552 -0.000294964 -0.0123945 -0.411268 
1.8 0.0129903 -0.000414424 -0.0072699 -0.40935 
1.83333 0.0132102 -0.000492918 0.00127841 -0.401682 
1.86667 0.0133942 -0.00064403 0.00814336 -0.393152 
1.9 0.0135698 -0.00075248 0.0152829 -0.38201 
1.93333 0.0137628 -0.00083267 0.020577 -0.370666 
1.96667 0.0139523 -0.00075144 0.0234533 -0.360412 
2 0.0139891 -0.000684719 0.020845 -0.355673 
2.03333 0.0141474 -0.000637076 0.015247 -0.355333 
2.06667 0.0142906 -0.000516919 0.00884159 -0.357812 
2.1 0.0143536 -0.000297693 0.00325203 -0.361463 
2.13333 0.0145382 -0.000116055 -0.00308165 -0.367856 
2.16667 0.0147117 -4.07084e-005 -0.00852841 -0.375313 
2.2 0.0149497 -0.000128081 -0.0108149 -0.380855 
2.23333 0.0151573 -0.000219874 -0.00981365 -0.383278 
2.26667 0.015464 -0.000396804 -0.00728861 -0.383568 
2.3 0.0156785 -0.000554242 -0.000932298 -0.378494 
2.33333 0.0158185 -0.000762161 0.00723272 -0.369166 
2.36667 0.0159103 -0.000961285 0.0142008 -0.35853 
2.4 0.0159787 -0.00111789 0.0198957 -0.347074 
2.43333 0.0160607 -0.0011399 0.0222332 -0.337683 
2.46667 0.0161344 -0.00104413 0.0222079 -0.330301 
2.5 0.0162013 -0.000878391 0.0198832 -0.325643 
2.53333 0.0162785 -0.000773352 0.0145446 -0.325317 
2.56667 0.0163245 -0.000674705 0.0072083 -0.329129 
2.6 0.0165901 -0.000514913 0.00141791 -0.333562 
2.63333 0.0166164 -0.000459078 -0.00583276 -0.341648 
2.66667 0.0166399 -0.000457942 -0.0101665 -0.348708 
2.7 0.0167968 -0.00058448 -0.0127948 -0.3552 
2.73333 0.0169639 -0.000656472 -0.0103783 -0.356612 
2.76667 0.0171033 -0.000754085 -0.00562591 -0.354462 
2.8 0.0171473 -0.000838302 0.000596566 -0.348992 
2.83333 0.0172647 -0.00105199 0.00740356 -0.340757 
2.86667 0.0173205 -0.00125698 0.0142154 -0.330248 
2.9 0.0175196 -0.00133285 0.0204579 -0.318141 
2.93333 0.0175076 -0.00127905 0.0223334 -0.309108 
2.96667 0.0175119 -0.00119903 0.0199209 -0.304511 
3 0.017506 -0.000954783 0.0173745 -0.300877 
3.03333 0.0174735 -0.00076596 0.0104548 -0.303254 
3.06667 0.0175037 -0.000591856 0.00327349 -0.308246 
3.1 0.0176001 -0.000420301 -0.00416676 -0.315938 
3.13333 0.0175741 -0.000354684 -0.00884045 -0.322844 
3.16667 0.0177193 -0.000367219 -0.00833849 -0.325198 
3.2 0.0178372 -0.000566645 -0.00811494 -0.327714 
3.23333 0.0179177 -0.000777535 -0.00458219 -0.326248 
3.26667 0.0180171 -0.000963431 0.000678002 -0.321566 
3.3 0.0181634 -0.00120111 0.00565422 -0.315466 
3.33333 0.0181109 -0.00140396 0.011929 -0.306174 
3.36667 0.0183011 -0.00144503 0.0182014 -0.294793 
3.4 0.0185267 -0.00139929 0.0212288 -0.285152 
3.43333 0.0185366 -0.00123223 0.021625 -0.277609 
3.46667 0.0186566 -0.0010852 0.0202322 -0.272044 
3.5 0.0187964 -0.000887714 0.0163981 -0.269826 
3.53333 0.0190499 -0.000694781 0.00919065 -0.272868 
3.56667 0.0192168 -0.00044008 0.00124089 -0.279189 
3.6 0.0194116 -0.000326394 -0.00546588 -0.286693 
3.63333 0.0194314 -0.000312931 -0.0093364 -0.293084 
3.66667 0.0194869 -0.000384393 -0.00980333 -0.296747 
3.7 0.0195762 -0.000473939 -0.00689942 -0.296587 
3.73333 0.0195276 -0.000688584 -0.00352173 -0.294899 
3.76667 0.0195543 -0.000889838 0.0023054 -0.289195 
3.8 0.0195545 -0.00102332 0.0080057 -0.281697 
3.83333 0.0195844 -0.00118984 0.0147917 -0.271018 
3.86667 0.0195748 -0.00119603 0.0218167 -0.257795 
3.9 0.0194475 -0.00117675 0.0215787 -0.250803 
3.93333 0.019432 -0.00103479 0.0214138 -0.243805 
3.96667 0.0193905 -0.00082959 0.0179449 -0.240762 
4 0.019405 -0.000615002 0.0134724 -0.24006 
4.03333 0.0194 -0.000346816 0.00707445 -0.243122 
4.06667 0.0194649 -0.000121794 0.000211138 -0.248865 
4.1 0.0195279 1.1479e-005 -0.0061115 -0.256259 
4.13333 0.0195614 7.35725e-005 -0.00889331 -0.26158 
4.16667 0.0196248 -8.5985e-005 -0.0088801 -0.264529 
4.2 0.0196987 -0.000207765 -0.00878706 -0.267379 
4.23333 0.0197267 -0.000480999 -0.00647253 -0.267575 
4.26667 0.0196946 -0.000688727 0.0001417 -0.261925 
4.3 0.019664 -0.000911017 0.00867524 -0.251804 
4.33333 0.0196765 -0.00104712 0.0151118 -0.241315 
4.36667 0.0197098 -0.00107618 0.018135 -0.232709 
4.4 0.0197112 -0.000949007 0.0194536 -0.225107 
4.43333 0.0197329 -0.000824862 0.0179827 -0.220359 
4.46667 0.0198066 -0.000619314 0.0146881 -0.218254 
4.5 0.0198245 -0.000356192 0.0108985 -0.217831 
4.53333 0.0199551 -0.000196276 0.00371723 -0.222676 
4.56667 0.0200692 -2.59339e-006 -0.00284998 -0.229189 
4.6 0.0201964 6.98705e-005 -0.0110711 -0.239843 
4.63333 0.0202608 7.52441e-005 -0.0135357 -0.246443 
4.66667 0.0202758 -6.49969e-005 -0.013173 -0.250527 
4.7 0.0203374 -0.000211187 -0.0107035 -0.252003 
4.73333 0.0203535 -0.000378556 -0.00732182 -0.251579 
4.76667 0.0204889 -0.000540117 -0.00171086 -0.247396 
4.8 0.0205902 -0.000718342 0.00605877 -0.238794 
4.83333 0.0206093 -0.000883328 0.013076 -0.228491 
4.86667 0.020616 -0.000997251 0.0180733 -0.218233 
4.9 0.0207298 -0.000876214 0.0190944 -0.211004 
4.93333 0.0207465 -0.000717839 0.0189786 -0.204776 
4.96667 0.0207414 -0.000488292 0.0167279 -0.201106 
5 0.0207961 -0.000297866 0.0131316 -0.199776 
5.03333 0.0208287 -9.56582e-005 0.00550363 -0.204403 
5.06667 0.0208458 0.000153048 -0.00058725 -0.209758 
5.1 0.0209151 0.000267264 -0.0061173 -0.216482 
5.13333 0.0211028 0.000199341 -0.00945332 -0.222459 
5.16667 0.0212139 4.37416e-005 -0.00984154 -0.226069 
5.2 0.0213452 -9.34342e-005 -0.00804163 -0.227224 
5.23333 0.0214803 -0.000370944 -0.00418066 -0.225347 
5.26667 0.0215695 -0.000564678 0.0017922 -0.21969 
5.3 0.0216187 -0.00080858 0.00909561 -0.210471 
5.33333 0.021623 -0.000996679 0.0176137 -0.197384 
5.36667 0.0216327 -0.00105753 0.0234311 -0.184646 
5.4 0.0216279 -0.000941463 0.0256764 -0.174185 
5.43333 0.0216495 -0.000783524 0.0255927 -0.165725 
5.46667 0.0217204 -0.000568284 0.022948 -0.160316 
5.5 0.0216788 -0.000457501 0.0189681 -0.157365 
5.53333 0.0216712 -0.000350195 0.0119687 -0.159305 
