0.066667 0.084669 0.000335 -1.580784 -0.464884 0.303972 0.432847 
0.100000 0.089089 -0.001230 -1.461626 -0.528734 0.308926 0.432049 
0.133333 0.092230 -0.009545 -0.942787 -0.572614 0.311774 0.429566 
0.166667 0.088381 -0.013849 -0.042158 -0.604105 0.312340 0.428270 
0.200000 0.083830 -0.016221 0.795747 -0.571347 0.316093 0.425595 
0.233333 0.081762 -0.016863 1.182557 -0.535758 0.316831 0.423873 
0.266667 0.082027 -0.026866 1.040573 -0.504309 0.319409 0.421875 
0.300000 0.079836 -0.046301 0.690048 -0.441136 0.321952 0.420895 
0.333333 0.077659 -0.042455 0.663215 -0.459669 0.322569 0.416733 
0.366667 0.072164 -0.014852 0.936841 -0.461417 0.324392 0.413785 
0.400000 0.069115 0.007750 0.839548 -0.353894 0.327177 0.414866 
0.433333 0.073382 0.024457 0.171449 -0.367291 0.329099 0.413826 
0.466667 0.087419 0.031846 -0.538631 -0.383796 0.332207 0.413402 
0.500000 0.106123 0.033204 -0.938081 -0.402054 0.334309 0.414047 
0.533333 0.114354 0.027775 -1.116336 -0.441136 0.340293 0.413021 
0.566667 0.106997 0.014736 -1.216562 -0.482193 0.342639 0.411837 
0.600000 0.094671 -0.002059 -1.208810 -0.505773 0.346545 0.410920 
0.633333 0.091794 -0.010129 -0.943575 -0.573775 0.348477 0.408562 
0.666667 0.102335 -0.017501 -0.393646 -0.576026 0.350410 0.406850 
0.700000 0.120617 -0.020230 0.268861 -0.592880 0.353759 0.404377 
0.733333 0.135941 -0.028050 0.838414 -0.561829 0.356908 0.400786 
0.766667 0.141993 -0.031781 1.192077 -0.532144 0.359695 0.398498 
0.800000 0.134932 -0.028557 1.328797 -0.481067 0.364582 0.393816 
0.833333 0.122451 -0.012772 1.326861 -0.441653 0.367039 0.392052 
0.866667 0.113628 0.006869 1.166605 -0.405807 0.370582 0.390262 
0.900000 0.111307 0.020845 0.703227 -0.357268 0.374935 0.389257 
0.933333 0.116431 0.032126 -0.047023 -0.346327 0.378240 0.389160 
0.966667 0.128013 0.034803 -0.777441 -0.362178 0.381788 0.388193 
1.000000 0.135854 0.023847 -1.216024 -0.411085 0.387474 0.388752 
1.033330 0.133594 0.000874 -1.381686 -0.446138 0.391724 0.386876 
1.066670 0.123942 -0.012789 -1.363229 -0.488397 0.394910 0.383810 
1.100000 0.116117 -0.013725 -1.082661 -0.540930 0.398389 0.381759 
1.133330 0.116390 -0.018134 -0.485359 -0.568009 0.401148 0.379826 
1.166670 0.123009 -0.027865 0.215975 -0.580669 0.404290 0.376979 
1.200000 0.126287 -0.037766 0.722235 -0.541527 0.407008 0.373545 
1.233330 0.125823 -0.031257 0.982491 -0.523100 0.410428 0.369942 
1.266670 0.123433 -0.018363 1.129670 -0.490072 0.412667 0.367605 
1.300000 0.119983 -0.009632 1.206307 -0.445791 0.417223 0.365239 
1.333330 0.117474 -0.004174 1.145301 -0.405726 0.420576 0.363818 
1.366670 0.120965 0.006283 0.864960 -0.377733 0.423300 0.361729 
1.400000 0.128791 0.019027 0.347800 -0.337080 0.428030 0.361060 
1.433330 0.132550 0.031827 -0.262772 -0.352163 0.432264 0.359796 
1.466670 0.134667 0.027414 -0.744555 -0.363120 0.437385 0.360372 
1.500000 0.140628 0.015596 -0.991395 -0.399137 0.440993 0.359048 
1.533330 0.148239 0.007915 -1.069933 -0.436768 0.446124 0.357072 
1.566670 0.147684 0.005027 -1.110125 -0.465140 0.450195 0.354908 
1.600000 0.138062 -0.002612 -1.135845 -0.503041 0.455251 0.353149 
1.633330 0.134594 -0.018693 -0.964057 -0.549733 0.459137 0.350094 
1.666670 0.145476 -0.030622 -0.302840 -0.541374 0.461388 0.349680 
1.700000 0.160065 -0.001264 0.726993 -0.629596 0.465074 0.340615 
1.733330 0.161694 -0.005546 1.398615 -0.479948 0.471143 0.342710 
1.766670 0.154528 -0.004970 1.351822 -0.469714 0.475128 0.338306 
1.800000 0.145070 -0.015301 1.076985 -0.434372 0.479645 0.336043 
1.833330 0.141253 -0.014982 0.973028 -0.409607 0.483482 0.333431 
1.866670 0.143629 -0.009794 0.877531 -0.358158 0.487409 0.331420 
1.900000 0.144282 0.004717 0.547860 -0.350167 0.492132 0.329806 
1.933330 0.140022 0.015242 -0.028430 -0.322355 0.497573 0.327697 
1.966670 0.141176 0.024292 -0.612602 -0.334303 0.501017 0.327986 
2.000000 0.150006 0.027885 -0.936312 -0.385437 0.505808 0.326938 
2.033330 0.154212 0.015455 -1.045859 -0.405257 0.511539 0.325298 
2.066670 0.147863 -0.003351 -1.126641 -0.432563 0.516833 0.324070 
2.100000 0.144940 -0.016317 -1.105888 -0.480704 0.519840 0.320965 
2.133330 0.148984 -0.020082 -0.796098 -0.521362 0.523657 0.318551 
2.166670 0.146154 -0.021823 -0.176500 -0.524754 0.528443 0.314957 
2.200000 0.137009 -0.017055 0.577670 -0.538845 0.532567 0.312113 
2.233330 0.139303 -0.012713 1.123427 -0.503039 0.534884 0.309059 
2.266670 0.158081 -0.012035 1.270942 -0.423453 0.539130 0.307918 
2.300000 0.172890 -0.000449 1.241824 -0.429585 0.544650 0.303543 
2.333330 0.170608 -0.005421 1.209335 -0.368315 0.550819 0.302279 
2.366670 0.165004 -0.009633 1.004162 -0.328714 0.554900 0.300304 
2.400000 0.167367 -0.009223 0.541236 -0.295040 0.559734 0.297762 
2.433330 0.173503 0.004862 0.002564 -0.298638 0.566322 0.296159 
2.466670 0.176453 0.020881 -0.447877 -0.299289 0.570613 0.294833 
2.500000 0.173173 0.031374 -0.776850 -0.325195 0.577635 0.293536 
2.533330 0.166460 0.022418 -0.985428 -0.351361 0.583049 0.293791 
2.566670 0.163936 0.004061 -1.071969 -0.393670 0.588352 0.291500 
2.600000 0.168649 -0.011426 -1.016031 -0.417388 0.592939 0.289531 
2.633330 0.173342 -0.012669 -0.765204 -0.463172 0.597712 0.285636 
2.666670 0.172359 -0.018475 -0.294181 -0.473854 0.603964 0.283695 
2.700000 0.169829 -0.023355 0.339243 -0.474842 0.607266 0.280598 
2.733330 0.172189 -0.019226 0.937126 -0.467821 0.612809 0.275564 
2.766670 0.182124 -0.021445 1.227204 -0.403371 0.617043 0.274236 
2.800000 0.191776 -0.023383 1.184805 -0.366910 0.623085 0.271276 
2.833330 0.180251 -0.020421 1.068077 -0.338031 0.628181 0.267296 
2.866670 0.149759 -0.008432 0.975015 -0.308654 0.635757 0.264740 
2.900000 0.137162 0.003546 0.745876 -0.264229 0.637472 0.264503 
2.933330 0.163529 0.015122 0.330018 -0.243687 0.642194 0.263874 
2.966670 0.200408 0.028364 -0.152604 -0.265455 0.648293 0.261245 
3.000000 0.214647 0.015647 -0.606951 -0.234591 0.657612 0.262547 
3.033330 0.199083 0.007310 -0.993665 -0.319672 0.661630 0.259688 
3.066670 0.173836 -0.028667 -1.257166 -0.296930 0.671053 0.258519 
3.100000 0.160884 -0.031941 -1.239158 -0.385946 0.672258 0.254374 
3.133330 0.158971 -0.027660 -0.845849 -0.411838 0.677813 0.252143 
3.166670 0.160038 -0.017549 -0.303387 -0.434459 0.683404 0.248645 
3.200000 0.166027 -0.019808 0.111125 -0.419169 0.686861 0.246183 
3.233330 0.186640 -0.024132 0.429995 -0.425591 0.692092 0.244021 
3.266670 0.213506 -0.028394 0.821591 -0.398595 0.698051 0.239646 
3.300000 0.231606 -0.018130 1.260134 -0.374219 0.703686 0.235616 
3.333330 0.235910 -0.007734 1.477301 -0.318052 0.713010 0.233138 
3.366670 0.235075 0.000923 1.214772 -0.269412 0.718600 0.230268 
3.400000 0.230175 0.001651 0.547068 -0.218694 0.726443 0.229572 
3.433330 0.214632 0.015408 -0.168025 -0.248878 0.735408 0.226781 
3.466670 0.197412 0.012256 -0.664885 -0.231595 0.740468 0.226364 
3.500000 0.191443 0.013330 -0.928840 -0.293177 0.747287 0.225238 
3.533330 0.197248 -0.003068 -1.070125 -0.297955 0.753394 0.224232 
3.566670 0.202519 -0.004832 -1.145894 -0.353456 0.759882 0.220283 
3.600000 0.198737 -0.009229 -1.035793 -0.376772 0.765467 0.218752 
3.633330 0.186331 -0.013943 -0.559704 -0.417945 0.772626 0.216102 
3.666670 0.177625 -0.023755 0.182580 -0.442205 0.777058 0.211740 
3.700000 0.183568 -0.039939 0.813072 -0.388021 0.781430 0.210330 
3.733330 0.199230 -0.035630 1.124244 -0.372143 0.787189 0.205300 
3.766670 0.200198 -0.027993 1.154900 -0.334502 0.792605 0.201290 
3.800000 0.185365 -0.028789 0.949426 -0.289294 0.801300 0.199957 
3.833330 0.176253 -0.034601 0.682454 -0.246943 0.803245 0.197309 
3.866670 0.183808 -0.017558 0.542735 -0.276105 0.810181 0.193939 
3.900000 0.193284 -0.004850 0.304860 -0.226710 0.816212 0.191773 
3.933330 0.204206 0.005773 -0.263517 -0.200808 0.822921 0.191751 
3.966670 0.218015 0.022046 -0.845496 -0.265689 0.828911 0.189696 
4.000000 0.226886 0.015386 -1.070804 -0.274169 0.836538 0.189001 
4.033330 0.221693 0.009039 -1.026423 -0.331531 0.845757 0.186438 
4.066670 0.214657 -0.013204 -0.945496 -0.340687 0.850164 0.185243 
4.100000 0.212738 -0.023070 -0.787139 -0.380013 0.857469 0.180850 
4.133330 0.207985 -0.026887 -0.315102 -0.401458 0.864164 0.177821 
4.166670 0.200198 -0.023804 0.406748 -0.420682 0.869125 0.174434 
4.200000 0.201329 -0.027775 0.874833 -0.377077 0.876203 0.170243 
4.233330 0.220660 -0.032689 0.845647 -0.319682 0.880003 0.168404 
4.266670 0.245870 -0.022946 0.764331 -0.326208 0.888915 0.163868 
4.300000 0.251201 -0.015733 1.003602 -0.308274 0.896079 0.161001 
4.333330 0.235511 -0.011735 1.199916 -0.254222 0.905050 0.158126 
4.366670 0.218834 -0.002770 0.827154 -0.208876 0.910618 0.155595 
4.400000 0.213357 0.003101 -0.018873 -0.183366 0.918636 0.155575 
4.433330 0.214464 0.011661 -0.753327 -0.222540 0.925174 0.153559 
4.466670 0.215475 0.014258 -1.009938 -0.244710 0.932276 0.152758 
