0.7 0.00448171 -0.00030188 0.00367836 -0.378471 
0.733333 0.00469382 -0.000300366 0.00503354 -0.377993 
0.766667 0.00487766 -0.000276649 0.00640773 -0.374724 
0.8 0.00502502 -0.000312252 0.0060153 -0.372868 
0.833333 0.00517588 -0.000312538 0.0060292 -0.370452 
0.866667 0.00528178 -0.000276052 0.00484605 -0.369641 
0.9 0.00524302 -0.000142668 0.00156472 -0.371895 
0.933333 0.00527337 -0.000123669 -0.00396108 -0.377916 
0.966667 0.00528929 4.81326e-005 -0.00625131 -0.381933 
1 0.0052616 2.09568e-005 -0.00970903 -0.388117 
1.03333 0.00521197 -7.49843e-005 -0.0108447 -0.392701 
1.06667 0.00516097 -0.000198072 -0.00924412 -0.394427 
1.1 0.00517252 -0.000282397 -0.00623644 -0.393959 
1.13333 0.00515618 -0.000445039 -0.00306962 -0.392299 
1.16667 0.00525359 -0.000577296 0.00132026 -0.38814 
1.2 0.00529826 -0.0006445 0.00590931 -0.382283 
1.23333 0.00540786 -0.000626636 0.00843008 -0.377337 
1.26667 0.00548913 -0.000482829 0.00945107 -0.373322 
1.3 0.00551084 -0.000344219 0.00717022 -0.372864 
1.33333 0.00553569 -0.000198954 0.00396256 -0.37426 
1.36667 0.00559272 -7.59625e-005 0.000535748 -0.376985 
1.4 0.00566609 2.91167e-005 -0.0039977 -0.382158 
1.43333 0.00573584 6.01984e-005 -0.00773319 -0.3879 
1.46667 0.00577487 8.2337e-005 -0.0104263 -0.393657 
1.5 0.00577794 9.58019e-006 -0.0122506 -0.399286 
1.53333 0.00587138 -7.21507e-005 -0.0106279 -0.401453 
1.56667 0.00594364 -0.000166788 -0.00796512 -0.401853 
1.6 0.00597767 -0.00024065 -0.00410029 -0.399946 
1.63333 0.00608923 -0.000413519 -0.001199 -0.397888 
1.66667 0.00608638 -0.000458819 0.00456933 -0.391478 
1.7 0.00616716 -0.000599505 0.00657916 -0.387582 
1.73333 0.00621111 -0.000554448 0.00808994 -0.383606 
1.76667 0.00625647 -0.000513116 0.00830904 -0.380651 
1.8 0.00634438 -0.000362134 0.00665974 -0.379828 
1.83333 0.00645105 -0.000267741 0.00455636 -0.380091 
1.86667 0.00652007 -0.000135169 0.00134905 -0.382358 
1.9 0.00653166 -2.49664e-005 -0.00274138 -0.386737 
1.93333 0.00658433 9.93571e-005 -0.00708945 -0.392784 
1.96667 0.00667655 8.80311e-005 -0.0106171 -0.399311 
2 0.00677699 3.48194e-005 -0.011292 -0.403647 
2.03333 0.00689583 -9.93033e-006 -0.0104873 -0.406461 
2.06667 0.00701779 -0.000160137 -0.00852294 -0.407638 
2.1 0.00709526 -0.000283091 -0.00459007 -0.405836 
2.13333 0.00710264 -0.000472986 -0.00099018 -0.403117 
2.16667 0.00714384 -0.000566792 0.00314635 -0.398564 
2.2 0.00722146 -0.000641132 0.00641533 -0.393656 
2.23333 0.00734531 -0.000616373 0.00899594 -0.388471 
2.26667 0.00742281 -0.000531491 0.00934298 -0.385063 
2.3 0.00747249 -0.000413795 0.00691443 -0.384815 
2.33333 0.00759859 -0.000298291 0.00384897 -0.386129 
2.36667 0.00765845 -0.000117196 0.000136012 -0.389229 
2.4 0.00776481 1.04056e-005 -0.00404915 -0.394124 
2.43333 0.00781264 0.000144511 -0.00707465 -0.399045 
2.46667 0.00786718 0.00012566 -0.00944517 -0.404202 
2.5 0.00793858 0.000107565 -0.00935068 -0.407239 
2.53333 0.00799619 -9.0476e-005 -0.0088738 -0.409793 
2.56667 0.00799138 -0.000201161 -0.00687229 -0.410388 
2.6 0.00804585 -0.000306954 -0.00267436 -0.407723 
2.63333 0.00808027 -0.000461942 0.00153779 -0.403642 
2.66667 0.00808815 -0.00056776 0.00645631 -0.397324 
2.7 0.00812349 -0.00054687 0.0110605 -0.389737 
2.73333 0.00809873 -0.000538363 0.0114841 -0.38555 
2.76667 0.00809092 -0.000488648 0.0112986 -0.381941 
2.8 0.00809929 -0.000343856 0.00949845 -0.380299 
2.83333 0.00812921 -0.000217566 0.00643439 -0.38075 
2.86667 0.00821154 -4.86049e-005 0.00294659 -0.382723 
2.9 0.00832119 8.50573e-005 -0.000355231 -0.385638 
2.93333 0.00846546 0.000145954 -0.00504792 -0.391296 
2.96667 0.00852046 0.000123832 -0.00742788 -0.395788 
3 0.00862581 -5.71388e-005 -0.01028 -0.401631 
3.03333 0.00862167 -0.000110024 -0.00659982 -0.400713 
3.06667 0.00857047 -0.000231546 -0.00420459 -0.400086 
3.1 0.00853611 -0.000389124 0.000446827 -0.395997 
3.13333 0.00852631 -0.000495039 0.00436321 -0.391224 
3.16667 0.00853868 -0.000559784 0.00940879 -0.383814 
3.2 0.00859494 -0.000595285 0.0125372 -0.376985 
3.23333 0.00865359 -0.000574294 0.0138293 -0.37128 
3.26667 0.00865366 -0.000452509 0.0133312 -0.367259 
3.3 0.00868337 -0.00031752 0.0118748 -0.364534 
3.33333 0.00867824 -0.000210863 0.00688134 -0.36647 
3.36667 0.00888384 -4.59256e-005 0.00349709 -0.368172 
3.4 0.0088968 5.23709e-005 -0.000725379 -0.37199 
3.43333 0.00889636 8.41993e-005 -0.00626797 -0.378775 
3.46667 0.00896571 0.000153068 -0.00689463 -0.381604 
3.5 0.00906609 7.73944e-005 -0.00576084 -0.382564 
3.53333 0.00901136 -0.00014389 -0.00639334 -0.385231 
3.56667 0.00907255 -0.000230151 -0.00230613 -0.382537 
3.6 0.0091129 -0.000377039 0.000645999 -0.379821 
3.63333 0.00914611 -0.000591133 0.00261752 -0.377278 
3.66667 0.00913274 -0.000664271 0.0084848 -0.36948 
3.7 0.00918463 -0.000700706 0.0122627 -0.362192 
3.73333 0.00915892 -0.000552229 0.0153092 -0.354508 
3.76667 0.00926683 -0.000505777 0.0134848 -0.351559 
3.8 0.00939753 -0.000344686 0.0115621 -0.349333 
3.83333 0.00955816 -0.000185332 0.0081875 -0.349463 
3.86667 0.00974809 -0.00010461 0.0048754 -0.350643 
3.9 0.00984236 -7.74079e-005 -0.000991828 -0.355944 
3.93333 0.00991656 5.74353e-006 -0.00408798 -0.35993 
3.96667 0.00987285 -7.35165e-005 -0.00737337 -0.365171 
4 0.0099017 -0.000172977 -0.00746856 -0.367741 
4.03333 0.00997478 -0.000365018 -0.00751556 -0.370286 
4.06667 0.0100618 -0.00048355 -0.00444227 -0.369163 
4.1 0.0099165 -0.000599959 -0.00106328 -0.366655 
4.13333 0.0100065 -0.000722908 0.00289053 -0.362342 
4.16667 0.0100566 -0.000857863 0.0083894 -0.354888 
4.2 0.0100874 -0.000949451 0.0102856 -0.349853 
4.23333 0.0100518 -0.00096812 0.0111554 -0.345398 
4.26667 0.0101873 -0.000739672 0.0129188 -0.339597 
4.3 0.010099 -0.000679638 0.0103673 -0.338303 
4.33333 0.0101469 -0.000584862 0.00738795 -0.338364 
4.36667 0.0101395 -0.000366811 0.00598708 -0.337555 
4.4 0.0101431 -0.000259612 0.000407184 -0.342146 
4.43333 0.0101549 -0.000153535 -0.00428583 -0.347551 
4.46667 0.0102461 -0.000119007 -0.00489418 -0.349697 
4.5 0.0102683 -0.000231181 -0.00524586 -0.351744 
4.53333 0.0102912 -0.000402262 -0.00469766 -0.352845 
4.56667 0.0104207 -0.000572931 -0.00220475 -0.351469 
4.6 0.0103485 -0.00073154 8.09065e-006 -0.349591 
4.63333 0.0103431 -0.000753075 0.00510419 -0.343573 
4.66667 0.0103539 -0.000892228 0.00862851 -0.337711 
4.7 0.0104541 -0.000863608 0.0119462 -0.330919 
4.73333 0.0106447 -0.00075226 0.0149328 -0.323411 
4.76667 0.0106068 -0.000627033 0.0143158 -0.319162 
4.8 0.0105649 -0.000512854 0.0131619 -0.315752 
4.83333 0.0106387 -0.000437801 0.00975027 -0.315392 
4.86667 0.0106713 -0.000336045 0.00606147 -0.316496 
4.9 0.0107752 -0.000224785 0.00237992 -0.318822 
4.93333 0.0107465 -0.000265814 -0.0015304 -0.322644 
4.96667 0.0108888 -0.00017612 -0.00315326 -0.32507 
5 0.0110037 -0.000291624 -0.00408887 -0.327226 
5.03333 0.0109396 -0.000461105 -0.0043109 -0.328851 
5.06667 0.0109487 -0.000603469 -0.00250834 -0.32816 
5.1 0.0109352 -0.000818253 -0.00117618 -0.327423 
5.13333 0.010991 -0.000950219 0.0019832 -0.324086 
5.16667 0.0110525 -0.0010081 0.00787849 -0.316466 
5.2 0.0110152 -0.00113859 0.00960855 -0.311797 
5.23333 0.011022 -0.00113567 0.0111982 -0.306718 
5.26667 0.011018 -0.00107544 0.0120918 -0.30193 
5.3 0.0109618 -0.000964083 0.0095328 -0.300921 
5.33333 0.0110455 -0.000790691 0.0069768 -0.30076 
5.36667 0.0112418 -0.000716714 0.00331551 -0.302757 
5.4 0.0113537 -0.000597436 -0.00024121 -0.30585 
5.43333 0.0114424 -0.000528198 -0.00479809 -0.31131 
5.46667 0.0114606 -0.000607668 -0.00894445 -0.317804 
5.5 0.0116597 -0.000688291 -0.00762247 -0.319225 
5.53333 0.0118431 -0.000812437 -0.00532139 -0.319049 
5.56667 0.0118962 -0.000918965 -0.00280999 -0.317858 
5.6 0.0119643 -0.00105032 -0.00194319 -0.317772 
5.63333 0.0118729 -0.00107542 0.00225197 -0.313467 
5.66667 0.0120208 -0.00107309 0.00693324 -0.30719 
5.7 0.0119936 -0.00122154 0.00804844 -0.303563 
5.73333 0.011861 -0.00115082 0.00950437 -0.299161 
5.76667 0.0121062 -0.00100063 0.0100229 -0.295381 
5.8 0.0121641 -0.000794934 0.0108286 -0.291089 
5.83333 0.0122146 -0.00070942 0.00869213 -0.290002 
5.86667 0.0122459 -0.000675178 0.00465436 -0.291871 
5.9 0.0122467 -0.000701742 -0.00064819 -0.296579 
5.93333 0.0122464 -0.000588404 -0.00457543 -0.301431 
5.96667 0.0123716 -0.000583538 -0.0064368 -0.305153 
6 0.0124456 -0.000672742 -0.00755612 -0.30862 
6.03333 0.0124506 -0.000775089 -0.00582953 -0.309101 
6.06667 0.0124472 -0.000930001 -0.00364797 -0.308468 
6.1 0.0123228 -0.00101859 -3.70043e-005 -0.305422 
6.13333 0.0123197 -0.00116699 0.00180275 -0.303262 
6.16667 0.0123066 -0.00129159 0.00603982 -0.29766 
6.2 0.0122873 -0.00125861 0.0104286 -0.290466 
6.23333 0.0122633 -0.00117794 0.0101214 -0.287352 
6.26667 0.0122097 -0.00104172 0.00843164 -0.285973 
6.3 0.0123319 -0.000931228 0.00590754 -0.286142 
6.33333 0.0123974 -0.000805909 0.00550918 -0.284643 
6.36667 0.0125196 -0.000740427 0.000307261 -0.288947 
6.4 0.0125458 -0.00070446 -0.00449663 -0.294516 
6.43333 0.0125662 -0.000608197 -0.0063193 -0.298166 
6.46667 0.0126704 -0.000701753 -0.00858552 -0.302948 
6.5 0.0127403 -0.000805654 -0.00927654 -0.306625 
6.53333 0.012797 -0.00091312 -0.00890142 -0.309275 
6.56667 0.0128919 -0.000947335 -0.00599662 -0.308813 
6.6 0.0129513 -0.000958633 -0.000940908 -0.304844 
6.63333 0.0129741 -0.00100607 0.00339396 -0.30004 
6.66667 0.0129894 -0.00114301 0.00909599 -0.292178 
6.7 0.0129171 -0.00107283 0.0109871 -0.286914 
6.73333 0.0128612 -0.000975771 0.0114577 -0.282696 
6.76667 0.0127904 -0.000873947 0.010076 -0.280508 
6.8 0.0127544 -0.000737747 0.00810782 -0.279472 
6.83333 0.0127543 -0.000681601 0.00462124 -0.280885 
6.86667 0.012751 -0.000489037 0.00205262 -0.282377 
6.9 0.0127984 -0.000372771 -0.00121458 -0.28555 
6.93333 0.0129417 -0.00030106 -0.00320351 -0.288302 
6.96667 0.0129823 -0.000384485 -0.00487435 -0.291343 
7 0.0130933 -0.000527002 -0.0050048 -0.293121 
7.03333 0.0130568 -0.000683796 -0.003004 -0.292428 
7.06667 0.013008 -0.000715313 -0.000342784 -0.290288 
7.1 0.0130158 -0.000829964 0.00316332 -0.286263 
7.13333 0.0130002 -0.00085888 0.00701625 -0.28066 
7.16667 0.0130125 -0.00093398 0.0103673 -0.274366 
7.2 0.0130551 -0.000854184 0.0124353 -0.268469 
