0.7 0.00334183 0.000502742 -0.0113323 0.0215516 
0.733333 0.00355955 0.000436064 -0.0110556 0.0157678 
0.766667 0.00378461 0.00033152 -0.00974621 0.0128164 
0.8 0.00395681 0.000161723 -0.00686526 0.0128191 
0.833333 0.00414897 -4.529e-006 -0.00358526 0.0143522 
0.866667 0.00426538 -0.00014628 0.00162894 0.0194244 
0.9 0.00437175 -0.000231254 0.00545665 0.024567 
0.933333 0.00443613 -0.000273079 0.00947328 0.0311668 
0.966667 0.00445383 -0.0002025 0.0103305 0.0353529 
1 0.00453985 -0.000129217 0.00814217 0.0362195 
1.03333 0.00459384 2.93387e-005 0.00556524 0.0358927 
1.06667 0.00448732 0.000189408 0.00117917 0.0325678 
1.1 0.00456724 0.00034132 -0.00117276 0.0301845 
1.13333 0.00459291 0.000375662 -0.00655993 0.0234339 
1.16667 0.00464718 0.0003662 -0.0103983 0.016716 
1.2 0.00476821 0.000325205 -0.0139873 0.00901287 
1.23333 0.00493225 0.000287572 -0.0115815 0.00719035 
1.26667 0.00496525 0.00010061 -0.00979935 0.00543361 
1.3 0.00504558 -7.84417e-005 -0.00685206 0.00564632 
1.33333 0.00508966 -0.000227461 -0.002895 0.00803346 
1.36667 0.00515136 -0.000323455 -0.000142121 0.0103181 
1.4 0.00525711 -0.000468229 0.00228641 0.0131375 
1.43333 0.00529189 -0.000434814 0.00722337 0.0197276 
1.46667 0.00531111 -0.000390993 0.007907 0.0229423 
1.5 0.00540451 -0.000260184 0.00730206 0.0248639 
1.53333 0.00546287 -9.12399e-005 0.00467505 0.0241968 
1.56667 0.00548898 9.82226e-005 0.00196347 0.0225543 
1.6 0.00553807 0.000232137 -0.00260196 0.0178195 
1.63333 0.00557878 0.000359774 -0.00448353 0.014731 
1.66667 0.00568217 0.00038691 -0.00924378 0.00761724 
1.7 0.00572906 0.000384652 -0.0115697 0.00179034 
1.73333 0.00576958 0.000341797 -0.0112944 -0.00174122 
1.76667 0.00581214 0.000170241 -0.00911828 -0.00293723 
1.8 0.00598317 2.66745e-005 -0.00499048 -0.00110395 
1.83333 0.00600976 -0.000169736 -0.00223255 0.000488185 
1.86667 0.00607487 -0.000232886 0.00316783 0.00611894 
1.9 0.00618535 -0.000232084 0.00865359 0.0136506 
1.93333 0.00620675 -0.000281008 0.0113251 0.0196887 
1.96667 0.00616718 -0.000294642 0.012488 0.0248365 
2 0.00627035 -0.000185256 0.0118262 0.028218 
2.03333 0.00631343 -2.59033e-005 0.0103926 0.0304677 
2.06667 0.00637449 0.000158368 0.00802416 0.031136 
2.1 0.00645406 0.000232997 0.00434515 0.0294678 
2.13333 0.0065715 0.000312569 -0.000713654 0.0249445 
2.16667 0.00659712 0.0003132 -0.00609685 0.018352 
2.2 0.00663615 0.000392481 -0.00796641 0.0141127 
2.23333 0.00667804 0.000324232 -0.00860542 0.010703 
2.26667 0.00681908 0.000234441 -0.00539185 0.011628 
2.3 0.00686036 2.67104e-005 -0.00334717 0.0122443 
2.33333 0.00699726 -0.000158127 0.000462766 0.0156261 
2.36667 0.00707836 -0.000257368 0.00427403 0.0202794 
2.4 0.00711559 -0.000373327 0.00758964 0.025618 
2.43333 0.00720479 -0.000379532 0.0115436 0.0328154 
2.46667 0.00728875 -0.00038955 0.0147045 0.0403946 
2.5 0.00742961 -0.000305395 0.0133761 0.043728 
2.53333 0.00740926 -0.000203984 0.0100771 0.0442923 
2.56667 0.00740004 -2.12312e-005 0.00807554 0.0452886 
2.6 0.00744746 0.000130983 0.00345599 0.0425272 
2.63333 0.00744513 0.000173701 -0.00195124 0.0372962 
2.66667 0.00753694 0.000241904 -0.00508891 0.0329419 
2.7 0.00756871 0.000216749 -0.00937552 0.0261854 
2.73333 0.00765133 0.000163635 -0.0101604 0.0221338 
2.76667 0.00771105 3.40245e-005 -0.00902177 0.0200911 
2.8 0.00776773 -0.000112374 -0.00707185 0.0193856 
2.83333 0.00783402 -0.000240199 -0.00381833 0.020869 
2.86667 0.00783538 -0.000330962 0.00124982 0.025579 
2.9 0.00795706 -0.000362619 0.00686184 0.0326203 
2.93333 0.00809103 -0.000416083 0.0105539 0.0392659 
2.96667 0.008202 -0.000401222 0.0128033 0.0454392 
3 0.00822213 -0.000381247 0.0107442 0.0472763 
3.03333 0.00835507 -0.000266542 0.00897114 0.0487647 
3.06667 0.00839179 -0.000135683 0.00654025 0.0488855 
3.1 0.00842072 -8.11687e-005 0.00226604 0.04602 
3.13333 0.00846402 4.50633e-005 -0.000495601 0.0435154 
3.16667 0.00846631 0.000101055 -0.00494073 0.0381029 
3.2 0.00857189 0.000127617 -0.00908292 0.0315663 
3.23333 0.00850836 7.36863e-005 -0.00810144 0.0296972 
3.26667 0.00856383 -8.08329e-005 -0.00788476 0.0272525 
3.3 0.00870324 -0.000272211 -0.00689397 0.0257939 
3.33333 0.00877205 -0.000401079 -0.00243913 0.0287546 
3.36667 0.00889448 -0.000463537 0.00199826 0.0331798 
3.4 0.00895618 -0.000521813 0.00589857 0.03845 
3.43333 0.0090287 -0.000539495 0.0100383 0.045303 
3.46667 0.00905238 -0.000487464 0.0129424 0.0520772 
3.5 0.00905822 -0.000422932 0.0124614 0.0558236 
3.53333 0.00905521 -0.000317747 0.0103109 0.0574389 
3.56667 0.00910748 -0.00021806 0.00806254 0.0582217 
3.6 0.00925963 -0.000156807 0.00508632 0.0573959 
3.63333 0.00922187 -5.64676e-005 0.000628128 0.0538286 
3.66667 0.00921883 -4.05439e-005 -0.0051802 0.0471815 
3.7 0.00917971 -1.26831e-005 -0.00909383 0.0408349 
3.73333 0.00919018 -5.90871e-005 -0.0093229 0.0375332 
3.76667 0.00912786 -0.000103175 -0.00725733 0.0368639 
3.8 0.00920474 -0.000169701 -0.00587574 0.0360757 
3.83333 0.00934711 -0.000209986 -0.0024076 0.0382111 
3.86667 0.0105015 -0.000143271 -0.000833757 0.0392664 
3.9 0.0113139 -0.0001479 -0.000508653 0.0393723 
3.93333 0.0118651 -0.00011728 -2.45668e-005 0.0397742 
3.96667 0.0123763 -8.46053e-005 -0.00112349 0.0384688 
4 0.0127893 -9.7862e-005 -0.000481686 0.0388519 
4.03333 0.0130295 -9.58479e-006 0.000490573 0.039839 
4.06667 0.0133297 8.68448e-006 0.0014182 0.0410976 
4.1 0.0135424 -1.69123e-005 0.00252118 0.0428723 
4.13333 0.0136953 -3.04907e-005 0.00322501 0.0445436 
4.16667 0.013911 2.00031e-005 0.00370822 0.046189 
4.2 0.0140557 9.04589e-007 0.00222099 0.0456694 
4.23333 0.0142265 8.28488e-005 0.000287543 0.0441274 
4.26667 0.0143737 9.7229e-005 0.000236567 0.0441631 
4.3 0.0145555 0.000123024 0.00011212 0.044095 
4.33333 0.0146889 0.000148564 -0.00131096 0.0424525 
4.36667 0.0148541 7.57962e-005 -0.00119993 0.0421466 
4.4 0.0150221 2.14408e-005 0.00010347 0.0432852 
4.43333 0.0151929 -6.03857e-005 0.00232436 0.0459414 
4.46667 0.0153097 -9.72352e-005 0.0033814 0.047964 
4.5 0.0154355 -0.000141548 0.00358887 0.049336 
4.53333 0.0154632 -0.000110444 0.00524309 0.0524851 
4.56667 0.0154603 -0.000156839 0.00490473 0.0538333 
4.6 0.0144397 -0.000268773 0.00727784 0.0582696 
4.63333 0.0137922 -0.000322254 0.0107342 0.0647757 
4.66667 0.0132368 -0.000359258 0.0126137 0.0705724 
4.7 0.0128584 -0.000308733 0.0120923 0.0741615 
4.73333 0.0126303 -0.000148089 0.0111936 0.0771314 
4.76667 0.0124616 -6.84163e-005 0.00770145 0.0767402 
4.8 0.0122679 3.24825e-005 0.00278185 0.0735 
4.83333 0.0121224 0.000154083 -0.00204013 0.0687351 
4.86667 0.0120555 0.000198126 -0.00700171 0.0621981 
4.9 0.0120042 0.000155305 -0.0100152 0.0563069 
4.93333 0.0119656 0.000114551 -0.00980917 0.0532117 
4.96667 0.0119602 -1.26042e-005 -0.00684598 0.0534399 
5 0.0119353 -9.66467e-005 -0.00449077 0.0539382 
5.03333 0.0118232 -0.00014058 -0.000834976 0.0567568 
5.06667 0.0118048 -0.000148281 0.00474268 0.0630626 
5.1 0.0116821 -0.000179434 0.00953189 0.070297 
5.13333 0.0115966 -0.000164019 0.0122242 0.0766525 
5.16667 0.0114424 -0.00012583 0.0116484 0.0800475 
5.2 0.0113924 -1.97363e-005 0.0110129 0.0831802 
5.23333 0.0113962 0.000105146 0.00912374 0.084621 
5.26667 0.0114213 0.000156703 0.00680829 0.084929 
5.3 0.011404 0.000300113 0.00474811 0.0847664 
5.33333 0.0114456 0.00034126 -0.000715742 0.0798993 
5.36667 0.0115063 0.000381683 -0.00468221 0.0749784 
5.4 0.0116193 0.000377048 -0.00625169 0.071565 
5.43333 0.0117469 0.000313675 -0.00502014 0.0709349 
5.46667 0.0117419 0.000257358 -0.00190207 0.0729423 
5.5 0.0117538 0.000103037 0.000164825 0.0747481 
5.53333 0.0118592 -7.40227e-006 0.00458817 0.0800247 
5.56667 0.0118758 -0.00018124 0.0086612 0.0863621 
5.6 0.0118781 -0.000272111 0.0125279 0.0938137 
5.63333 0.0118303 -0.00031156 0.0151025 0.101029 
5.66667 0.0118623 -0.000272963 0.0157826 0.106866 
5.7 0.0118412 -0.000177934 0.0146024 0.110734 
5.73333 0.0118624 -4.52512e-005 0.0121255 0.112677 
5.76667 0.0119138 -1.45507e-005 0.00890093 0.112912 
5.8 0.0118695 6.30496e-005 0.00291049 0.108808 
5.83333 0.0119738 0.00016778 -0.00199743 0.103985 
5.86667 0.0120189 0.000201982 -0.00545418 0.0992382 
5.9 0.0122297 0.000275846 -0.00446476 0.0985881 
5.93333 0.0122793 0.000191261 -0.00443203 0.0971384 
5.96667 0.0122658 6.04865e-005 -0.0033643 0.0969215 
6 0.0122471 -1.88159e-005 -0.00220383 0.09717 
6.03333 0.0122962 -0.000214138 -0.00125334 0.0975574 
6.06667 0.0122929 -0.000324878 0.00367621 0.102959 
6.1 0.0123257 -0.000384405 0.00863719 0.11004 
6.13333 0.0123256 -0.00041682 0.0127834 0.117814 
6.16667 0.0122559 -0.00040985 0.0133882 0.122789 
6.2 0.0122778 -0.000380531 0.0108707 0.12428 
6.23333 0.0123118 -0.000226117 0.0105514 0.127527 
6.26667 0.0122554 -0.000117707 0.00721376 0.127104 
6.3 0.0123185 3.26298e-005 0.00365395 0.125306 
6.33333 0.012406 0.00017125 -0.00016649 0.122014 
6.36667 0.0124461 0.000271407 -0.00419895 0.117199 
6.4 0.0124755 0.000309884 -0.00738893 0.112033 
6.43333 0.0124739 0.000258716 -0.00819192 0.108622 
6.46667 0.012529 0.000115315 -0.00696704 0.107338 
6.5 0.0125612 5.26374e-005 -0.00449392 0.107935 
6.53333 0.0126057 -8.40442e-005 -0.000549691 0.111093 
6.56667 0.0126664 -0.00018494 0.00353459 0.115731 
6.6 0.0126865 -0.000224235 0.00847174 0.122737 
6.63333 0.0125935 -0.000326969 0.00995904 0.127317 
6.66667 0.0126302 -0.000278415 0.0120035 0.13305 
6.7 0.0126602 -0.000196165 0.0127237 0.137901 
6.73333 0.0127089 -5.95865e-005 0.0119884 0.141274 
6.76667 0.012829 8.8289e-005 0.00961877 0.142473 
6.8 0.012896 0.000208685 0.00614364 0.141577 
6.83333 0.0129214 0.000286394 0.00164732 0.138317 
6.86667 0.0129382 0.000309641 -0.0028857 0.133516 
6.9 0.0130407 0.000286233 -0.00516713 0.129861 
6.93333 0.0130633 0.000213934 -0.00602258 0.127128 
6.96667 0.0131004 0.000133398 -0.00541984 0.125832 
