0.287 20 0 
0.38 20 0 
0.474 20 0 
0.552 20 0 
0.645 20 0 
0.739 20 0 
0.848 20 0 
0.942 20 0 
1.035 20 0 
1.128 20 0 
1.222 20 0 
1.286 20 0 
1.364 20 0 
1.426 20 0 
1.489 20 0 
1.583 20 0 
1.66 20 0 
1.738 20 0 
1.816 20 0 
1.879 20 0 
1.941 20 0 
2.019 20 0 
2.066 20 0 
2.16 20 0 
2.223 20 0 
2.286 20 0 
2.348 20 0 
2.41 20 0 
2.488 20 0 
2.552 20 0 
2.614 20 0 
2.691 20 0 
2.738 20 0 
2.816 20 0 
2.88 20 0 
2.956 20 0 
3.02 20 0 
3.081 20 0 
3.144 20 0 
3.207 20 0 
3.269 20 0 
3.347 20 0 
3.411 20 0 
3.489 20 0 
3.551 20 0 
3.613 20 0 
3.676 20 0 
3.753 20 0 
3.816 20 0 
3.878 20 0 
3.941 20 0 
4.019 20 0 
4.083 20 0 
4.16 20 0 
4.222 20 0 
4.286 20 0 
4.348 20 0 
4.41 20 0 
4.472 20 0 
4.55 20 0 
4.613 20 0 
4.676 20 0 
4.754 20 0 
4.817 20 0 
4.879 20 0 
4.958 20 0 
5.02 20 0 
5.082 20 0 
5.144 20 0 
5.206 20 0 
5.301 20 0 
5.379 20 0 
5.442 20 0 
5.521 20 0 
5.583 20 0 
5.645 20 0 
5.723 20 0 
5.785 20 0 
5.847 20 0 
5.91 20 0 
5.973 20 0 
6.051 20 0 
6.113 20 0 
6.191 20 0 
6.254 20 0 
6.316 20 0 
6.378 20 0 
6.442 20 0 
6.52 20 0 
6.582 20 0 
6.661 20 0 
6.738 20 0 
6.817 20 0 
6.878 20 0 
6.957 20 0 
7.02 20 0 
7.083 20 0 
7.144 20 0 
7.208 20 0 
7.269 20 0 
7.349 20 0 
7.427 20 0 
7.488 20 0 
7.552 20 0 
7.612 20 0 
7.676 20 0 
7.754 20 0 
7.817 20 0 
7.894 20 0 
7.972 20 0 
8.051 20 0 
8.129 20 0 
8.191 20 0 
8.255 20 0 
8.317 20 0 
8.38 20 0 
8.441 20 0 
8.52 20 0 
8.583 20 0 
8.645 20 0 
8.707 20 0 
8.786 20 0 
8.848 20 0 
8.926 20 0 
8.989 20 0 
9.05 20 0 
9.145 20 0 
9.222 20 0 
9.332 20 0 
9.426 20 0 
9.489 20 0 
9.551 20 0 
9.614 20 0 
9.676 20 0 
9.755 20 0 
9.817 20 0 
9.88 20 0 
9.942 20 0 
10.02 20 0 
10.081 20 0 
10.161 20 0 
10.222 20 0 
10.285 20 0 
10.347 20 0 
10.41 20 0 
10.472 20 0 
10.567 20 0 
10.645 20 0 
10.707 20 0 
10.769 20 0 
10.848 20 0 
10.925 20 0 
10.989 20 0 
11.05 20 0 
11.113 20 0 
11.175 20 0 
11.239 20 0 
11.317 20 0 
11.394 20 0 
11.441 20 0 
11.52 20 0 
11.582 20 0 
11.644 20 0 
11.723 20 0 
11.785 20 0 
11.849 20 0 
11.91 20 0 
11.972 20 0 
12.051 20 0 
12.13 20 0 
12.192 20 0 
12.255 20 0 
12.317 20 0 
12.379 20 0 
12.441 20 0 
12.536 20 0 
12.63 20 0 
12.708 20 0 
12.77 20 0 
12.848 20 0 
12.927 20 0 
12.987 20 0 
13.05 20 0 
13.114 20 0 
13.192 20 0 
13.286 20 0 
13.348 20 0 
13.425 20 0 
13.489 20 0 
13.551 20 0 
13.613 20 0 
13.692 20 0 
13.753 20 0 
13.816 20 0 
13.879 20 0 
13.942 20 0 
14.02 20 0 
14.081 20 0 
14.16 20 0 
14.223 20 0 
14.284 20 0 
14.348 20 0 
14.426 20 0 
14.503 20 0 
14.597 20 0 
14.661 20 0 
14.754 20 0 
14.817 20 0 
14.894 20 0 
14.972 20 0 
15.067 20 0 
15.16 20 0 
