0.466667 0.038031 -0.027715 -0.057614 -0.460711 0.297616 0.419639 
0.500000 0.041894 -0.033918 0.477845 -0.431616 0.296751 0.419614 
0.533333 0.053948 -0.027388 0.811183 -0.421967 0.298073 0.416985 
0.566667 0.060919 -0.015480 0.866779 -0.386241 0.300043 0.415872 
0.600000 0.058434 -0.002820 0.728943 -0.347199 0.301941 0.414605 
0.633333 0.051769 0.008697 0.544423 -0.352150 0.303013 0.414463 
0.666667 0.046458 0.012125 0.343485 -0.312753 0.305632 0.414045 
0.700000 0.044638 0.012779 0.032626 -0.322638 0.306448 0.414267 
0.733333 0.047572 0.008258 -0.408335 -0.315045 0.307949 0.413858 
0.766667 0.051548 0.001421 -0.787515 -0.332557 0.310267 0.413878 
0.800000 0.054042 -0.001596 -0.857431 -0.383852 0.311181 0.413109 
0.833333 0.053842 0.001102 -0.683624 -0.403372 0.313221 0.412121 
0.866667 0.052871 0.005743 -0.558257 -0.415848 0.314912 0.410937 
0.900000 0.054548 0.004116 -0.465396 -0.418434 0.316337 0.412441 
0.933333 0.056864 0.000414 -0.152383 -0.471676 0.318287 0.409299 
0.966667 0.055817 -0.009483 0.282240 -0.445802 0.319895 0.410134 
1.000000 0.052327 -0.018872 0.512675 -0.420953 0.321460 0.408054 
1.033330 0.052858 -0.022220 0.529428 -0.413152 0.322759 0.406955 
1.066670 0.060560 -0.020375 0.514794 -0.401959 0.323337 0.405146 
1.100000 0.070975 -0.019791 0.513110 -0.369481 0.326241 0.404570 
1.133330 0.077245 -0.015822 0.506088 -0.366656 0.327554 0.402317 
1.166670 0.074063 -0.005237 0.456527 -0.345021 0.330283 0.401478 
1.200000 0.064238 0.012838 0.250241 -0.331845 0.332605 0.399956 
1.233330 0.055264 0.025872 -0.141624 -0.322814 0.334178 0.400733 
1.266670 0.053169 0.026003 -0.523220 -0.333630 0.336869 0.401344 
1.300000 0.059449 0.020187 -0.696509 -0.376167 0.338151 0.401122 
1.333330 0.070449 0.013733 -0.697660 -0.377921 0.340549 0.400672 
1.366670 0.073159 0.010200 -0.637347 -0.412086 0.342722 0.400346 
1.400000 0.062287 0.000934 -0.517549 -0.426558 0.346106 0.399477 
1.433330 0.049595 -0.011440 -0.323828 -0.448966 0.346840 0.398266 
1.466670 0.051726 -0.023480 -0.066646 -0.441695 0.348016 0.397798 
1.500000 0.067051 -0.027221 0.258954 -0.456395 0.348728 0.395749 
1.533330 0.076008 -0.025810 0.583951 -0.431547 0.351560 0.393562 
1.566670 0.072766 -0.020968 0.757594 -0.412158 0.353431 0.391811 
1.600000 0.065390 -0.018453 0.716175 -0.373889 0.354840 0.390959 
1.633330 0.062823 -0.013136 0.525459 -0.373156 0.357174 0.388817 
1.666670 0.063953 -0.005193 0.287936 -0.330665 0.358327 0.389038 
1.700000 0.065964 0.012421 0.065019 -0.360098 0.360749 0.386378 
1.733330 0.070064 0.022018 -0.159156 -0.333470 0.363468 0.388167 
1.766670 0.078169 0.022596 -0.375995 -0.348135 0.365214 0.387139 
1.800000 0.084502 0.016196 -0.542170 -0.383859 0.368245 0.387498 
1.833330 0.081927 0.004718 -0.695600 -0.375268 0.371975 0.386097 
1.866670 0.076832 -0.000228 -0.803022 -0.416537 0.373592 0.385106 
1.900000 0.080631 -0.004561 -0.670693 -0.441356 0.375371 0.384550 
1.933330 0.088647 -0.005969 -0.251461 -0.464869 0.378934 0.383076 
1.966670 0.091502 -0.005065 0.208702 -0.466417 0.380649 0.380600 
2.000000 0.089120 -0.009556 0.490408 -0.429015 0.383859 0.379793 
2.033330 0.084100 -0.016128 0.628842 -0.438076 0.386181 0.378989 
2.066670 0.074836 -0.024863 0.687287 -0.403814 0.388330 0.375512 
2.100000 0.065825 -0.023613 0.639152 -0.372451 0.390292 0.375372 
2.133330 0.064825 -0.012123 0.520992 -0.366729 0.391633 0.372802 
2.166670 0.072940 0.001009 0.349867 -0.348801 0.393828 0.372622 
2.200000 0.084241 0.009935 0.036165 -0.333726 0.396206 0.371744 
2.233330 0.090621 0.013348 -0.392275 -0.342330 0.399486 0.371126 
2.266670 0.091555 0.012546 -0.706877 -0.356564 0.402712 0.370708 
2.300000 0.089705 0.015945 -0.759368 -0.406712 0.404854 0.369952 
2.333330 0.085728 0.015754 -0.653879 -0.402793 0.408578 0.368727 
2.366670 0.078678 0.013825 -0.517024 -0.441357 0.411033 0.368794 
2.400000 0.074574 0.001336 -0.299923 -0.438356 0.413490 0.367966 
2.433330 0.075561 -0.010857 0.024752 -0.468364 0.415485 0.366294 
2.466670 0.079448 -0.025342 0.296280 -0.446914 0.417508 0.364860 
2.500000 0.083437 -0.033349 0.444059 -0.414946 0.420015 0.363541 
2.533330 0.087443 -0.024064 0.605399 -0.440046 0.421164 0.359336 
2.566670 0.086150 -0.017314 0.768312 -0.388363 0.424325 0.359321 
2.600000 0.084084 -0.011754 0.789121 -0.357913 0.427336 0.357729 
2.633330 0.084929 -0.000405 0.662209 -0.351578 0.428397 0.355644 
2.666670 0.086355 0.013028 0.362154 -0.325857 0.431893 0.355228 
2.700000 0.084401 0.019233 -0.118539 -0.299499 0.435562 0.355427 
2.733330 0.082207 0.021417 -0.511029 -0.336903 0.437355 0.354686 
2.766670 0.086224 0.019315 -0.592628 -0.358678 0.440349 0.354959 
2.800000 0.093028 0.016367 -0.517523 -0.367708 0.443883 0.353791 
2.833330 0.099838 0.012491 -0.511095 -0.382369 0.446470 0.353638 
2.866670 0.106116 0.003272 -0.591650 -0.410123 0.449897 0.352016 
2.900000 0.108223 -0.019198 -0.644834 -0.412941 0.453321 0.351355 
2.933330 0.104349 -0.037889 -0.495536 -0.458201 0.456540 0.348191 
2.966670 0.090511 -0.042750 -0.013413 -0.441156 0.457966 0.346425 
3.000000 0.074164 -0.019525 0.622851 -0.485105 0.460493 0.340797 
3.033330 0.062433 -0.006555 0.987365 -0.386524 0.462237 0.343747 
3.066670 0.066388 0.000304 0.957361 -0.388988 0.463981 0.341001 
3.100000 0.079302 0.000941 0.811007 -0.351392 0.466066 0.340051 
3.133330 0.092505 0.004401 0.696398 -0.333371 0.469082 0.339613 
3.166670 0.098616 0.004544 0.467668 -0.305333 0.471990 0.338795 
3.200000 0.093509 0.005308 0.029218 -0.296670 0.475458 0.337507 
3.233330 0.084824 0.007816 -0.445980 -0.289451 0.478867 0.337383 
3.266670 0.087543 0.014809 -0.725944 -0.351568 0.480230 0.335967 
3.300000 0.105278 0.008276 -0.784122 -0.328425 0.484329 0.336921 
3.333330 0.114516 0.008722 -0.719961 -0.400511 0.486518 0.334984 
3.366670 0.102555 0.004189 -0.586293 -0.389005 0.493400 0.332965 
3.400000 0.087418 0.007681 -0.322278 -0.409870 0.493251 0.332834 
3.433330 0.087299 0.005200 0.066144 -0.448761 0.496042 0.331263 
3.466670 0.090176 -0.019262 0.352046 -0.399142 0.500151 0.331425 
3.500000 0.087660 -0.035626 0.468028 -0.379794 0.503251 0.328425 
3.533330 0.095557 -0.024685 0.543288 -0.426380 0.501765 0.324158 
3.566670 0.107107 -0.025458 0.539782 -0.323109 0.507998 0.325735 
3.600000 0.113178 -0.020555 0.528494 -0.350367 0.510621 0.322268 
3.633330 0.108498 -0.010964 0.621946 -0.357003 0.513168 0.319088 
3.666670 0.103074 -0.001234 0.505733 -0.286632 0.516954 0.319687 
3.700000 0.101998 0.012381 0.019573 -0.280823 0.520273 0.318030 
3.733330 0.104794 0.025134 -0.415056 -0.316061 0.523559 0.317765 
3.766670 0.113737 0.028004 -0.519501 -0.321635 0.527114 0.317529 
3.800000 0.122665 0.019954 -0.501123 -0.340031 0.531364 0.317399 
3.833330 0.121713 0.003215 -0.561073 -0.354243 0.535297 0.316566 
3.866670 0.106009 -0.010585 -0.578442 -0.359344 0.539734 0.314405 
3.900000 0.084755 -0.014877 -0.402660 -0.421953 0.540910 0.312199 
3.933330 0.072410 -0.032305 -0.162819 -0.384351 0.545132 0.312326 
3.966670 0.083196 -0.042150 0.011324 -0.404751 0.544690 0.309260 
4.000000 0.103703 -0.034356 0.216679 -0.408111 0.547126 0.306570 
4.033330 0.111205 -0.016342 0.504959 -0.384415 0.551405 0.303876 
4.066670 0.105917 -0.003621 0.760624 -0.375812 0.554794 0.302737 
4.100000 0.102814 -0.006961 0.847979 -0.333829 0.556581 0.302345 
4.133330 0.104018 -0.007702 0.711751 -0.314986 0.561038 0.300007 
4.166670 0.102020 0.000487 0.421055 -0.284757 0.563519 0.298383 
4.200000 0.096660 0.015917 0.115689 -0.288376 0.567392 0.298775 
4.233330 0.091884 0.021565 -0.138380 -0.281776 0.569670 0.297580 
4.266670 0.092604 0.016080 -0.378820 -0.298777 0.574661 0.298187 
4.300000 0.101761 0.004732 -0.604183 -0.294634 0.574924 0.298271 
4.333330 0.109601 0.007074 -0.735976 -0.351714 0.580724 0.294901 
4.366670 0.111728 0.004901 -0.694734 -0.339206 0.583669 0.295965 
4.400000 0.114769 0.003117 -0.414657 -0.387637 0.586721 0.294015 
4.433330 0.119927 -0.010326 0.001891 -0.399715 0.590280 0.292437 
4.466670 0.122316 -0.030847 0.283303 -0.363289 0.595423 0.290830 
4.500000 0.127528 -0.035799 0.384933 -0.366659 0.596647 0.287529 
4.533330 0.127376 -0.025956 0.484395 -0.364264 0.600284 0.285204 
4.566670 0.110107 -0.013723 0.624296 -0.323952 0.606843 0.282844 
4.600000 0.093604 -0.000883 0.739139 -0.318045 0.607037 0.281429 
4.633330 0.099445 0.002871 0.748835 -0.289547 0.610582 0.282207 
4.666670 0.117056 0.003592 0.531575 -0.255393 0.614315 0.279636 
4.700000 0.118838 0.009181 0.070575 -0.255314 0.617526 0.279345 
4.733330 0.101075 0.008996 -0.428414 -0.242943 0.623977 0.278765 
4.766670 0.089534 0.006859 -0.697488 -0.290932 0.624247 0.278249 
4.800000 0.102575 -0.001339 -0.671754 -0.300796 0.627470 0.277939 
4.833330 0.121409 -0.005865 -0.513274 -0.325908 0.631523 0.275999 
4.866670 0.124817 -0.008184 -0.370196 -0.339283 0.635730 0.274659 
4.900000 0.121113 -0.006675 -0.216439 -0.335916 0.640297 0.272951 
4.933330 0.119888 -0.001120 -0.000328 -0.372475 0.640440 0.270735 
4.966670 0.105558 -0.019637 0.163277 -0.335145 0.647784 0.271169 
5.000000 0.082165 -0.042260 0.159641 -0.346199 0.651553 0.267042 
5.033330 0.081148 -0.050879 0.107624 -0.330385 0.647555 0.266349 
5.066670 0.107369 -0.030776 0.244587 -0.336515 0.654622 0.262437 
5.100000 0.128611 -0.002804 0.611151 -0.323004 0.656166 0.260939 
5.133330 0.130311 0.009644 0.871521 -0.314213 0.661245 0.259719 
5.166670 0.118093 -0.008650 0.675908 -0.232070 0.666138 0.260392 
5.200000 0.107917 -0.012838 0.159187 -0.260584 0.668629 0.257035 
5.233330 0.113548 -0.003616 -0.318224 -0.254912 0.671721 0.256182 
5.266670 0.131940 0.012683 -0.600129 -0.258937 0.675720 0.255717 
5.300000 0.147440 0.023423 -0.647479 -0.301737 0.681209 0.254880 
5.333330 0.150291 0.016162 -0.541406 -0.314517 0.685152 0.254583 
5.366670 0.139060 0.000695 -0.516100 -0.333468 0.691455 0.252396 
5.400000 0.127839 -0.022029 -0.535017 -0.323448 0.694758 0.251293 
5.433330 0.132900 -0.029287 -0.210735 -0.375426 0.697782 0.249580 
5.466670 0.141843 -0.026028 0.424822 -0.385810 0.701641 0.245223 
5.500000 0.134772 -0.025997 0.716673 -0.322193 0.706771 0.243736 
5.533330 0.116955 -0.022519 0.456186 -0.296935 0.710645 0.241836 
5.566670 0.105186 -0.012667 0.298250 -0.299710 0.712694 0.240344 
5.600000 0.107657 0.004734 0.569240 -0.337378 0.717023 0.237186 
5.633330 0.116653 -0.001403 0.701478 -0.241218 0.719109 0.239447 
5.666670 0.116996 -0.002461 0.378743 -0.234387 0.725165 0.236927 
5.700000 0.111722 0.011445 0.053484 -0.255340 0.727918 0.234550 
5.733330 0.114890 0.023139 -0.045382 -0.249366 0.730400 0.236167 
5.766670 0.121229 0.009833 -0.281919 -0.247219 0.735621 0.235335 
5.800000 0.118505 -0.024211 -0.779229 -0.242090 0.740688 0.235391 
5.833330 0.115723 -0.037364 -1.071996 -0.299079 0.741849 0.231598 
5.866670 0.119314 -0.022824 -0.832670 -0.355332 0.746239 0.229021 
5.900000 0.127179 -0.013709 -0.319597 -0.335646 0.749876 0.227610 
5.933330 0.137647 -0.015069 0.104392 -0.367328 0.753183 0.227199 
5.966670 0.138326 -0.028425 0.351397 -0.336805 0.758681 0.223375 
6.000000 0.128108 -0.022294 0.479205 -0.335209 0.761479 0.220518 
6.033330 0.118205 -0.010425 0.538164 -0.312308 0.765735 0.219659 
6.066670 0.119369 -0.007409 0.528214 -0.300612 0.768971 0.217698 
6.100000 0.126615 -0.017239 0.478964 -0.266443 0.772694 0.217859 
6.133330 0.131654 -0.012755 0.449825 -0.275941 0.777541 0.213974 
6.166670 0.132646 0.002959 0.338188 -0.252168 0.780588 0.213086 
6.200000 0.134963 0.016130 -0.001440 -0.227541 0.785672 0.212891 
6.233330 0.140103 0.017376 -0.426253 -0.253695 0.790631 0.212318 
6.266670 0.147269 0.004544 -0.663595 -0.266595 0.794031 0.212327 
6.300000 0.146498 -0.001464 -0.684400 -0.303429 0.800091 0.209544 
6.333330 0.133878 -0.006954 -0.616991 -0.304402 0.804497 0.208175 
6.366670 0.120988 -0.010010 -0.475033 -0.335912 0.807726 0.207725 
6.400000 0.118228 -0.017383 -0.232310 -0.356892 0.811750 0.204495 
6.433330 0.125435 -0.025567 0.049724 -0.335650 0.815127 0.204053 
6.466670 0.138043 -0.017985 0.318054 -0.354562 0.818383 0.200390 
6.500000 0.143595 -0.010613 0.523391 -0.328125 0.823218 0.198511 
6.533330 0.138466 -0.009023 0.633879 -0.300376 0.828309 0.197643 
6.566670 0.128048 -0.012484 0.747077 -0.288918 0.831313 0.195265 
6.600000 0.118036 -0.015683 0.865725 -0.268009 0.836059 0.194175 
6.633330 0.111433 -0.011615 0.716652 -0.229969 0.839174 0.192495 
6.666670 0.109857 -0.001311 0.177484 -0.194356 0.842191 0.190707 
6.700000 0.109501 0.010311 -0.409126 -0.220989 0.846757 0.191756 
6.733330 0.108906 0.011745 -0.673771 -0.242415 0.849941 0.190143 
6.766670 0.113088 0.009719 -0.647840 -0.264167 0.853502 0.190076 
6.800000 0.125427 0.008777 -0.540128 -0.277835 0.857518 0.189416 
6.833330 0.143440 0.010195 -0.398802 -0.297532 0.861357 0.187726 
6.866670 0.161363 0.005858 -0.191947 -0.308759 0.867200 0.187458 
6.900000 0.170066 -0.008938 -0.023272 -0.321965 0.871057 0.185029 
6.933330 0.161477 -0.037171 0.020659 -0.288101 0.878742 0.183563 
6.966670 0.144638 -0.041498 0.096955 -0.320579 0.881003 0.179685 
7.000000 0.128576 -0.027273 0.327251 -0.305728 0.885902 0.177180 
7.033330 0.122114 -0.002260 0.548897 -0.288170 0.888876 0.174576 
7.066670 0.122786 0.005628 0.650477 -0.257319 0.893489 0.175933 
7.100000 0.123794 -0.002275 0.744419 -0.247371 0.897350 0.173662 
7.133330 0.123571 -0.009870 0.810181 -0.233633 0.901613 0.172800 
