0.249 15 50 
0.327 15 50 
0.405 15 50 
0.5 15 50 
0.593 15 50 
0.671 15 50 
0.764 15 50 
0.842 15 50 
0.904 15 50 
0.983 15 50 
1.076 15 50 
1.155 15 50 
1.218 15 50 
1.28 15 50 
1.343 15 50 
1.406 15 50 
1.467 15 50 
1.546 15 50 
1.608 15 50 
1.686 15 50 
1.781 15 50 
1.843 15 50 
1.905 15 50 
1.983 15 50 
2.047 15 50 
2.108 15 50 
2.187 15 50 
2.281 15 50 
2.343 15 50 
2.42 15 50 
2.482 15 50 
2.545 15 50 
2.609 15 50 
2.67 15 50 
2.749 15 50 
2.827 15 50 
2.889 15 50 
2.983 15 50 
3.078 15 50 
3.171 15 50 
3.249 15 50 
3.311 15 50 
3.39 15 50 
3.467 15 50 
3.547 15 50 
3.624 15 50 
3.718 15 50 
3.78 15 50 
3.843 15 50 
3.906 15 50 
3.999 15 50 
4.077 15 50 
4.141 15 50 
4.202 15 50 
4.28 15 50 
4.342 15 50 
4.436 15 50 
4.514 15 50 
4.593 15 50 
4.67 15 50 
4.749 15 50 
4.811 15 50 
4.873 15 50 
4.968 15 50 
5.045 15 50 
5.14 15 50 
5.218 15 50 
5.297 15 50 
5.375 15 50 
5.436 15 50 
5.514 15 50 
5.578 15 50 
5.656 15 50 
5.749 15 50 
5.813 15 50 
5.875 15 50 
5.951 15 50 
6.014 15 50 
6.093 15 50 
6.171 15 50 
6.234 15 50 
6.312 15 50 
6.39 15 50 
6.483 15 50 
6.546 15 50 
6.609 15 50 
6.67 15 50 
6.749 15 50 
6.842 15 50 
6.922 15 50 
7.031 15 50 
7.108 15 50 
7.187 15 50 
7.249 15 50 
7.312 15 50 
7.39 15 50 
7.468 15 50 
7.563 15 50 
7.64 15 50 
7.718 15 50 
7.811 15 50 
7.874 15 50 
7.952 15 50 
8.015 15 50 
8.076 15 50 
8.14 15 50 
8.217 15 50 
8.295 15 50 
8.39 15 50 
8.468 15 50 
8.546 15 50 
8.608 15 50 
8.687 15 50 
8.75 15 50 
8.811 15 50 
8.874 15 50 
8.953 15 50 
9.03 15 50 
9.109 15 50 
9.187 15 50 
9.249 15 50 
9.312 15 50 
9.404 15 50 
9.467 15 50 
9.546 15 50 
9.624 15 50 
9.717 15 50 
9.78 15 50 
9.843 15 50 
9.92 15 50 
9.984 15 50 
10.046 15 50 
10.109 15 50 
10.171 15 50 
10.233 15 50 
10.295 15 50 
10.389 15 50 
10.453 15 50 
10.546 15 50 
10.608 15 50 
10.672 15 50 
10.75 15 50 
10.812 15 50 
10.874 15 50 
10.936 15 50 
10.999 15 50 
11.078 15 50 
11.154 15 50 
11.218 15 50 
11.28 15 50 
11.358 15 50 
11.437 15 50 
11.514 15 50 
11.592 15 50 
11.686 15 50 
11.781 15 50 
11.843 15 50 
11.905 15 50 
11.984 15 50 
12.046 15 50 
12.124 15 50 
12.217 15 50 
12.328 15 50 
12.421 15 50 
12.484 15 50 
12.546 15 50 
12.625 15 50 
12.718 15 50 
12.797 15 50 
12.904 15 50 
12.999 15 50 
13.076 15 50 
13.17 15 50 
13.248 15 50 
13.327 15 50 
13.405 15 50 
13.468 15 50 
13.546 15 50 
13.64 15 50 
13.718 15 50 
13.811 15 50 
13.89 15 50 
13.983 15 50 
14.047 15 50 
14.124 15 50 
14.218 15 50 
14.312 15 50 
14.391 15 50 
14.453 15 50 
14.516 15 50 
14.609 15 50 
14.687 15 50 
14.765 15 50 
14.842 15 50 
14.92 15 50 
15.031 15 50 
15.123 15 50 
15.186 15 50 
15.281 15 50 
15.342 15 50 
15.406 15 50 
15.468 15 50 
15.546 15 50 
15.624 15 50 
15.718 15 50 
15.812 15 50 
15.906 15 50 
15.983 15 50 
16.046 15 50 
16.141 15 50 
16.203 15 50 
16.266 15 50 
16.374 15 50 
16.452 15 50 
16.515 15 50 
16.576 15 50 
16.64 15 50 
16.701 15 50 
16.78 15 50 
16.843 15 50 
16.921 15 50 
17.014 15 50 
17.109 15 50 
17.187 15 50 
17.249 15 50 
17.328 15 50 
17.406 15 50 
17.467 15 50 
17.561 15 50 
17.639 15 50 
17.718 15 50 
17.78 15 50 
17.843 15 50 
17.905 15 50 
17.984 15 50 
18.063 15 50 
18.139 15 50 
18.218 15 50 
18.295 15 50 
18.374 15 50 
18.451 15 50 
18.514 15 50 
18.577 15 50 
18.64 15 50 
18.718 15 50 
18.78 15 50 
18.858 15 50 
18.953 15 50 
19.031 15 50 
19.108 15 50 
19.203 15 50 
19.297 15 50 
19.389 15 50 
19.452 15 50 
19.531 15 50 
19.608 15 50 
19.686 15 50 
19.749 15 50 
19.828 15 50 
19.921 15 50 
19.984 15 50 
20.045 15 50 
20.14 15 50 
20.202 15 50 
20.265 15 50 
20.359 15 50 
20.468 15 50 
