0.255 15 50 
0.349 15 50 
0.443 15 50 
0.536 15 50 
0.614 15 50 
0.692 15 50 
0.785 15 50 
0.847 15 50 
0.926 15 50 
1.005 15 50 
1.082 15 50 
1.161 15 50 
1.239 15 50 
1.349 15 50 
1.458 15 50 
1.521 15 50 
1.583 15 50 
1.645 15 50 
1.724 15 50 
1.833 15 50 
1.926 15 50 
2.021 15 50 
2.13 15 50 
2.192 15 50 
2.255 15 50 
2.318 15 50 
2.394 15 50 
2.473 15 50 
2.55 15 50 
2.644 15 50 
2.755 15 50 
2.849 15 50 
2.941 15 50 
3.021 15 50 
3.083 15 50 
3.145 15 50 
3.207 15 50 
3.271 15 50 
3.348 15 50 
3.427 15 50 
3.52 15 50 
3.615 15 50 
3.677 15 50 
3.77 15 50 
3.848 15 50 
3.943 15 50 
4.005 15 50 
4.083 15 50 
4.161 15 50 
4.223 15 50 
4.285 15 50 
4.394 15 50 
4.488 15 50 
4.566 15 50 
4.677 15 50 
4.755 15 50 
4.816 15 50 
4.896 15 50 
4.957 15 50 
5.021 15 50 
5.082 15 50 
5.16 15 50 
5.223 15 50 
5.285 15 50 
5.365 15 50 
5.458 15 50 
5.52 15 50 
5.583 15 50 
5.645 15 50 
5.724 15 50 
5.786 15 50 
5.848 15 50 
5.925 15 50 
6.02 15 50 
6.16 15 50 
6.223 15 50 
6.286 15 50 
6.38 15 50 
6.442 15 50 
6.521 15 50 
6.598 15 50 
6.691 15 50 
6.771 15 50 
6.848 15 50 
6.927 15 50 
6.989 15 50 
7.051 15 50 
7.129 15 50 
7.254 15 50 
7.317 15 50 
7.396 15 50 
7.474 15 50 
7.551 15 50 
7.613 15 50 
7.676 15 50 
7.769 15 50 
7.863 15 50 
7.957 15 50 
8.036 15 50 
8.176 15 50 
8.27 15 50 
8.349 15 50 
8.41 15 50 
8.488 15 50 
8.567 15 50 
8.645 15 50 
8.754 15 50 
8.833 15 50 
8.927 15 50 
8.99 15 50 
9.099 15 50 
9.192 15 50 
9.27 15 50 
9.363 15 50 
9.425 15 50 
9.489 15 50 
9.551 15 50 
9.613 15 50 
9.676 15 50 
9.769 15 50 
9.863 15 50 
9.957 15 50 
10.052 15 50 
10.145 15 50 
10.238 15 50 
10.301 15 50 
10.38 15 50 
10.473 15 50 
10.567 15 50 
10.662 15 50 
10.787 15 50 
10.864 15 50 
10.959 15 50 
11.036 15 50 
11.13 15 50 
11.222 15 50 
11.333 15 50 
11.457 15 50 
11.52 15 50 
11.599 15 50 
11.691 15 50 
11.786 15 50 
11.863 15 50 
11.957 15 50 
12.052 15 50 
12.13 15 50 
12.193 15 50 
12.254 15 50 
12.318 15 50 
12.38 15 50 
12.458 15 50 
12.537 15 50 
12.63 15 50 
12.723 15 50 
12.832 15 50 
12.926 15 50 
13.005 15 50 
13.083 15 50 
13.145 15 50 
13.222 15 50 
13.285 15 50 
13.364 15 50 
13.457 15 50 
13.536 15 50 
13.613 15 50 
13.677 15 50 
13.755 15 50 
13.818 15 50 
13.879 15 50 
13.942 15 50 
14.004 15 50 
14.082 15 50 
14.192 15 50 
14.27 15 50 
14.348 15 50 
14.412 15 50 
14.49 15 50 
14.55 15 50 
14.614 15 50 
14.692 15 50 
14.786 15 50 
14.848 15 50 
14.927 15 50 
15.036 15 50 
15.114 15 50 
15.191 15 50 
15.285 15 50 
15.364 15 50 
15.474 15 50 
15.551 15 50 
15.614 15 50 
15.676 15 50 
15.755 15 50 
15.818 15 50 
15.895 15 50 
15.989 15 50 
16.051 15 50 
16.129 15 50 
16.192 15 50 
16.254 15 50 
16.317 15 50 
16.38 15 50 
16.442 15 50 
16.519 15 50 
16.582 15 50 
16.661 15 50 
16.755 15 50 
16.848 15 50 
16.926 15 50 
16.988 15 50 
17.051 15 50 
17.114 15 50 
17.176 15 50 
17.255 15 50 
17.333 15 50 
17.427 15 50 
17.52 15 50 
17.583 15 50 
17.645 15 50 
17.724 15 50 
17.787 15 50 
17.848 15 50 
17.927 15 50 
18.019 15 50 
18.129 15 50 
18.192 15 50 
18.255 15 50 
18.364 15 50 
18.442 15 50 
18.52 15 50 
18.582 15 50 
18.661 15 50 
18.754 15 50 
18.849 15 50 
18.958 15 50 
19.036 15 50 
19.114 15 50 
19.192 15 50 
19.27 15 50 
19.365 15 50 
19.473 15 50 
19.552 15 50 
19.614 15 50 
19.677 15 50 
19.753 15 50 
19.817 15 50 
19.895 15 50 
19.988 15 50 
20.083 15 50 
20.16 15 50 
20.222 15 50 
20.301 15 50 
