0.7 0.00386297 0.000182001 -0.00301562 0.216959 
0.733333 0.00413078 0.000135119 -0.000578823 0.218937 
0.766667 0.00435844 0.000121397 0.000748095 0.219586 
0.8 0.00457024 6.00277e-005 0.00336216 0.222421 
0.833333 0.00481095 -4.83492e-005 0.00796145 0.229069 
0.866667 0.00485388 -7.93094e-005 0.0101612 0.234347 
0.9 0.00489116 -7.36036e-005 0.0127702 0.24079 
0.933333 0.00503886 -0.000168782 0.0174268 0.250594 
0.966667 0.00501064 -0.00011779 0.0181619 0.25728 
1 0.00513897 -8.19701e-005 0.0185335 0.263783 
1.03333 0.00515673 -2.1177e-005 0.0176305 0.268898 
1.06667 0.00516905 6.26857e-005 0.015138 0.271833 
1.1 0.00517772 0.000127507 0.0109764 0.271966 
1.13333 0.00526485 0.000192404 0.00757845 0.271613 
1.16667 0.00523484 0.000193925 0.00469368 0.270733 
1.2 0.00526562 0.000170631 0.00338759 0.270756 
1.23333 0.00531652 8.34063e-005 0.00473338 0.273474 
1.26667 0.00540438 -2.46775e-005 0.008176 0.279116 
1.3 0.0053828 -0.000102388 0.0107115 0.284834 
1.33333 0.00538912 -0.000171304 0.0142173 0.292543 
1.36667 0.00546193 -0.000218112 0.0172118 0.300817 
1.4 0.00550909 -0.000246302 0.0209614 0.31098 
1.43333 0.0055776 -0.000263315 0.0239292 0.321471 
1.46667 0.00558095 -0.00016271 0.0216072 0.326706 
1.5 0.00552672 -9.71942e-005 0.0190222 0.330857 
1.53333 0.00551634 -2.6527e-005 0.0166008 0.33434 
1.56667 0.00544763 5.02933e-005 0.0125221 0.335058 
1.6 0.00552954 4.30335e-005 0.0107864 0.337184 
1.63333 0.00559398 4.29799e-005 0.00790047 0.337372 
1.66667 0.00559085 6.79645e-005 0.00504214 0.336632 
1.7 0.00562745 -1.5855e-005 0.00400659 0.33709 
1.73333 0.00562483 -0.000139907 0.00519913 0.339833 
1.76667 0.00559253 -0.0002321 0.00680077 0.343457 
1.8 0.00563368 -0.000335493 0.0100249 0.34953 
1.83333 0.00576662 -0.000464791 0.0143455 0.357972 
1.86667 0.00582021 -0.000549998 0.0185704 0.367741 
1.9 0.00593912 -0.000559847 0.0208536 0.376626 
1.93333 0.00599297 -0.000579643 0.0217277 0.384609 
1.96667 0.00603344 -0.000484332 0.0213145 0.391364 
2 0.00603668 -0.000285693 0.0186976 0.39538 
2.03333 0.00601059 -0.000140062 0.0160439 0.39848 
2.06667 0.00604761 -4.82247e-005 0.0135019 0.400827 
2.1 0.00608393 -3.34175e-007 0.010018 0.401215 
2.13333 0.00610599 -5.18312e-006 0.00631078 0.400178 
2.16667 0.00614237 -4.81353e-005 0.00345949 0.398916 
2.2 0.00620583 -0.000168573 0.00338615 0.399982 
2.23333 0.00635336 -0.00031904 0.00552808 0.40364 
2.26667 0.00644423 -0.00046989 0.00707697 0.407311 
2.3 0.00655832 -0.00059199 0.0107406 0.413994 
2.33333 0.00656572 -0.00067111 0.0140993 0.421539 
2.36667 0.00657457 -0.00066129 0.017105 0.429787 
2.4 0.00659987 -0.000659481 0.0195271 0.438348 
2.43333 0.00664119 -0.000602574 0.0211298 0.446749 
2.46667 0.00666707 -0.000495285 0.0209712 0.453605 
2.5 0.00678527 -0.000434674 0.018994 0.458262 
2.53333 0.00688951 -0.00033749 0.0160777 0.46115 
2.56667 0.0068803 -0.00020667 0.0117777 0.461434 
2.6 0.006888 -9.65907e-005 0.00735778 0.460142 
2.63333 0.00690127 -4.94164e-005 0.0040526 0.458693 
2.66667 0.00690213 -4.83742e-005 0.0027128 0.458462 
2.7 0.00687264 -0.000178954 0.00194456 0.45846 
2.73333 0.0069287 -0.000332335 0.00399739 0.461531 
2.76667 0.0070183 -0.000516263 0.00663835 0.465981 
2.8 0.00708443 -0.000606695 0.00943845 0.471499 
2.83333 0.00713703 -0.000712691 0.013432 0.47936 
2.86667 0.00720752 -0.000763367 0.0174115 0.488535 
2.9 0.00720779 -0.000733476 0.0189463 0.49615 
2.93333 0.00722577 -0.000659865 0.0199843 0.503691 
2.96667 0.00725649 -0.000530479 0.0181718 0.508213 
3 0.0072683 -0.000383497 0.0163073 0.512069 
3.03333 0.0073133 -0.000269989 0.0130186 0.513623 
3.06667 0.00741998 -0.000210969 0.00941579 0.513709 
3.1 0.00747457 -0.000173325 0.00588281 0.512677 
3.13333 0.0075132 -0.000186835 0.00378084 0.512157 
3.16667 0.00754115 -0.000192229 0.00243732 0.511831 
3.2 0.00759309 -0.000253996 0.00241374 0.512616 
3.23333 0.00762178 -0.00031014 0.00472934 0.516154 
3.26667 0.00767032 -0.000371539 0.00738646 0.520867 
3.3 0.00766778 -0.000487845 0.0107356 0.527283 
3.33333 0.00770643 -0.000649655 0.015123 0.53604 
3.36667 0.00776892 -0.00076321 0.0181187 0.544618 
3.4 0.00783798 -0.000731993 0.020217 0.553134 
3.43333 0.00791034 -0.000701344 0.0198812 0.559477 
3.46667 0.00791907 -0.000614452 0.0184409 0.564404 
3.5 0.00799273 -0.000476771 0.0167295 0.56853 
3.53333 0.00796752 -0.000398503 0.014302 0.571241 
3.56667 0.00790689 -0.000267242 0.0102084 0.571176 
3.6 0.00788327 -0.000112307 0.00664782 0.570376 
3.63333 0.00794667 -5.3009e-005 0.00482271 0.570437 
3.66667 0.00796674 -8.4246e-005 0.0032041 0.570134 
3.7 0.00795431 -0.000181498 0.00476844 0.573049 
3.73333 0.00796588 -0.00031211 0.0058697 0.575938 
3.76667 0.00803679 -0.00044736 0.00994644 0.582707 
3.8 0.00816198 -0.000561005 0.0139085 0.5907 
3.83333 0.00826591 -0.000702533 0.018062 0.600239 
3.86667 0.00834299 -0.000752883 0.0208704 0.609575 
3.9 0.00843014 -0.000767461 0.0222074 0.61811 
3.93333 0.00848325 -0.000694203 0.0213514 0.624502 
3.96667 0.00856185 -0.000569245 0.0184606 0.628207 
4 0.00854685 -0.000460003 0.016017 0.631476 
4.03333 0.00858831 -0.000356495 0.013732 0.634117 
4.06667 0.00864045 -0.000225333 0.00970639 0.633943 
4.1 0.00867698 -0.000190178 0.0078444 0.63498 
4.13333 0.0086898 -0.000196402 0.00666842 0.636207 
4.16667 0.00868213 -0.000249689 0.00707787 0.638913 
4.2 0.00866298 -0.000345304 0.00776076 0.642078 
4.23333 0.00867183 -0.000488067 0.00902711 0.64616 
4.26667 0.00874511 -0.000564594 0.0119714 0.652645 
4.3 0.00894198 -0.000657511 0.016414 0.661879 
4.33333 0.00905911 -0.00071196 0.0198878 0.671452 
4.36667 0.00913913 -0.0007643 0.0232617 0.682064 
4.4 0.00919348 -0.000693294 0.0240205 0.690713 
4.43333 0.00924119 -0.000587814 0.0231116 0.697647 
4.46667 0.00927388 -0.000461202 0.0208249 0.702652 
4.5 0.00935299 -0.00037493 0.0179041 0.706145 
4.53333 0.00930834 -0.000300777 0.013761 0.707223 
4.56667 0.00935801 -0.000256505 0.010432 0.70788 
4.6 0.00938091 -0.000269699 0.00786527 0.708327 
4.63333 0.00949961 -0.000334762 0.00921694 0.712545 
4.66667 0.00956818 -0.000425282 0.0120909 0.719009 
4.7 0.00961002 -0.000539485 0.016089 0.727759 
4.73333 0.00970509 -0.000680993 0.019421 0.737056 
4.76667 0.00974376 -0.000830059 0.0223432 0.746979 
4.8 0.00976015 -0.000866732 0.0257598 0.75846 
4.83333 0.00971012 -0.000826231 0.0266075 0.768047 
4.86667 0.00970972 -0.000762671 0.0269397 0.777308 
4.9 0.00974696 -0.000680452 0.0262603 0.785486 
4.93333 0.00980617 -0.000611061 0.0249852 0.792735 
4.96667 0.0097993 -0.000492837 0.0220897 0.797645 
5 0.00980079 -0.00038586 0.0180371 0.800224 
5.03333 0.00968256 -0.000319046 0.0137168 0.801137 
5.06667 0.00963269 -0.000362779 0.0108349 0.802307 
5.1 0.0095549 -0.000433782 0.00942667 0.804256 
5.13333 0.00951568 -0.00058509 0.0103789 0.808522 
5.16667 0.0095919 -0.00067954 0.0127412 0.814771 
5.2 0.00960476 -0.000778738 0.0173585 0.824468 
5.23333 0.00957971 -0.00085023 0.0207163 0.834218 
5.26667 0.00967761 -0.000915437 0.0250167 0.8462 
5.3 0.00969809 -0.000944897 0.0264275 0.856204 
5.33333 0.00981309 -0.000917542 0.0277764 0.866606 
5.36667 0.00979774 -0.000866225 0.0258678 0.873612 
5.4 0.00982434 -0.000772669 0.0224497 0.878199 
5.43333 0.00990586 -0.000700193 0.0179387 0.880358 
5.46667 0.00991337 -0.000598066 0.0139936 0.88168 
5.5 0.00997848 -0.000540329 0.0114528 0.883345 
5.53333 0.010029 -0.00056461 0.0109551 0.886575 
5.56667 0.0100607 -0.000562652 0.0103487 0.889511 
5.6 0.0101238 -0.000709146 0.010861 0.893566 
5.63333 0.010107 -0.000821505 0.0135502 0.90036 
5.66667 0.0101171 -0.000903754 0.0175115 0.909553 
5.7 0.0101323 -0.00102548 0.0209625 0.919464 
5.73333 0.0102062 -0.00110912 0.0247368 0.930907 
5.76667 0.010242 -0.00116845 0.0278191 0.942791 
5.8 0.0102698 -0.00112559 0.0298192 0.954425 
5.83333 0.0103758 -0.00103811 0.0296804 0.964201 
5.86667 0.0105599 -0.000897634 0.0283556 0.972531 
5.9 0.010558 -0.00081262 0.0249332 0.977943 
5.93333 0.0106275 -0.000728146 0.0200933 0.98054 
5.96667 0.0106593 -0.000639456 0.0148654 0.981067 
6 0.010544 -0.00063326 0.0109958 0.981454 
6.03333 0.010599 -0.00066949 0.0114756 0.985686 
6.06667 0.0105101 -0.000758144 0.0129074 0.991201 
6.1 0.0104806 -0.000841975 0.0148316 0.997775 
6.13333 0.0105138 -0.000963893 0.0180493 1.00652 
6.16667 0.0103862 -0.00106534 0.0224309 1.01771 
6.2 0.0104102 -0.00119373 0.0255664 1.02888 
6.23333 0.0103572 -0.00115214 0.0275895 1.03979 
6.26667 0.010368 -0.0011118 0.0267184 1.04796 
6.3 0.010416 -0.00107005 0.0261994 1.05626 
6.33333 0.0103965 -0.00093961 0.0253922 1.06404 
