0.249 20 -20 
0.343 20 -20 
0.438 20 -20 
0.563 20 -20 
0.64 20 -20 
0.717 20 -20 
0.796 20 -20 
0.873 20 -20 
0.967 20 -20 
1.062 20 -20 
1.156 20 -20 
1.217 20 -20 
1.296 20 -20 
1.359 20 -20 
1.437 20 -20 
1.531 20 -20 
1.64 20 -20 
1.75 20 -20 
1.827 20 -20 
1.891 20 -20 
1.952 20 -20 
2.016 20 -20 
2.077 20 -20 
2.188 20 -20 
2.265 20 -20 
2.359 20 -20 
2.42 20 -20 
2.499 20 -20 
2.562 20 -20 
2.64 20 -20 
2.718 20 -20 
2.781 20 -20 
2.858 20 -20 
2.936 20 -20 
3.031 20 -20 
3.125 20 -20 
3.233 20 -20 
3.327 20 -20 
3.39 20 -20 
3.483 20 -20 
3.546 20 -20 
3.609 20 -20 
3.688 20 -20 
3.765 20 -20 
3.859 20 -20 
3.922 20 -20 
3.985 20 -20 
4.047 20 -20 
4.123 20 -20 
4.202 20 -20 
4.296 20 -20 
4.39 20 -20 
4.484 20 -20 
4.561 20 -20 
4.625 20 -20 
4.718 20 -20 
4.78 20 -20 
4.859 20 -20 
4.921 20 -20 
4.983 20 -20 
5.061 20 -20 
5.155 20 -20 
5.219 20 -20 
5.297 20 -20 
5.375 20 -20 
5.453 20 -20 
5.546 20 -20 
5.609 20 -20 
5.687 20 -20 
5.782 20 -20 
5.858 20 -20 
5.952 20 -20 
6.015 20 -20 
6.108 20 -20 
6.218 20 -20 
6.28 20 -20 
6.359 20 -20 
6.452 20 -20 
6.53 20 -20 
6.593 20 -20 
6.686 20 -20 
6.749 20 -20 
6.811 20 -20 
6.875 20 -20 
6.969 20 -20 
7.063 20 -20 
7.171 20 -20 
7.25 20 -20 
7.327 20 -20 
7.391 20 -20 
7.468 20 -20 
7.531 20 -20 
7.609 20 -20 
7.687 20 -20 
7.764 20 -20 
7.828 20 -20 
7.921 20 -20 
8.014 20 -20 
8.108 20 -20 
8.186 20 -20 
8.25 20 -20 
8.312 20 -20 
8.39 20 -20 
8.452 20 -20 
8.53 20 -20 
8.593 20 -20 
8.655 20 -20 
8.718 20 -20 
8.797 20 -20 
8.874 20 -20 
8.969 20 -20 
9.047 20 -20 
9.124 20 -20 
9.219 20 -20 
9.281 20 -20 
9.358 20 -20 
9.42 20 -20 
9.484 20 -20 
9.546 20 -20 
9.608 20 -20 
9.67 20 -20 
9.78 20 -20 
9.858 20 -20 
9.922 20 -20 
9.984 20 -20 
10.062 20 -20 
10.124 20 -20 
10.186 20 -20 
10.264 20 -20 
10.359 20 -20 
10.422 20 -20 
10.5 20 -20 
10.563 20 -20 
10.641 20 -20 
10.733 20 -20 
10.828 20 -20 
10.938 20 -20 
11.031 20 -20 
11.108 20 -20 
11.203 20 -20 
11.296 20 -20 
11.359 20 -20 
11.437 20 -20 
11.531 20 -20 
11.639 20 -20 
11.717 20 -20 
11.796 20 -20 
11.905 20 -20 
11.983 20 -20 
12.047 20 -20 
12.14 20 -20 
12.218 20 -20 
12.296 20 -20 
12.39 20 -20 
12.483 20 -20 
12.594 20 -20 
12.655 20 -20 
12.718 20 -20 
12.781 20 -20 
12.843 20 -20 
12.921 20 -20 
12.999 20 -20 
13.093 20 -20 
13.187 20 -20 
13.264 20 -20 
13.327 20 -20 
13.389 20 -20 
13.468 20 -20 
13.547 20 -20 
13.609 20 -20 
13.687 20 -20 
13.765 20 -20 
13.844 20 -20 
13.922 20 -20 
14 20 -20 
14.108 20 -20 
14.188 20 -20 
14.25 20 -20 
14.313 20 -20 
14.39 20 -20 
14.452 20 -20 
14.546 20 -20 
14.623 20 -20 
