0.066667 0.008760 0.021157 -0.159257 0.216666 0.707273 0.227800 
0.100000 0.010823 0.029203 -0.385128 0.238019 0.707380 0.228890 
0.133333 0.019330 0.034926 -0.683968 0.212202 0.707101 0.230104 
0.166667 0.031794 0.022329 -0.665333 0.178513 0.708630 0.231686 
0.200000 0.037259 0.004482 -0.483465 0.152940 0.708806 0.232676 
0.233333 0.033351 -0.005713 -0.377497 0.169399 0.711315 0.231255 
0.266667 0.028049 -0.008118 -0.246310 0.139504 0.711679 0.232253 
0.300000 0.030892 -0.013368 0.136239 0.122748 0.712095 0.232352 
0.333333 0.041041 -0.020130 0.626432 0.151828 0.714284 0.230966 
0.366667 0.048323 -0.023619 0.893165 0.174638 0.714585 0.230904 
0.400000 0.042575 -0.024410 0.871094 0.215624 0.718049 0.230873 
0.433333 0.030345 -0.014578 0.740607 0.235156 0.718575 0.229934 
0.466667 0.026644 0.008856 0.557663 0.243874 0.719285 0.229669 
0.500000 0.037852 0.034155 0.208425 0.284420 0.720212 0.230929 
0.533333 0.054164 0.044477 -0.193033 0.280800 0.721268 0.232376 
0.566667 0.063088 0.031437 -0.353173 0.242911 0.722318 0.235584 
0.600000 0.058672 0.003389 -0.326851 0.249096 0.724920 0.235930 
0.633333 0.042413 -0.012819 -0.439936 0.238217 0.727241 0.236075 
0.666667 0.028748 -0.010363 -0.694882 0.227384 0.726995 0.235545 
0.700000 0.026444 -0.002359 -0.681170 0.197828 0.729308 0.235066 
0.733333 0.035406 -0.003150 -0.161321 0.151524 0.728958 0.236980 
0.766667 0.048987 -0.011254 0.538307 0.184934 0.730726 0.235604 
0.800000 0.055081 -0.012766 0.962100 0.213025 0.733035 0.235508 
0.833333 0.046176 -0.011548 1.029790 0.244502 0.734757 0.235691 
0.866667 0.027326 -0.014379 0.876994 0.274551 0.736061 0.236548 
0.900000 0.014615 -0.015434 0.600947 0.309340 0.737018 0.234983 
0.933333 0.023749 -0.006548 0.285038 0.314410 0.737160 0.235465 
0.966667 0.047211 0.009531 -0.000323 0.319828 0.737432 0.234697 
1.000000 0.060165 0.024210 -0.195700 0.327591 0.740510 0.237059 
1.033330 0.055761 0.033251 -0.263690 0.296561 0.742593 0.238676 
1.066670 0.054632 0.029319 -0.305805 0.300627 0.741828 0.239249 
1.100000 0.060849 0.014369 -0.424665 0.297687 0.744611 0.241682 
1.133330 0.064768 -0.007068 -0.476076 0.270253 0.747178 0.242089 
1.166670 0.063345 -0.029098 -0.278068 0.252226 0.747827 0.241736 
1.200000 0.055328 -0.042135 0.085946 0.251759 0.751713 0.241755 
1.233330 0.044282 -0.039117 0.422501 0.263816 0.753239 0.239591 
1.266670 0.041856 -0.023146 0.678824 0.287086 0.754568 0.239652 
1.300000 0.050388 -0.003104 0.837208 0.292356 0.755587 0.239253 
1.333330 0.058789 0.007982 0.800684 0.351285 0.758545 0.239986 
1.366670 0.062840 0.011995 0.560282 0.358370 0.759589 0.241858 
1.400000 0.065356 0.012184 0.224558 0.367725 0.761047 0.242368 
1.433330 0.061376 0.016370 -0.096750 0.391690 0.763488 0.243120 
1.466670 0.047351 0.023800 -0.295937 0.354160 0.765880 0.245437 
1.500000 0.037194 0.016225 -0.357936 0.360604 0.765136 0.245843 
1.533330 0.035887 -0.000116 -0.386069 0.343832 0.766362 0.247463 
1.566670 0.040362 -0.009981 -0.427409 0.330933 0.769164 0.247112 
1.600000 0.052892 -0.009337 -0.423240 0.316212 0.769070 0.246093 
1.633330 0.071498 -0.011358 -0.259783 0.305735 0.771299 0.248233 
1.666670 0.080981 -0.017753 0.147300 0.297366 0.774400 0.247893 
1.700000 0.072371 -0.013457 0.633382 0.297323 0.777460 0.248226 
1.733330 0.053623 0.001386 0.873250 0.349394 0.779173 0.247398 
1.766670 0.039898 0.008542 0.869997 0.390241 0.781146 0.249513 
1.800000 0.040278 -0.004447 0.843167 0.362133 0.780689 0.250836 
1.833330 0.052557 -0.025134 0.695411 0.449229 0.782829 0.249565 
1.866670 0.066500 -0.019468 0.292659 0.443705 0.785719 0.249736 
1.900000 0.069511 0.004125 -0.111005 0.447966 0.787596 0.250471 
1.933330 0.062810 0.025635 -0.267382 0.434428 0.789685 0.252258 
1.966670 0.056668 0.030252 -0.309787 0.416949 0.790739 0.254222 
2.000000 0.058986 0.016571 -0.466934 0.434508 0.791684 0.255315 
2.033330 0.062914 -0.001355 -0.691531 0.387748 0.793814 0.256912 
2.066670 0.061831 -0.020482 -0.740725 0.377286 0.796013 0.256952 
2.100000 0.058451 -0.030581 -0.437167 0.348804 0.798411 0.257224 
2.133330 0.061981 -0.029957 0.175770 0.329658 0.800229 0.256105 
2.166670 0.072082 -0.022394 0.784853 0.362242 0.802307 0.256509 
2.200000 0.079851 -0.008231 1.056249 0.391190 0.805526 0.256521 
2.233330 0.077326 0.005393 0.977479 0.443894 0.807941 0.258019 
2.266670 0.067259 0.015939 0.746756 0.443897 0.809967 0.259053 
2.300000 0.057780 0.010437 0.441270 0.486949 0.811240 0.261018 
2.333330 0.053809 0.000868 0.076459 0.490950 0.812990 0.262125 
2.366670 0.058348 0.000207 -0.214259 0.484964 0.814268 0.262156 
2.400000 0.067220 0.011275 -0.349130 0.466311 0.816550 0.263239 
2.433330 0.076145 0.015709 -0.419390 0.469324 0.818623 0.265155 
2.466670 0.083729 0.006415 -0.496619 0.439445 0.819453 0.267224 
2.500000 0.087330 -0.011684 -0.508630 0.439567 0.823649 0.267861 
2.533330 0.081738 -0.019624 -0.373494 0.400191 0.825581 0.268357 
2.566670 0.068548 -0.024608 -0.136675 0.406757 0.829231 0.268890 
2.600000 0.062298 -0.025091 0.162468 0.410319 0.830741 0.269511 
2.633330 0.069096 -0.019280 0.573069 0.407926 0.832398 0.267884 
2.666670 0.074197 -0.011397 0.974441 0.429979 0.835851 0.269976 
2.700000 0.066200 -0.007136 1.093654 0.495181 0.838097 0.270472 
2.733330 0.057720 0.000877 0.878554 0.507412 0.839860 0.271135 
2.766670 0.065898 0.009013 0.474378 0.537614 0.840918 0.272478 
2.800000 0.087850 0.016180 0.014130 0.552003 0.842966 0.273099 
2.833330 0.103187 0.018140 -0.331104 0.539374 0.845524 0.276797 
2.866670 0.099968 0.010895 -0.435350 0.517512 0.848755 0.278435 
2.900000 0.084538 -0.002871 -0.407162 0.508530 0.850796 0.280332 
2.933330 0.069884 -0.011991 -0.415585 0.500101 0.853616 0.281341 
2.966670 0.066163 -0.011396 -0.399392 0.487607 0.855623 0.281258 
3.000000 0.074216 -0.006303 -0.188808 0.463122 0.857478 0.282461 
3.033330 0.081746 -0.007841 0.156637 0.464992 0.859667 0.283541 
3.066670 0.075801 -0.016425 0.409329 0.484459 0.863339 0.284421 
3.100000 0.061856 -0.024035 0.540581 0.503463 0.865128 0.285545 
3.133330 0.058235 -0.022999 0.706873 0.508282 0.867047 0.284541 
3.166670 0.068689 -0.014694 0.883194 0.542680 0.869011 0.285421 
3.200000 0.081095 -0.002999 0.826417 0.572500 0.871536 0.286504 
3.233330 0.084901 0.003704 0.448927 0.608671 0.874277 0.288111 
3.266670 0.083244 0.006622 -0.007700 0.607001 0.875879 0.290518 
3.300000 0.082750 0.009588 -0.273006 0.588993 0.877775 0.291455 
3.333330 0.084269 0.012288 -0.327913 0.595564 0.881132 0.293347 
3.366670 0.085925 0.012400 -0.320482 0.565719 0.881771 0.295807 
3.400000 0.086697 0.001011 -0.385537 0.571597 0.884570 0.297412 
3.433330 0.082389 -0.007924 -0.503935 0.554493 0.887448 0.298693 
3.466670 0.074533 -0.009861 -0.474751 0.531764 0.889637 0.300027 
3.500000 0.068372 -0.010555 -0.146220 0.516630 0.891819 0.300120 
3.533330 0.066148 -0.017890 0.357493 0.517699 0.893931 0.301868 
3.566670 0.068293 -0.028024 0.730173 0.539895 0.896049 0.302176 
3.600000 0.076653 -0.028120 0.814217 0.582201 0.898753 0.301899 
3.633330 0.091353 -0.014579 0.740098 0.592968 0.901992 0.302506 
3.666670 0.102860 -0.003997 0.649801 0.616231 0.903505 0.305321 
3.700000 0.103751 -0.000111 0.491834 0.644016 0.907994 0.306801 
3.733330 0.094337 0.002771 0.210726 0.651964 0.909626 0.308471 
3.766670 0.081253 0.002808 -0.085269 0.660760 0.912268 0.311544 
3.800000 0.071784 0.005776 -0.260557 0.640895 0.913986 0.312141 
3.833330 0.067842 0.010406 -0.333122 0.635565 0.915689 0.313392 
3.866670 0.066405 0.010627 -0.392323 0.631895 0.917715 0.316202 
3.900000 0.066948 0.005915 -0.424794 0.605534 0.918125 0.317134 
3.933330 0.071045 0.001553 -0.354501 0.601409 0.921282 0.318302 
3.966670 0.079357 0.000140 -0.150490 0.584193 0.922780 0.319861 
4.000000 0.092007 -0.011326 0.145614 0.587129 0.925133 0.321268 
4.033330 0.099460 -0.030158 0.426149 0.592640 0.927092 0.322954 
4.066670 0.090429 -0.039340 0.608700 0.623395 0.933040 0.323773 
4.100000 0.076048 -0.023914 0.701242 0.629941 0.934475 0.323679 
4.133330 0.070339 -0.004318 0.719883 0.666611 0.936798 0.324671 
4.166670 0.072624 0.002704 0.641648 0.682919 0.938375 0.327180 
4.200000 0.075960 -0.003655 0.462911 0.705858 0.940343 0.328533 
4.233330 0.083190 -0.006362 0.236386 0.719303 0.942721 0.329896 
4.266670 0.094236 0.001636 0.036677 0.717124 0.944528 0.330835 
4.300000 0.099044 0.009858 -0.106222 0.720475 0.947540 0.334701 
4.333330 0.092980 0.010721 -0.221437 0.712604 0.949362 0.336061 
4.366670 0.085272 0.004808 -0.355819 0.701359 0.951326 0.339464 
4.400000 0.087493 -0.003158 -0.491925 0.696376 0.953749 0.339679 
4.433330 0.100125 -0.012410 -0.484615 0.671349 0.955938 0.342113 
4.466670 0.112078 -0.025235 -0.187706 0.653716 0.958471 0.344472 
4.500000 0.114505 -0.031971 0.339441 0.658612 0.963900 0.345313 
4.533330 0.111654 -0.024560 0.827860 0.671967 0.966350 0.346491 
4.566670 0.108758 -0.013823 1.025906 0.721272 0.969570 0.349100 
4.600000 0.106306 -0.001370 0.932750 0.751797 0.973074 0.350745 
4.633330 0.103410 0.009428 0.710554 0.769835 0.974770 0.353624 
4.666670 0.102038 0.014388 0.410069 0.797540 0.977208 0.356308 
4.700000 0.102630 0.015484 0.021058 0.804642 0.979282 0.358799 
4.733330 0.105143 0.011021 -0.319813 0.806587 0.980790 0.362259 
4.766670 0.107935 0.007091 -0.488740 0.762776 0.983711 0.364195 
4.800000 0.110183 -0.006196 -0.539815 0.778956 0.985722 0.367524 
4.833330 0.114209 -0.018427 -0.431830 0.749952 0.989504 0.369275 
4.866670 0.122724 -0.032292 -0.024404 0.725570 0.991704 0.371827 
4.900000 0.124635 -0.040899 0.457419 0.732659 0.996106 0.372661 
4.933330 0.108452 -0.037983 0.597037 0.781690 1.001420 0.375597 
4.966670 0.089648 -0.021495 0.473867 0.793394 1.003490 0.376511 
5.000000 0.085087 -0.006878 0.499333 0.781280 1.004900 0.377825 
5.033330 0.093122 -0.000520 0.700997 0.821094 1.007860 0.380833 
5.066670 0.105776 0.009476 0.735978 0.840710 1.010330 0.382367 
5.100000 0.119337 0.014855 0.430326 0.870834 1.011420 0.385588 
5.133330 0.126796 0.009475 -0.014449 0.884581 1.014740 0.389975 
5.166670 0.120856 0.002749 -0.303984 0.849006 1.015790 0.392573 
5.200000 0.104721 -0.003514 -0.383786 0.863086 1.020410 0.396238 
5.233330 0.092261 0.002476 -0.372765 0.834736 1.021760 0.397582 
5.266670 0.091457 0.001996 -0.336510 0.827403 1.022510 0.399884 
5.300000 0.093713 -0.007594 -0.222351 0.826619 1.025900 0.403313 
5.333330 0.094155 -0.015569 0.051408 0.804913 1.028430 0.404324 
5.366670 0.098338 -0.019936 0.417801 0.814076 1.029730 0.406272 
5.400000 0.106059 -0.022438 0.732858 0.860840 1.034580 0.408608 
5.433330 0.108465 -0.017587 0.938043 0.844305 1.035190 0.409776 
5.466670 0.096453 -0.022921 0.962184 0.920992 1.039960 0.414584 
5.500000 0.088741 -0.017070 0.764991 0.929689 1.041920 0.414369 
5.533330 0.098547 -0.006530 0.442606 0.954258 1.042210 0.416807 
5.566670 0.111040 0.008260 0.099549 0.962556 1.046610 0.419564 
5.600000 0.107213 0.016188 -0.153306 0.972539 1.047610 0.424287 
5.633330 0.095332 0.015440 -0.227520 0.936351 1.048050 0.426485 
5.666670 0.093377 0.003031 -0.242320 0.950222 1.050840 0.429115 
5.700000 0.099921 -0.006224 -0.332522 0.945208 1.051800 0.431510 
5.733330 0.106374 -0.012715 -0.361343 0.919681 1.054690 0.434395 
5.766670 0.111604 -0.022621 -0.140279 0.914318 1.057520 0.437291 
5.800000 0.120359 -0.030334 0.259772 0.907551 1.059600 0.438921 
5.833330 0.125183 -0.034651 0.591511 0.930299 1.063800 0.441612 
5.866670 0.117690 -0.032926 0.725690 0.962479 1.067800 0.445291 
5.900000 0.104736 -0.024250 0.745408 0.970606 1.069190 0.446866 
5.933330 0.092944 -0.016548 0.754453 1.009840 1.073010 0.449194 
5.966670 0.083359 -0.005674 0.732463 1.022260 1.073800 0.452054 
6.000000 0.078645 -0.002389 0.702957 1.053580 1.076050 0.454358 
