0.7 0.0078515 0.000100995 -0.0118041 -0.197283 
0.733333 0.00837282 2.61256e-005 -0.00939906 -0.201283 
0.766667 0.00877486 -0.000149426 -0.00728252 -0.202958 
0.8 0.00908103 -0.000295515 -0.00119729 -0.198083 
0.833333 0.00931841 -0.000506915 0.00547098 -0.190612 
0.866667 0.00956136 -0.000628362 0.0119244 -0.180961 
0.9 0.00979912 -0.000639212 0.0177803 -0.169955 
0.933333 0.0100334 -0.000551359 0.0174378 -0.164405 
0.966667 0.0101505 -0.000484363 0.0164385 -0.15975 
1 0.0102723 -0.000387989 0.012314 -0.159137 
1.03333 0.0103915 -0.000248321 0.00591093 -0.162594 
1.06667 0.0105 -0.000136131 -0.000552027 -0.168254 
1.1 0.0106468 7.49959e-005 -0.00770863 -0.176888 
1.13333 0.0106982 0.000192306 -0.0131108 -0.185836 
1.16667 0.0107788 0.000170387 -0.0131804 -0.190288 
1.2 0.0109075 5.91689e-005 -0.0115111 -0.192711 
1.23333 0.011039 -5.82381e-005 -0.00840523 -0.192882 
1.26667 0.0111879 -0.000158253 -0.00281035 -0.189079 
1.3 0.0113223 -0.000351624 0.00464239 -0.181219 
1.33333 0.0114548 -0.000621605 0.011806 -0.171215 
1.36667 0.0115459 -0.000778871 0.0182171 -0.159711 
1.4 0.0117242 -0.000870765 0.019893 -0.151661 
1.43333 0.0120027 -0.000758741 0.0196605 -0.145304 
1.46667 0.0121679 -0.000626719 0.0160005 -0.143071 
1.5 0.0123513 -0.000458744 0.0117608 -0.142742 
1.53333 0.0125369 -0.000236866 0.00352946 -0.148539 
1.56667 0.012721 4.63341e-005 -0.00448825 -0.156827 
1.6 0.0128517 0.000296575 -0.01026 -0.165136 
1.63333 0.0130073 0.000368375 -0.0138308 -0.172772 
1.66667 0.0130969 0.000231032 -0.0136005 -0.17711 
1.7 0.0132285 6.97918e-005 -0.0107738 -0.178307 
1.73333 0.0134287 -0.000173085 -0.00697597 -0.177415 
1.76667 0.0136162 -0.000309696 -0.000150574 -0.171683 
1.8 0.0137563 -0.000502845 0.00767988 -0.16249 
1.83333 0.0138635 -0.00078986 0.0147451 -0.151589 
1.86667 0.0139838 -0.000973754 0.0212856 -0.138954 
1.9 0.0141176 -0.00098242 0.0227754 -0.1301 
1.93333 0.0141672 -0.000881019 0.0219567 -0.123474 
1.96667 0.0141514 -0.000699819 0.0180585 -0.120757 
2 0.014166 -0.000544519 0.0135747 -0.120031 
2.03333 0.0141388 -0.000369442 0.00778953 -0.122335 
2.06667 0.0142097 -9.905e-005 -2.76278e-005 -0.128966 
2.1 0.0142879 8.34652e-005 -0.00665732 -0.136802 
2.13333 0.0143143 0.000139995 -0.0110802 -0.144242 
2.16667 0.0142122 9.8931e-005 -0.0105831 -0.147348 
2.2 0.0143193 -6.04631e-005 -0.00869944 -0.148652 
2.23333 0.0143903 -0.000238122 -0.00310107 -0.144944 
2.26667 0.0143385 -0.000488194 0.00524478 -0.136125 
2.3 0.0143811 -0.000770584 0.0111964 -0.127351 
2.33333 0.0145473 -0.00105991 0.0173523 -0.116353 
2.36667 0.0146717 -0.00124042 0.019822 -0.107653 
2.4 0.0148182 -0.00118163 0.0213673 -0.0992215 
2.43333 0.0149734 -0.00107181 0.0185065 -0.0954762 
2.46667 0.0150855 -0.000847373 0.0173518 -0.0906703 
2.5 0.0151955 -0.000653815 0.010443 -0.093042 
2.53333 0.0153422 -0.000411868 0.00326753 -0.0980314 
2.56667 0.0155509 -8.82584e-005 -0.00325313 -0.10464 
2.6 0.015539 0.00014108 -0.00869515 -0.112148 
2.63333 0.0156342 0.000182765 -0.00935556 -0.115826 
2.66667 0.0157694 3.58354e-005 -0.0105321 -0.120333 
2.7 0.0159612 -0.000171803 -0.00886253 -0.121873 
2.73333 0.0161259 -0.000379868 -0.0048883 -0.120136 
2.76667 0.0163402 -0.000554644 -0.000829851 -0.116975 
2.8 0.0165763 -0.000854794 0.00674681 -0.108307 
2.83333 0.0167207 -0.00111306 0.0133197 -0.0982992 
2.86667 0.0167552 -0.00122308 0.018497 -0.0877478 
2.9 0.0169164 -0.00116195 0.0189344 -0.0810658 
2.93333 0.0169228 -0.00102586 0.0185377 -0.0752226 
2.96667 0.0169978 -0.000844728 0.0149932 -0.0732276 
3 0.0171921 -0.000612201 0.00876507 -0.0755818 
3.03333 0.017288 -0.000387828 0.00307267 -0.0793798 
3.06667 0.0173335 -0.000109658 -0.00264146 -0.0851009 
3.1 0.0174807 6.73031e-005 -0.00857891 -0.0929903 
3.13333 0.0177144 6.37419e-005 -0.0118717 -0.099737 
3.16667 0.0178348 -5.33608e-005 -0.0116964 -0.103487 
3.2 0.0179449 -0.000284954 -0.0120432 -0.107795 
3.23333 0.0180645 -0.000508947 -0.0073539 -0.106274 
3.26667 0.0181782 -0.000768718 -0.0012402 -0.101509 
3.3 0.0182615 -0.000944102 0.00474989 -0.0948509 
3.33333 0.0185039 -0.00113127 0.0106944 -0.0862504 
3.36667 0.018644 -0.00112103 0.013592 -0.0792651 
3.4 0.0187181 -0.000996506 0.0168178 -0.0709266 
3.43333 0.0187872 -0.000786381 0.0156824 -0.0666609 
3.46667 0.0187889 -0.000618525 0.0125327 -0.0651515 
3.5 0.0188521 -0.000341722 0.0076584 -0.0667278 
3.53333 0.0188301 -1.21038e-005 0.00122657 -0.0717676 
3.56667 0.0188678 0.000275922 -0.00478821 -0.0784589 
3.6 0.0189532 0.000429126 -0.00950207 -0.0856195 
3.63333 0.018959 0.000368149 -0.0121634 -0.0919284 
3.66667 0.0190153 0.000266139 -0.0124056 -0.0962688 
3.7 0.0190078 6.85985e-005 -0.0107781 -0.0984829 
3.73333 0.0191238 -0.000225147 -0.00547744 -0.0958183 
3.76667 0.019244 -0.00044291 0.000369687 -0.0907418 
3.8 0.0192803 -0.000715972 0.00685659 -0.0829611 
3.83333 0.0192725 -0.000844786 0.0144459 -0.0717166 
3.86667 0.0192144 -0.000818125 0.0182713 -0.0623855 
3.9 0.0192465 -0.000664991 0.019591 -0.0547373 
3.93333 0.019283 -0.000380444 0.0182959 -0.0497357 
3.96667 0.0192643 -0.000198536 0.0153887 -0.0470689 
4 0.01926 4.86012e-005 0.0103864 -0.0478444 
4.03333 0.0192492 0.000216128 0.00388369 -0.0520585 
4.06667 0.0192888 0.000467916 -0.00218086 -0.0579229 
4.1 0.019305 0.000452455 -0.00754846 -0.0649861 
4.13333 0.0194256 0.000430433 -0.0107662 -0.0713007 
4.16667 0.0195477 0.000214956 -0.00869507 -0.0724445 
4.2 0.0197235 5.35199e-005 -0.0058798 -0.0720195 
4.23333 0.0198608 -0.0002551 -0.000987353 -0.0682041 
4.26667 0.0199533 -0.000492726 0.00473198 -0.0617818 
4.3 0.0199984 -0.000706093 0.0105972 -0.0532808 
4.33333 0.0200532 -0.000866149 0.0164477 -0.0428422 
4.36667 0.0201503 -0.00093727 0.0208532 -0.0321591 
4.4 0.0201713 -0.000824197 0.0216945 -0.0242149 
4.43333 0.0202787 -0.000542727 0.0206052 -0.0182693 
4.46667 0.0202838 -0.000168825 0.0174575 -0.0151165 
4.5 0.0202501 8.96698e-005 0.0129306 -0.0146413 
4.53333 0.0202712 0.000321404 0.00586319 -0.0186738 
4.56667 0.0202882 0.000515092 -0.0015372 -0.0254553 
4.6 0.0202455 0.000576954 -0.00693951 -0.0323449 
4.63333 0.0203539 0.000528287 -0.0091221 -0.0372346 
4.66667 0.0204499 0.000336878 -0.00798115 -0.0389284 
4.7 0.0205359 0.000129357 -0.00499154 -0.0380597 
4.73333 0.0206331 -9.52631e-005 -0.000607782 -0.0345487 
4.76667 0.0207015 -0.000340024 0.00650401 -0.0263561 
4.8 0.020796 -0.000621738 0.0128251 -0.0167263 
4.83333 0.0208749 -0.000717084 0.0199938 -0.00398884 
4.86667 0.0209627 -0.000741816 0.0243509 0.00781909 
4.9 0.0210575 -0.000605021 0.0244457 0.016048 
4.93333 0.0211059 -0.000434288 0.0214206 0.0206255 
4.96667 0.0211328 -0.000207332 0.0169929 0.022539 
5 0.0212123 -1.75858e-005 0.011231 0.0214016 
5.03333 0.0212496 0.000166134 0.00592329 0.0188797 
5.06667 0.0213646 0.000379171 -0.0007788 0.0129426 
5.1 0.0214294 0.000463399 -0.00637935 0.00607177 
5.13333 0.0215884 0.000348139 -0.00801329 0.00201652 
5.16667 0.0216635 0.000151067 -0.00782304 -0.000429999 
5.2 0.0217726 -0.000110293 -0.00648011 -0.0014524 
5.23333 0.0218533 -0.000330624 -0.00233906 0.00127591 
5.26667 0.0219321 -0.000504018 0.0033564 0.00721949 
5.3 0.0219774 -0.000719272 0.0102495 0.0164753 
5.33333 0.0219983 -0.000892061 0.0182981 0.0293928 
5.36667 0.0218997 -0.000894548 0.0225438 0.0405042 
5.4 0.0219165 -0.000755177 0.0232252 0.0488231 
5.43333 0.0219403 -0.000527836 0.0213513 0.0543527 
5.46667 0.0219155 -0.000260201 0.0175079 0.0569329 
5.5 0.0219726 -2.91371e-005 0.0114274 0.0555911 
5.53333 0.0219732 0.000208643 0.00488528 0.0516775 
5.56667 0.0219897 0.000375661 -0.00258022 0.0444932 
5.6 0.0220619 0.000472793 -0.0093739 0.0356134 
