0.7 0.00686827 6.03961e-005 -0.0139774 -0.48313 
0.733333 0.00736803 1.41755e-005 -0.0149665 -0.491437 
0.766667 0.00778867 -0.000101179 -0.0138799 -0.496217 
0.8 0.00830458 -0.000282861 -0.010162 -0.496952 
0.833333 0.00864057 -0.000512863 -0.0039561 -0.492994 
0.866667 0.00889954 -0.000692499 0.00347215 -0.485412 
0.9 0.00920445 -0.000798179 0.0118758 -0.474192 
0.933333 0.00936926 -0.000824725 0.0171413 -0.463964 
0.966667 0.00956987 -0.000773476 0.0189692 -0.456074 
1 0.00978287 -0.000585175 0.0171965 -0.451836 
1.03333 0.0100098 -0.00042255 0.0121512 -0.452064 
1.06667 0.0102396 -0.000206962 0.00761317 -0.453369 
1.1 0.0104439 4.0556e-005 0.00240042 -0.456984 
1.13333 0.0106488 0.00017437 -0.00652103 -0.466716 
1.16667 0.0108723 0.000257584 -0.0128955 -0.476415 
1.2 0.0110728 0.000209194 -0.0153275 -0.483585 
1.23333 0.0113342 5.37757e-005 -0.0156602 -0.489087 
1.26667 0.0114137 -0.000181638 -0.0131224 -0.491311 
1.3 0.011566 -0.000388516 -0.00801527 -0.489656 
1.33333 0.0116648 -0.000601768 -0.00189956 -0.485109 
1.36667 0.0117552 -0.000787656 0.00618558 -0.476198 
1.4 0.0118985 -0.000886116 0.0136397 -0.465337 
1.43333 0.0120121 -0.000938255 0.0190572 -0.454395 
1.46667 0.0120937 -0.000817986 0.0213273 -0.445363 
1.5 0.0121618 -0.0006776 0.0204266 -0.439317 
1.53333 0.0121722 -0.000456226 0.0163644 -0.437303 
1.56667 0.0122449 -0.00025115 0.0108391 -0.438371 
1.6 0.0123494 -2.94151e-005 0.00403434 -0.442791 
1.63333 0.0124436 0.000125305 -0.00451588 -0.451539 
1.66667 0.0124739 0.000228095 -0.0107512 -0.460405 
1.7 0.0126682 0.000118188 -0.0180124 -0.47256 
1.73333 0.0127689 1.89368e-005 -0.0155778 -0.47569 
1.76667 0.0128795 -0.000158334 -0.0120868 -0.476762 
1.8 0.0129914 -0.000279527 -0.00659354 -0.474306 
1.83333 0.0130927 -0.000434916 0.000325033 -0.468337 
1.86667 0.0132017 -0.00059581 0.00831375 -0.458798 
1.9 0.0133105 -0.000690508 0.0148418 -0.448321 
1.93333 0.0134533 -0.000707456 0.0190902 -0.438359 
1.96667 0.0134957 -0.000598055 0.0209694 -0.429777 
2 0.0135959 -0.000412502 0.0190772 -0.425021 
2.03333 0.0137016 -0.000218137 0.015251 -0.423178 
2.06667 0.0138441 -7.15245e-006 0.00991113 -0.424398 
2.1 0.0139748 0.000162592 0.00314746 -0.429079 
2.13333 0.0140639 0.000275017 -0.00483725 -0.437455 
2.16667 0.0141861 0.000313286 -0.0101171 -0.4453 
2.2 0.0142894 0.000239971 -0.0140267 -0.453288 
2.23333 0.0143525 8.77622e-005 -0.0140667 -0.458011 
2.26667 0.0143502 -5.97064e-005 -0.00958191 -0.457405 
2.3 0.0144366 -0.000235732 -0.00550715 -0.455789 
2.33333 0.014531 -0.000403856 0.00123566 -0.449665 
2.36667 0.0145845 -0.00056596 0.00939725 -0.439619 
2.4 0.0147441 -0.000765834 0.016229 -0.428422 
2.43333 0.0148057 -0.000727585 0.0243901 -0.413379 
2.46667 0.0148701 -0.000804641 0.0244594 -0.405167 
2.5 0.0149755 -0.000720799 0.0231175 -0.398598 
2.53333 0.0150505 -0.000541539 0.019786 -0.394825 
2.56667 0.0151488 -0.000347467 0.0148126 -0.3941 
2.6 0.0152452 -0.0001489 0.00834918 -0.396792 
2.63333 0.015351 -3.45777e-005 0.00164025 -0.401929 
2.66667 0.0154523 0.00012026 -0.0046565 -0.408815 
2.7 0.0155703 0.000124097 -0.00875318 -0.415203 
2.73333 0.0157473 -8.26382e-006 -0.00945379 -0.418948 
2.76667 0.0158128 -0.000161357 -0.00671165 -0.418862 
2.8 0.0159124 -0.000369359 -0.00228841 -0.415878 
2.83333 0.016064 -0.000585765 0.00385153 -0.409393 
2.86667 0.0163051 -0.000774514 0.0109544 -0.399725 
2.9 0.0163104 -0.000903527 0.0178929 -0.387883 
2.93333 0.0163023 -0.000980322 0.0242056 -0.374466 
2.96667 0.0164161 -0.000983347 0.0265189 -0.363667 
3 0.0166719 -0.000861262 0.0263029 -0.355082 
3.03333 0.0167674 -0.000714947 0.0231079 -0.350086 
3.06667 0.0169631 -0.000569269 0.0193315 -0.346842 
3.1 0.0170281 -0.000493712 0.011669 -0.349443 
3.13333 0.0171011 -0.000361923 0.00387653 -0.354752 
3.16667 0.0171443 -0.000303765 -0.00244799 -0.360926 
3.2 0.0171623 -0.000303607 -0.00637282 -0.366375 
3.23333 0.0171203 -0.000345279 -0.00843914 -0.370938 
3.26667 0.0171745 -0.000551772 -0.00787489 -0.373085 
3.3 0.0172516 -0.000799173 -0.00490226 -0.372201 
3.33333 0.0174803 -0.00100407 0.000307028 -0.367686 
3.36667 0.0176483 -0.00120614 0.0076812 -0.358879 
3.4 0.0178144 -0.0013945 0.0153373 -0.34728 
3.43333 0.0181293 -0.00148067 0.0197074 -0.337009 
3.46667 0.0182696 -0.00144598 0.0232385 -0.326272 
3.5 0.0184695 -0.00132467 0.0209196 -0.321263 
3.53333 0.0185932 -0.00116 0.0176676 -0.318129 
3.56667 0.0187315 -0.000965877 0.0120847 -0.31883 
3.6 0.0187477 -0.000764625 0.00604937 -0.321926 
3.63333 0.0189892 -0.000555731 -0.00157778 -0.328913 
3.66667 0.0192066 -0.000478575 -0.00877636 -0.337937 
3.7 0.0192838 -0.000419007 -0.0110176 -0.343508 
3.73333 0.0192805 -0.000601164 -0.013203 -0.34976 
3.76667 0.0193464 -0.000829316 -0.0100459 -0.350434 
3.8 0.0193619 -0.00102465 -0.00691514 -0.350087 
3.83333 0.0193708 -0.00120303 0.000389949 -0.343769 
3.86667 0.0194429 -0.00138797 0.00550636 -0.337599 
3.9 0.0194811 -0.00156083 0.0119511 -0.328156 
3.93333 0.0195982 -0.00160863 0.0169845 -0.318231 
3.96667 0.0197107 -0.00162935 0.0183457 -0.310962 
4 0.0198055 -0.00150448 0.0179564 -0.305307 
4.03333 0.0199824 -0.0012759 0.0145297 -0.303366 
4.06667 0.0199203 -0.00107974 0.00955529 -0.304395 
4.1 0.0199651 -0.000883334 0.00259832 -0.309422 
4.13333 0.0199859 -0.000739894 -0.00517285 -0.31773 
4.16667 0.0198647 -0.00066616 -0.0103276 -0.325539 
4.2 0.0198975 -0.000708077 -0.0130132 -0.332152 
4.23333 0.0198131 -0.000875817 -0.0103592 -0.333357 
4.26667 0.0198981 -0.00108292 -0.0085219 -0.334641 
4.3 0.0199704 -0.00124594 -0.00437575 -0.332587 
4.33333 0.020157 -0.00146225 0.00157873 -0.327017 
4.36667 0.0202241 -0.00174843 0.00918328 -0.317514 
4.4 0.0203477 -0.00185399 0.0165569 -0.305748 
4.43333 0.020526 -0.0018999 0.0182536 -0.298226 
4.46667 0.0206509 -0.0017716 0.0180061 -0.292434 
4.5 0.0207704 -0.00154329 0.0151945 -0.289751 
4.53333 0.0207537 -0.00138251 0.0116152 -0.288911 
4.56667 0.0208775 -0.00112311 0.00665887 -0.29089 
4.6 0.0209431 -0.000887293 0.00128516 -0.295014 
4.63333 0.020976 -0.000662357 -0.00423357 -0.3011 
4.66667 0.0210679 -0.000564434 -0.00695726 -0.305727 
4.7 0.0220444 -0.000925463 -0.00378885 -0.304306 
4.73333 0.0226403 -0.00129746 0.000162234 -0.300905 
4.76667 0.0229518 -0.00166719 0.00630047 -0.293604 
4.8 0.0232708 -0.00192758 0.0113534 -0.28554 
4.83333 0.0234267 -0.00207535 0.0163672 -0.275836 
4.86667 0.0236893 -0.00217284 0.0195734 -0.266596 
4.9 0.0239709 -0.00217023 0.0205897 -0.258872 
4.93333 0.0241157 -0.00203897 0.0186782 -0.254265 
4.96667 0.024379 -0.00189709 0.0151727 -0.252177 
5 0.0244845 -0.00171029 0.0104237 -0.252726 
5.03333 0.0244806 -0.00156656 0.00591008 -0.254579 
5.06667 0.0244985 -0.00144837 0.00212922 -0.257072 
5.1 0.0245355 -0.00130202 -0.00106612 -0.260134 
5.13333 0.0245457 -0.00130908 -0.00382238 -0.263744 
5.16667 0.0245702 -0.00132906 -0.00276187 -0.263766 
5.2 0.0245417 -0.00141351 0.000315595 -0.261054 
5.23333 0.0246415 -0.00158711 0.00572588 -0.254562 
5.26667 0.024743 -0.00176254 0.0113769 -0.245982 
5.3 0.0248839 -0.00190489 0.0157724 -0.237001 
5.33333 0.0249891 -0.00194221 0.0207026 -0.225924 
5.36667 0.0250468 -0.00190364 0.0232916 -0.215967 
5.4 0.0250613 -0.00188928 0.021694 -0.210089 
5.43333 0.0241381 -0.00148305 0.0176185 -0.207669 
5.46667 0.0234779 -0.000969832 0.0130095 -0.207236 
5.5 0.0230547 -0.000535891 0.00832708 -0.208427 
5.53333 0.0227897 -0.000203444 0.00520486 -0.209337 
