0.234 30 0 
0.298 30 0 
0.361 30 0 
0.422 30 0 
0.485 30 0 
0.562 30 0 
0.624 30 0 
0.688 30 0 
0.766 30 0 
0.859 30 0 
0.921 30 0 
1.001 30 0 
1.062 30 0 
1.126 30 0 
1.188 30 0 
1.251 30 0 
1.328 30 0 
1.391 30 0 
1.453 30 0 
1.515 30 0 
1.578 30 0 
1.656 30 0 
1.735 30 0 
1.797 30 0 
1.86 30 0 
1.922 30 0 
1.985 30 0 
2.046 30 0 
2.126 30 0 
2.188 30 0 
2.265 30 0 
2.328 30 0 
2.39 30 0 
2.453 30 0 
2.532 30 0 
2.593 30 0 
2.657 30 0 
2.718 30 0 
2.782 30 0 
2.845 30 0 
2.937 30 0 
3 30 0 
3.063 30 0 
3.124 30 0 
3.187 30 0 
3.25 30 0 
3.328 30 0 
3.391 30 0 
3.453 30 0 
3.532 30 0 
3.609 30 0 
3.673 30 0 
3.766 30 0 
3.828 30 0 
3.892 30 0 
3.954 30 0 
4.015 30 0 
4.079 30 0 
4.156 30 0 
4.219 30 0 
4.297 30 0 
4.36 30 0 
4.422 30 0 
4.485 30 0 
4.578 30 0 
4.673 30 0 
4.751 30 0 
4.828 30 0 
4.939 30 0 
4.999 30 0 
5.063 30 0 
5.126 30 0 
5.187 30 0 
5.25 30 0 
5.329 30 0 
5.391 30 0 
5.453 30 0 
5.516 30 0 
5.595 30 0 
5.656 30 0 
5.735 30 0 
5.797 30 0 
5.86 30 0 
5.922 30 0 
5.985 30 0 
6.047 30 0 
6.141 30 0 
6.218 30 0 
6.297 30 0 
6.36 30 0 
6.422 30 0 
6.485 30 0 
6.563 30 0 
6.626 30 0 
6.704 30 0 
6.782 30 0 
6.843 30 0 
6.922 30 0 
6.999 30 0 
7.062 30 0 
7.124 30 0 
7.188 30 0 
7.25 30 0 
7.329 30 0 
7.39 30 0 
7.468 30 0 
7.546 30 0 
7.624 30 0 
7.688 30 0 
7.766 30 0 
7.829 30 0 
7.892 30 0 
7.953 30 0 
8.017 30 0 
8.079 30 0 
8.156 30 0 
8.218 30 0 
8.297 30 0 
8.359 30 0 
8.421 30 0 
8.485 30 0 
8.562 30 0 
8.626 30 0 
8.687 30 0 
8.751 30 0 
8.829 30 0 
8.89 30 0 
8.968 30 0 
9.031 30 0 
9.093 30 0 
9.156 30 0 
9.218 30 0 
9.282 30 0 
9.36 30 0 
9.423 30 0 
9.484 30 0 
9.548 30 0 
9.625 30 0 
9.688 30 0 
9.765 30 0 
9.828 30 0 
9.891 30 0 
9.969 30 0 
10.048 30 0 
10.125 30 0 
10.187 30 0 
10.266 30 0 
10.328 30 0 
10.391 30 0 
10.453 30 0 
10.531 30 0 
10.593 30 0 
10.657 30 0 
10.719 30 0 
10.781 30 0 
10.859 30 0 
10.922 30 0 
11.001 30 0 
11.064 30 0 
11.126 30 0 
11.188 30 0 
11.249 30 0 
11.328 30 0 
11.39 30 0 
11.453 30 0 
11.515 30 0 
11.593 30 0 
