0.23 30 0 
0.308 30 0 
0.402 30 0 
0.511 30 0 
0.588 30 0 
0.667 30 0 
0.73 30 0 
0.792 30 0 
0.855 30 0 
0.932 30 0 
0.995 30 0 
1.072 30 0 
1.151 30 0 
1.213 30 0 
1.292 30 0 
1.369 30 0 
1.433 30 0 
1.494 30 0 
1.557 30 0 
1.62 30 0 
1.698 30 0 
1.759 30 0 
1.823 30 0 
1.886 30 0 
1.947 30 0 
2.026 30 0 
2.104 30 0 
2.166 30 0 
2.229 30 0 
2.292 30 0 
2.355 30 0 
2.416 30 0 
2.495 30 0 
2.557 30 0 
2.636 30 0 
2.713 30 0 
2.791 30 0 
2.854 30 0 
2.931 30 0 
2.993 30 0 
3.057 30 0 
3.134 30 0 
3.213 30 0 
3.291 30 0 
3.354 30 0 
3.433 30 0 
3.495 30 0 
3.557 30 0 
3.619 30 0 
3.697 30 0 
3.761 30 0 
3.824 30 0 
3.885 30 0 
3.947 30 0 
4.011 30 0 
4.104 30 0 
4.167 30 0 
4.23 30 0 
4.291 30 0 
4.355 30 0 
4.416 30 0 
4.494 30 0 
4.557 30 0 
4.619 30 0 
4.682 30 0 
4.744 30 0 
4.822 30 0 
4.901 30 0 
4.963 30 0 
5.026 30 0 
5.088 30 0 
5.15 30 0 
5.213 30 0 
5.29 30 0 
5.369 30 0 
5.432 30 0 
5.495 30 0 
5.557 30 0 
5.62 30 0 
5.697 30 0 
5.76 30 0 
5.823 30 0 
5.885 30 0 
5.963 30 0 
6.058 30 0 
6.135 30 0 
6.197 30 0 
6.26 30 0 
6.322 30 0 
6.385 30 0 
6.447 30 0 
6.526 30 0 
6.605 30 0 
6.697 30 0 
6.745 30 0 
6.823 30 0 
6.902 30 0 
6.962 30 0 
7.025 30 0 
7.088 30 0 
7.15 30 0 
7.213 30 0 
7.291 30 0 
7.369 30 0 
7.431 30 0 
7.494 30 0 
7.557 30 0 
7.619 30 0 
7.698 30 0 
7.76 30 0 
7.823 30 0 
7.901 30 0 
7.979 30 0 
8.042 30 0 
8.135 30 0 
8.198 30 0 
8.261 30 0 
8.322 30 0 
8.386 30 0 
8.447 30 0 
8.526 30 0 
8.589 30 0 
8.651 30 0 
8.712 30 0 
8.791 30 0 
8.854 30 0 
8.931 30 0 
8.994 30 0 
9.057 30 0 
9.119 30 0 
9.183 30 0 
9.244 30 0 
9.322 30 0 
9.401 30 0 
9.463 30 0 
9.51 30 0 
9.588 30 0 
9.651 30 0 
9.745 30 0 
9.823 30 0 
9.885 30 0 
9.948 30 0 
10.027 30 0 
10.103 30 0 
10.166 30 0 
10.228 30 0 
10.292 30 0 
10.354 30 0 
10.417 30 0 
10.495 30 0 
10.556 30 0 
10.619 30 0 
10.683 30 0 
10.76 30 0 
10.823 30 0 
10.9 30 0 
10.962 30 0 
11.025 30 0 
11.089 30 0 
11.15 30 0 
11.214 30 0 
11.292 30 0 
11.37 30 0 
11.433 30 0 
11.494 30 0 
11.557 30 0 
11.619 30 0 
11.712 30 0 
11.806 30 0 
