0.133333 0.076251 -0.024474 -0.484206 -0.473653 0.296023 0.402223 
0.166667 0.087846 -0.031620 -0.241630 -0.521180 0.298237 0.398651 
0.200000 0.086550 -0.030126 0.327504 -0.509206 0.300670 0.396531 
0.233333 0.089445 -0.020326 0.862622 -0.493016 0.301889 0.394388 
0.266667 0.097675 -0.014981 1.067977 -0.445142 0.303880 0.393020 
0.300000 0.098316 -0.015554 1.017717 -0.407106 0.308900 0.390564 
0.333333 0.090922 -0.014126 0.951902 -0.393710 0.310004 0.389226 
0.366667 0.085403 -0.007166 0.807941 -0.360164 0.312560 0.387740 
0.400000 0.083811 0.004534 0.353750 -0.314077 0.315894 0.386244 
0.433333 0.082417 0.017778 -0.308083 -0.331076 0.317929 0.386234 
0.466667 0.082739 0.021787 -0.828139 -0.349493 0.321422 0.386384 
0.500000 0.088755 0.021341 -1.054557 -0.387654 0.324043 0.385106 
0.533333 0.099644 0.018043 -1.080849 -0.419801 0.326484 0.385607 
0.566667 0.104800 0.012524 -1.004276 -0.455383 0.330730 0.383935 
0.600000 0.101487 0.002424 -0.806504 -0.483563 0.334297 0.382401 
0.633333 0.102895 -0.010855 -0.457067 -0.517769 0.336230 0.381139 
0.666667 0.113158 -0.026742 -0.003531 -0.512097 0.338987 0.379434 
0.700000 0.119970 -0.029861 0.488984 -0.508992 0.342889 0.375402 
0.733333 0.116587 -0.017089 0.923394 -0.499646 0.344774 0.372789 
0.766667 0.109045 -0.006991 1.183348 -0.427699 0.348784 0.371155 
0.800000 0.105064 0.000528 1.276929 -0.421884 0.351764 0.369520 
0.833333 0.106626 -0.006734 1.252211 -0.356038 0.355140 0.368908 
0.866667 0.114272 -0.007572 1.026592 -0.328169 0.357871 0.366237 
0.900000 0.124461 -0.004107 0.499188 -0.295476 0.362232 0.365303 
0.933333 0.130793 0.000711 -0.227600 -0.275385 0.365687 0.364526 
0.966667 0.128389 0.011905 -0.851674 -0.321232 0.370803 0.362504 
1.000000 0.120557 0.015582 -1.147453 -0.338295 0.374519 0.362205 
1.033330 0.109235 0.018414 -1.156977 -0.397943 0.377596 0.361759 
1.066670 0.095346 0.011320 -1.067014 -0.418169 0.382575 0.359885 
1.100000 0.086974 0.001014 -0.958725 -0.455226 0.384313 0.359500 
1.133330 0.095198 -0.012864 -0.711500 -0.487632 0.386235 0.358327 
1.166670 0.113601 -0.024790 -0.175548 -0.503050 0.390199 0.355672 
1.200000 0.128807 -0.025177 0.583163 -0.509226 0.392481 0.352937 
1.233330 0.133058 -0.019337 1.233292 -0.464876 0.395781 0.349975 
1.266670 0.129542 -0.014482 1.423308 -0.421079 0.400828 0.346828 
1.300000 0.124077 -0.023143 1.156395 -0.354912 0.403488 0.347011 
1.333330 0.118647 -0.023538 0.798602 -0.343464 0.406854 0.343352 
1.366670 0.112353 -0.009076 0.569499 -0.331794 0.411709 0.340374 
1.400000 0.117260 0.006735 0.319909 -0.290562 0.413457 0.341015 
1.433330 0.135195 0.015559 -0.054819 -0.295673 0.417815 0.339853 
1.466670 0.147587 0.012165 -0.454070 -0.312994 0.423486 0.338559 
1.500000 0.146121 0.001412 -0.813156 -0.320443 0.428213 0.337745 
1.533330 0.141091 -0.000566 -1.084726 -0.359169 0.432000 0.335818 
1.566670 0.143123 0.005260 -1.168967 -0.401271 0.436858 0.333704 
1.600000 0.156738 0.008258 -1.045241 -0.441132 0.441254 0.332207 
1.633330 0.176716 -0.003244 -0.741898 -0.459253 0.445580 0.331067 
1.666670 0.186346 -0.014092 -0.259408 -0.497757 0.452464 0.326783 
1.700000 0.177886 -0.021737 0.329076 -0.485769 0.456861 0.323000 
1.733330 0.161870 -0.012063 0.926113 -0.455383 0.461175 0.320823 
1.766670 0.146356 0.011851 1.442687 -0.439061 0.466126 0.317049 
1.800000 0.133967 0.018651 1.624175 -0.375975 0.470475 0.316444 
1.833330 0.130211 0.000044 1.323785 -0.286538 0.475887 0.317106 
1.866670 0.138869 -0.009631 0.846692 -0.299973 0.477903 0.313880 
1.900000 0.150604 -0.011590 0.445146 -0.257918 0.483694 0.312539 
1.933330 0.151529 -0.002317 -0.068216 -0.259662 0.488251 0.309982 
1.966670 0.143521 -0.011058 -0.766342 -0.239279 0.494250 0.310882 
2.000000 0.142138 -0.013219 -1.277125 -0.316828 0.496753 0.307950 
2.033330 0.146021 -0.006842 -1.310587 -0.347428 0.502109 0.306027 
2.066670 0.146443 0.014700 -1.040458 -0.398002 0.506553 0.303271 
2.100000 0.150555 0.015032 -0.751558 -0.412117 0.511443 0.303236 
2.133330 0.170865 -0.008800 -0.410231 -0.431200 0.516438 0.302100 
2.166670 0.201532 -0.028668 0.146951 -0.459725 0.520792 0.298184 
2.200000 0.219638 -0.034567 0.789299 -0.434917 0.527603 0.292076 
2.233330 0.213201 -0.030577 1.272770 -0.373750 0.533400 0.290866 
2.266670 0.187193 -0.011436 1.544670 -0.365560 0.540157 0.285290 
2.300000 0.157945 -0.008209 1.483065 -0.289646 0.545597 0.284610 
2.333330 0.152963 -0.008820 0.909286 -0.235923 0.549706 0.282977 
2.366670 0.174154 -0.007388 0.050093 -0.225252 0.553759 0.282014 
2.400000 0.193302 0.005667 -0.609088 -0.245720 0.561405 0.279414 
2.433330 0.190393 0.022258 -0.891802 -0.279161 0.567728 0.277988 
2.466670 0.176410 0.022206 -0.936725 -0.292997 0.573334 0.278587 
2.500000 0.167764 0.017395 -0.852960 -0.336577 0.579588 0.276753 
2.533330 0.168260 0.009890 -0.733174 -0.368809 0.583962 0.274301 
2.566670 0.165427 -0.009755 -0.689901 -0.370402 0.588841 0.274100 
2.600000 0.155518 -0.034721 -0.579542 -0.397490 0.596972 0.270281 
2.633330 0.160157 -0.046312 -0.137274 -0.435821 0.597444 0.267365 
2.666670 0.181398 -0.038490 0.520254 -0.414983 0.601380 0.263419 
2.700000 0.192499 -0.017858 1.009002 -0.382090 0.609677 0.259178 
2.733330 0.178319 -0.004406 1.183281 -0.347900 0.614150 0.257586 
2.766670 0.159625 -0.005947 1.193267 -0.300116 0.620154 0.255602 
2.800000 0.159000 -0.006042 1.158544 -0.277660 0.623705 0.254362 
2.833330 0.176805 -0.004517 0.946615 -0.230964 0.630066 0.251582 
2.866670 0.196322 -0.001057 0.379011 -0.200003 0.634392 0.251109 
2.900000 0.201708 0.000275 -0.369949 -0.193359 0.644075 0.249941 
2.933330 0.196830 0.008858 -0.883261 -0.236185 0.648445 0.247973 
2.966670 0.190063 0.013540 -1.028044 -0.272625 0.654386 0.246894 
3.000000 0.178784 0.004121 -1.014519 -0.285604 0.662614 0.246286 
3.033330 0.167158 -0.004781 -0.974456 -0.341938 0.666542 0.243869 
3.066670 0.171562 -0.018871 -0.774657 -0.345754 0.671647 0.241469 
3.100000 0.198029 -0.017825 -0.269913 -0.394471 0.677408 0.239393 
3.133330 0.225182 -0.021473 0.337523 -0.397653 0.681844 0.235435 
3.166670 0.225841 -0.037680 0.696864 -0.330955 0.692210 0.232218 
3.200000 0.206690 -0.025874 0.841311 -0.348340 0.696449 0.227641 
3.233330 0.187286 -0.018860 0.996962 -0.304341 0.702604 0.225686 
3.266670 0.180727 -0.009791 1.115959 -0.265803 0.708354 0.223639 
3.300000 0.184043 -0.001007 0.998191 -0.236197 0.714673 0.221479 
3.333330 0.193798 0.003424 0.588494 -0.193068 0.719509 0.220400 
3.366670 0.201464 0.011650 0.082265 -0.185447 0.727100 0.220002 
3.400000 0.202668 0.021409 -0.266262 -0.202883 0.734302 0.217883 
3.433330 0.207620 0.023070 -0.530550 -0.216123 0.739857 0.218705 
3.466670 0.219328 0.012487 -0.978209 -0.225488 0.747275 0.217045 
3.500000 0.223648 -0.002818 -1.435046 -0.251319 0.754947 0.216240 
3.533330 0.213641 -0.004970 -1.334536 -0.344586 0.762104 0.212756 
3.566670 0.198722 -0.018749 -0.571686 -0.370022 0.768306 0.211081 
3.600000 0.190653 -0.028506 0.302355 -0.365079 0.773452 0.207232 
3.633330 0.190494 -0.029274 0.820290 -0.333960 0.779490 0.204488 
3.666670 0.191554 -0.020052 0.977174 -0.316778 0.784398 0.200781 
3.700000 0.185748 -0.019701 0.962952 -0.269101 0.791809 0.199673 
3.733330 0.176558 -0.015818 0.948477 -0.248481 0.796421 0.196830 
3.766670 0.171371 -0.007163 1.006043 -0.216432 0.802203 0.194805 
3.800000 0.173721 0.005314 0.987304 -0.180810 0.807409 0.194231 
3.833330 0.182819 0.012345 0.597658 -0.159528 0.814140 0.192645 
3.866670 0.196676 -0.000070 -0.166314 -0.106739 0.819252 0.193990 
3.900000 0.206139 0.008820 -0.836285 -0.177147 0.826581 0.191581 
3.933330 0.204596 0.012825 -1.062338 -0.194378 0.834060 0.190633 
3.966670 0.197382 0.021437 -1.033086 -0.237394 0.839748 0.190474 
4.000000 0.196384 0.015088 -1.014849 -0.250361 0.846786 0.189115 
4.033330 0.203204 0.008532 -0.918973 -0.303555 0.853066 0.188170 
4.066670 0.213146 -0.007811 -0.532162 -0.319430 0.859296 0.185841 
4.100000 0.218650 -0.018876 0.066082 -0.348099 0.866707 0.182819 
4.133330 0.218925 -0.036061 0.500986 -0.319945 0.873282 0.179888 
4.166670 0.218715 -0.045168 0.615149 -0.280998 0.878666 0.175847 
4.200000 0.216720 -0.029927 0.726938 -0.288192 0.886603 0.173367 
4.233330 0.207016 -0.011232 1.067940 -0.255649 0.892718 0.169016 
4.266670 0.200281 0.005325 1.311518 -0.220278 0.899262 0.168690 
4.300000 0.201168 0.001998 1.044830 -0.147365 0.905613 0.168269 
4.333330 0.201997 0.006229 0.403636 -0.134303 0.912529 0.166310 
4.366670 0.200072 0.018698 -0.153107 -0.144628 0.919727 0.165726 
4.400000 0.199040 0.026329 -0.452658 -0.149542 0.925103 0.166404 
4.433330 0.197853 0.024331 -0.652967 -0.164640 0.932978 0.165839 
4.466670 0.197915 0.014395 -0.917930 -0.202168 0.939611 0.164888 
4.500000 0.205296 -0.008620 -1.202042 -0.207138 0.944941 0.165478 
4.533330 0.213361 -0.012690 -1.242888 -0.287386 0.952378 0.160971 
4.566670 0.210252 -0.025208 -0.840637 -0.302820 0.959727 0.159689 
4.600000 0.203260 -0.029195 -0.134669 -0.341142 0.964987 0.156392 
4.633330 0.199853 -0.032173 0.481443 -0.322342 0.971277 0.153303 
4.666670 0.203351 -0.020192 0.757142 -0.284220 0.977111 0.149208 
4.700000 0.214989 0.004723 0.870985 -0.269862 0.984019 0.148307 
4.733330 0.227216 0.017752 1.111356 -0.241030 0.990163 0.146293 
4.766670 0.227541 0.015072 1.356339 -0.211530 0.999662 0.145565 
4.800000 0.218847 -0.005145 1.228611 -0.130198 1.006420 0.144603 
4.833330 0.218151 -0.000510 0.648930 -0.121430 1.012850 0.143170 
4.866670 0.226438 0.008351 -0.078988 -0.094274 1.019830 0.141900 
4.900000 0.226503 0.021126 -0.601317 -0.121941 1.029040 0.142476 
4.933330 0.216326 0.017929 -0.810344 -0.151173 1.035810 0.142752 
4.966670 0.207199 0.010218 -0.877924 -0.174924 1.042140 0.140929 
5.000000 0.204831 0.006144 -0.947854 -0.191002 1.050020 0.140271 
5.033330 0.213061 0.004929 -0.932046 -0.249167 1.055880 0.138640 
5.066670 0.232281 -0.020860 -0.681149 -0.252124 1.062940 0.138269 
5.100000 0.248518 -0.033402 -0.170320 -0.292551 1.070880 0.134059 
5.133330 0.245768 -0.034192 0.432710 -0.281040 1.078740 0.129586 
5.166670 0.231726 -0.024192 0.867527 -0.244047 1.085560 0.126794 
5.200000 0.221988 -0.014178 1.045460 -0.227596 1.093540 0.125676 
5.233330 0.217000 -0.021688 1.125502 -0.165840 1.099430 0.122987 
5.266670 0.210192 -0.011435 1.247479 -0.162928 1.107190 0.120960 
5.300000 0.198132 -0.003783 1.242470 -0.100006 1.114330 0.119947 
5.333330 0.192872 0.012015 0.833406 -0.053225 1.119660 0.119526 
5.366670 0.200579 0.030785 0.097605 -0.042098 1.126840 0.120082 
5.400000 0.214321 0.040522 -0.583194 -0.054080 1.133280 0.120724 
5.433330 0.222970 0.031433 -0.930796 -0.083743 1.140950 0.122246 
5.466670 0.224725 0.025628 -1.004326 -0.122033 1.148930 0.122259 
