0.272 30 -20 
0.383 30 -20 
0.461 30 -20 
0.539 30 -20 
0.616 30 -20 
0.694 30 -20 
0.757 30 -20 
0.834 30 -20 
0.898 30 -20 
0.976 30 -20 
1.054 30 -20 
1.115 30 -20 
1.21 30 -20 
1.303 30 -20 
1.382 30 -20 
1.46 30 -20 
1.523 30 -20 
1.584 30 -20 
1.694 30 -20 
1.789 30 -20 
1.85 30 -20 
1.928 30 -20 
2.007 30 -20 
2.101 30 -20 
2.163 30 -20 
2.225 30 -20 
2.304 30 -20 
2.382 30 -20 
2.443 30 -20 
2.554 30 -20 
2.632 30 -20 
2.725 30 -20 
2.788 30 -20 
2.866 30 -20 
2.959 30 -20 
3.023 30 -20 
3.085 30 -20 
3.147 30 -20 
3.226 30 -20 
3.303 30 -20 
3.381 30 -20 
3.461 30 -20 
3.539 30 -20 
3.616 30 -20 
3.711 30 -20 
3.789 30 -20 
3.882 30 -20 
3.96 30 -20 
4.039 30 -20 
4.132 30 -20 
4.193 30 -20 
4.271 30 -20 
4.35 30 -20 
4.413 30 -20 
4.506 30 -20 
4.584 30 -20 
4.663 30 -20 
4.725 30 -20 
4.787 30 -20 
4.85 30 -20 
4.929 30 -20 
5.022 30 -20 
5.101 30 -20 
5.195 30 -20 
5.304 30 -20 
5.397 30 -20 
5.461 30 -20 
5.553 30 -20 
5.616 30 -20 
5.694 30 -20 
5.757 30 -20 
5.85 30 -20 
5.929 30 -20 
6.006 30 -20 
6.101 30 -20 
6.163 30 -20 
6.225 30 -20 
6.288 30 -20 
6.35 30 -20 
6.413 30 -20 
6.507 30 -20 
