0.273 30 -20 
0.384 30 -20 
0.492 30 -20 
0.57 30 -20 
0.633 30 -20 
0.712 30 -20 
0.789 30 -20 
0.853 30 -20 
0.915 30 -20 
0.993 30 -20 
1.07 30 -20 
1.165 30 -20 
1.259 30 -20 
1.368 30 -20 
1.431 30 -20 
1.494 30 -20 
1.572 30 -20 
1.649 30 -20 
1.711 30 -20 
1.805 30 -20 
1.868 30 -20 
1.929 30 -20 
1.977 30 -20 
2.054 30 -20 
2.117 30 -20 
2.211 30 -20 
2.289 30 -20 
2.367 30 -20 
2.462 30 -20 
2.571 30 -20 
2.633 30 -20 
2.695 30 -20 
2.775 30 -20 
2.852 30 -20 
2.931 30 -20 
2.992 30 -20 
3.072 30 -20 
3.164 30 -20 
3.227 30 -20 
3.306 30 -20 
3.399 30 -20 
3.477 30 -20 
3.556 30 -20 
3.648 30 -20 
3.727 30 -20 
3.836 30 -20 
3.898 30 -20 
3.977 30 -20 
4.056 30 -20 
4.148 30 -20 
4.273 30 -20 
4.368 30 -20 
4.478 30 -20 
4.57 30 -20 
4.633 30 -20 
4.743 30 -20 
4.837 30 -20 
4.93 30 -20 
5.025 30 -20 
5.102 30 -20 
5.211 30 -20 
5.291 30 -20 
5.367 30 -20 
5.43 30 -20 
5.509 30 -20 
5.586 30 -20 
5.664 30 -20 
5.726 30 -20 
5.821 30 -20 
5.899 30 -20 
5.993 30 -20 
6.056 30 -20 
6.117 30 -20 
6.195 30 -20 
6.259 30 -20 
6.32 30 -20 
6.383 30 -20 
6.492 30 -20 
