0.7 0.00795894 -0.00091343 0.015425 0.492748 
0.733333 0.00838774 -0.000962226 0.0141029 0.500794 
0.766667 0.00876015 -0.0010491 0.0131657 0.503403 
0.8 0.00905059 -0.00113795 0.0139383 0.508113 
0.833333 0.009261 -0.0012843 0.0159741 0.514971 
0.866667 0.00936819 -0.00137947 0.0194906 0.524324 
0.9 0.00954177 -0.00151448 0.0257807 0.53819 
0.933333 0.00976668 -0.00163262 0.0331375 0.555517 
0.966667 0.00995674 -0.00155779 0.0374227 0.571643 
1 0.0101608 -0.00152758 0.0404692 0.587731 
1.03333 0.0104729 -0.00148469 0.0398044 0.600445 
1.06667 0.0106766 -0.00148541 0.035034 0.608082 
1.1 0.0107636 -0.00143196 0.0296474 0.613402 
1.13333 0.0107949 -0.00146152 0.0244302 0.617125 
1.16667 0.0109484 -0.00151461 0.0196472 0.619622 
1.2 0.0110432 -0.00164355 0.0181055 0.624351 
1.23333 0.0112171 -0.0016778 0.0176412 0.629838 
1.26667 0.0113658 -0.00176105 0.0206053 0.639217 
1.3 0.0116338 -0.00182088 0.025439 0.651792 
1.33333 0.0116813 -0.00183649 0.0307521 0.666543 
1.36667 0.0118111 -0.00174051 0.0337005 0.680274 
1.4 0.0120087 -0.00177359 0.037854 0.696411 
1.43333 0.0120952 -0.00193199 0.0419467 0.71386 
1.46667 0.0122642 -0.0018099 0.0415105 0.727328 
1.5 0.0122848 -0.00175444 0.0395288 0.738825 
1.53333 0.0123277 -0.00171876 0.0360011 0.747837 
1.56667 0.0126018 -0.00155259 0.0303441 0.753159 
1.6 0.012787 -0.00145888 0.0247632 0.756686 
1.63333 0.0128223 -0.00147987 0.0204786 0.759883 
1.66667 0.012785 -0.00160036 0.0188688 0.764809 
1.7 0.0127822 -0.00175415 0.0195523 0.771905 
1.73333 0.0128351 -0.00187818 0.0231389 0.782656 
1.76667 0.0127006 -0.00204083 0.0298922 0.798341 
1.8 0.0127735 -0.00193458 0.0336186 0.812704 
1.83333 0.0128337 -0.00191963 0.0382675 0.829398 
1.86667 0.0131205 -0.00182278 0.0414805 0.845947 
1.9 0.0131862 -0.00172692 0.0416479 0.859971 
1.93333 0.0131788 -0.00166303 0.0403568 0.87233 
1.96667 0.0131553 -0.00163072 0.0374887 0.882396 
2 0.0131606 -0.00154889 0.0307101 0.886891 
2.03333 0.0130687 -0.00157983 0.0257922 0.891322 
2.06667 0.0132454 -0.00159704 0.021491 0.894842 
2.1 0.0132978 -0.00181133 0.0219224 0.902515 
2.13333 0.0134042 -0.00184927 0.0219072 0.909805 
2.16667 0.0136606 -0.0017823 0.024013 0.919593 
2.2 0.0136902 -0.00212526 0.0325286 0.93765 
2.23333 0.0138071 -0.00225309 0.0391783 0.956342 
2.26667 0.0139549 -0.00232031 0.0432659 0.974227 
2.3 0.0137876 -0.00229526 0.0471204 0.993199 
2.33333 0.00201242 -0.00473611 0.121606 1.09683 
2.36667 0.000809676 -0.00176891 0.101851 1.11405 
2.4 -0.000126156 0.000408324 0.0858667 1.12913 
2.43333 -0.000752754 0.00192378 0.0714331 1.14071 
2.46667 -0.00127474 0.00305051 0.0582269 1.14894 
2.5 -0.00159701 0.00396986 0.0443255 1.15193 
2.53333 -0.00185868 0.00442599 0.0380657 1.15932 
2.56667 -0.00205171 0.00469598 0.0348329 1.16819 
2.6 -0.00220532 0.00469094 0.0361541 1.18136 
2.63333 -0.0024007 0.00472377 0.0379081 1.19548 
2.66667 -0.00240893 0.00473602 0.0403947 1.21106 
2.7 -0.00237426 0.00471103 0.0467759 1.23205 
2.73333 -0.00212397 0.00456923 0.0560734 1.25862 
2.76667 -0.00207959 0.00466579 0.0591137 1.2809 
2.8 -0.00201237 0.0048834 0.0588047 1.30024 
2.83333 -0.00170188 0.00484941 0.0584615 1.31944 
2.86667 -0.00178097 0.00493546 0.0570949 1.33731 
2.9 -0.00188066 0.00503075 0.0510573 1.34922 
2.93333 -0.00187086 0.00528511 0.042503 1.35614 
2.96667 -0.00191796 0.00540605 0.0353231 1.36183 
3 -0.00170664 0.0052533 0.0341334 1.3722 
3.03333 -0.00169012 0.00504791 0.0337621 1.38314 
3.06667 0.0100731 0.00735419 -0.0359247 1.31213 
3.1 0.0114227 0.00438342 -0.0140033 1.32603 
3.13333 0.0124059 0.00218776 0.00517536 1.344 
3.16667 0.0130845 0.000629637 0.0226496 1.36636 
3.2 0.0134857 -0.000502534 0.0365693 1.39034 
3.23333 0.0138706 -0.00135566 0.0482129 1.41627 
3.26667 0.0140265 -0.0017966 0.0538839 1.43904 
3.3 0.0143048 -0.00217405 0.0566542 1.46027 
3.33333 0.0143855 -0.00224069 0.0533079 1.4752 
3.36667 0.0146398 -0.00227725 0.0489353 1.48781 
3.4 0.0149038 -0.00229453 0.0445011 1.49889 
3.43333 0.015167 -0.00227448 0.0363907 1.50415 
3.46667 0.0150367 -0.00225642 0.0293942 1.50802 
3.5 0.0151867 -0.00244873 0.0286306 1.51692 
3.53333 0.0151802 -0.00277494 0.0323826 1.53089 
3.56667 0.0150294 -0.00288739 0.0351898 1.545 
3.6 0.0151284 -0.00306333 0.0380552 1.56011 
3.63333 0.0151107 -0.00324219 0.0440781 1.5799 
3.66667 0.0151913 -0.00344169 0.0517856 1.6037 
3.7 0.0152704 -0.00354648 0.0574464 1.62764 
3.73333 0.015172 -0.00339394 0.0575913 1.64696 
3.76667 0.0153185 -0.00324687 0.0582119 1.66689 
3.8 0.0155289 -0.00322891 0.0569743 1.68483 
