0.432 30 -30 
0.511 30 -30 
0.62 30 -30 
0.714 30 -30 
0.808 30 -30 
0.917 30 -30 
1.01 30 -30 
1.104 30 -30 
1.182 30 -30 
1.261 30 -30 
1.338 30 -30 
1.433 30 -30 
1.541 30 -30 
1.621 30 -30 
1.699 30 -30 
1.777 30 -30 
1.886 30 -30 
1.979 30 -30 
2.074 30 -30 
2.167 30 -30 
2.261 30 -30 
2.324 30 -30 
2.387 30 -30 
2.448 30 -30 
2.526 30 -30 
2.604 30 -30 
2.683 30 -30 
2.745 30 -30 
2.855 30 -30 
2.933 30 -30 
2.994 30 -30 
3.089 30 -30 
3.152 30 -30 
3.214 30 -30 
3.307 30 -30 
3.418 30 -30 
3.496 30 -30 
3.605 30 -30 
3.715 30 -30 
3.792 30 -30 
3.854 30 -30 
3.918 30 -30 
3.996 30 -30 
4.104 30 -30 
4.213 30 -30 
4.292 30 -30 
4.354 30 -30 
4.417 30 -30 
4.511 30 -30 
4.619 30 -30 
4.699 30 -30 
4.777 30 -30 
4.855 30 -30 
4.932 30 -30 
5.026 30 -30 
5.088 30 -30 
5.151 30 -30 
5.214 30 -30 
5.292 30 -30 
5.37 30 -30 
5.465 30 -30 
5.542 30 -30 
5.62 30 -30 
5.699 30 -30 
5.762 30 -30 
5.823 30 -30 
5.886 30 -30 
5.963 30 -30 
6.042 30 -30 
6.136 30 -30 
6.214 30 -30 
6.291 30 -30 
6.369 30 -30 
6.463 30 -30 
6.541 30 -30 
6.619 30 -30 
6.682 30 -30 
6.76 30 -30 
6.855 30 -30 
6.948 30 -30 
7.027 30 -30 
7.09 30 -30 
7.183 30 -30 
7.245 30 -30 
7.323 30 -30 
7.402 30 -30 
7.495 30 -30 
7.589 30 -30 
7.65 30 -30 
7.728 30 -30 
7.791 30 -30 
7.886 30 -30 
7.947 30 -30 
8.011 30 -30 
8.105 30 -30 
8.199 30 -30 
8.261 30 -30 
8.323 30 -30 
8.385 30 -30 
8.449 30 -30 
8.526 30 -30 
8.589 30 -30 
8.652 30 -30 
8.73 30 -30 
8.824 30 -30 
8.917 30 -30 
8.995 30 -30 
9.073 30 -30 
9.151 30 -30 
9.215 30 -30 
9.293 30 -30 
9.37 30 -30 
9.464 30 -30 
