0.7 0.0011784 0.000553691 0.00780204 0.676837 
0.733333 0.00125994 0.000594754 0.00696726 0.679271 
0.766667 0.00129674 0.000607231 0.00604118 0.680615 
0.8 0.00132945 0.000627091 0.00432602 0.680477 
0.833333 0.00139621 0.000649109 0.00329359 0.680543 
0.866667 0.00152263 0.000676398 0.00192999 0.679919 
0.9 0.00161642 0.000639463 0.00321404 0.682084 
0.933333 0.00168763 0.000602929 0.00444515 0.684613 
0.966667 0.00169579 0.000577804 0.00623503 0.688202 
1 0.00171428 0.000501757 0.00933125 0.693939 
1.03333 0.00167541 0.000444651 0.0127365 0.701071 
1.06667 0.00162715 0.000405091 0.0159346 0.709093 
1.1 0.00160844 0.000428312 0.0186643 0.717628 
1.13333 0.00167174 0.000456682 0.0205484 0.726074 
1.16667 0.00163963 0.000522997 0.0201611 0.732466 
1.2 0.00176204 0.0005802 0.0193412 0.738219 
1.23333 0.00178877 0.000634007 0.0167828 0.741646 
1.26667 0.00184986 0.000648199 0.0143521 0.744371 
1.3 0.00191846 0.00059268 0.0116834 0.746005 
1.33333 0.00199879 0.000604412 0.00934093 0.747134 
1.36667 0.00200797 0.000553566 0.00724299 0.747771 
1.4 0.00204876 0.000500921 0.00597537 0.748689 
1.43333 0.00212886 0.000457404 0.00628588 0.751047 
1.46667 0.00213393 0.000406187 0.00679191 0.75374 
1.5 0.00220314 0.000341176 0.00881778 0.758395 
1.53333 0.00222388 0.000320066 0.0110389 0.763956 
1.56667 0.00222754 0.00022923 0.012438 0.769288 
1.6 0.00222146 0.00018694 0.0154654 0.777007 
1.63333 0.00226581 0.000257297 0.0172109 0.784223 
1.66667 0.00224559 0.000323209 0.019734 0.792938 
1.7 0.00229509 0.000318136 0.0202195 0.80009 
1.73333 0.00240839 0.00037933 0.0190191 0.805412 
1.76667 0.00243781 0.00044723 0.0163216 0.808568 
1.8 0.00243974 0.000445134 0.0140538 0.811331 
1.83333 0.00248703 0.000442004 0.0122415 0.813876 
1.86667 0.00246849 0.000423469 0.0084245 0.813451 
1.9 0.00261977 0.000404027 0.00777059 0.815487 
1.93333 0.00262339 0.000399284 0.00746735 0.81772 
1.96667 0.00270096 0.000358825 0.00790548 0.820726 
2 0.00267691 0.000279355 0.00777037 0.823202 
2.03333 0.00267279 0.000232195 0.00886223 0.827081 
2.06667 0.00270736 0.000164196 0.0108335 0.832362 
2.1 0.00273372 0.000221293 0.0125277 0.837973 
2.13333 0.00267349 0.00018734 0.0158312 0.846048 
2.16667 0.00266788 0.000200312 0.0172953 0.853054 
2.2 0.00267429 0.000203506 0.0197981 0.861773 
2.23333 0.00266076 0.00025774 0.020377 0.869056 
2.26667 0.00274615 0.000279235 0.0206664 0.87619 
2.3 0.00280929 0.000376887 0.0193794 0.88156 
2.33333 0.00282142 0.000419738 0.0168236 0.885002 
2.36667 0.00281541 0.000411921 0.0151605 0.888647 
2.4 0.00285423 0.000357534 0.0120825 0.890067 
2.43333 0.00292387 0.000375547 0.00999295 0.891628 
2.46667 0.00290836 0.00032915 0.00829747 0.892957 
2.5 0.00297051 0.000237152 0.00810122 0.895492 
2.53333 0.0030036 0.000188217 0.00817005 0.898273 
2.56667 0.00305567 0.000111415 0.0093103 0.902343 
2.6 0.0031307 3.40392e-005 0.0108509 0.907265 
2.63333 0.00309609 5.49843e-005 0.0129936 0.913411 
2.66667 0.00306355 3.54876e-006 0.0144136 0.919418 
2.7 0.00304777 -1.76794e-005 0.0168356 0.927082 
2.73333 0.00310034 2.76908e-005 0.0190668 0.935328 
2.76667 0.0031124 5.00327e-005 0.0197537 0.942494 
2.8 0.00311507 9.0588e-005 0.0199436 0.949303 
2.83333 0.00313015 6.24737e-005 0.0194354 0.955351 
2.86667 0.00326759 0.000133969 0.0170752 0.959043 
2.9 0.00327355 0.000131881 0.0141341 0.961263 
2.93333 0.00338878 0.000147342 0.0110858 0.962376 
2.96667 0.00347341 0.000140966 0.00875522 0.96332 
3 0.00348842 5.53404e-005 0.0066316 0.963732 
3.03333 0.00347429 -1.95111e-005 0.00649586 0.965782 
3.06667 0.00348341 -0.000107187 0.00755012 0.969192 
3.1 0.00351156 -0.000164227 0.0084932 0.972822 
3.13333 0.00353502 -0.000211879 0.0100639 0.977507 
3.16667 0.00356545 -0.000248728 0.0126081 0.983865 
3.2 0.00352137 -0.000288013 0.0151703 0.991092 
3.23333 0.00347744 -0.000293062 0.0180978 0.999605 
3.26667 0.003479 -0.000237722 0.0194129 1.00719 
3.3 0.00349204 -0.000145919 0.0197214 1.01402 
3.33333 0.00351313 -0.000111339 0.0202042 1.02117 
3.36667 0.00352572 -0.000157598 0.0182214 1.02556 
3.4 0.00359619 -0.000111042 0.0166411 1.02977 
3.43333 0.00364029 -7.8627e-005 0.014102 1.03232 
3.46667 0.00368186 -5.28128e-005 0.0119436 1.03447 
3.5 0.00383701 -5.02873e-005 0.00936663 1.03541 
3.53333 0.00390856 -5.40606e-005 0.00698752 1.03573 
3.56667 0.00393508 -7.45662e-005 0.00653316 1.03752 
3.6 0.00386761 -0.000120208 0.00637929 1.03952 
3.63333 0.00387097 -0.000216757 0.00841885 1.04405 
3.66667 0.00388653 -0.000309552 0.00979249 1.04848 
3.7 0.00390613 -0.000365498 0.0111445 1.05334 
3.73333 0.00390556 -0.000391176 0.0140824 1.06052 
3.76667 0.0039238 -0.000388616 0.0166496 1.06824 
3.8 0.00394248 -0.000311469 0.0183719 1.07583 
3.83333 0.00389496 -0.000348187 0.0193573 1.08311 
3.86667 0.00387085 -0.00030043 0.0192944 1.08949 
3.9 0.00388023 -0.000233821 0.0171499 1.09339 
3.93333 0.00397531 -0.000172328 0.0153161 1.09694 
3.96667 0.00403988 -8.79974e-005 0.0121877 1.09836 
4 0.00417168 -0.000111031 0.0118056 1.10197 
4.03333 0.00424885 -0.000126895 0.00975308 1.10348 
4.06667 0.00423827 -8.75242e-005 0.00773446 1.10435 
4.1 0.00428601 -0.000132173 0.00680408 1.10583 
4.13333 0.00425868 -0.000218171 0.00629703 1.1075 
4.16667 0.00431128 -0.000219135 0.00818153 1.11182 
4.2 0.0043177 -0.000302681 0.00913679 1.11568 
4.23333 0.00427595 -0.000416961 0.0114347 1.12144 
4.26667 0.00434622 -0.000513717 0.0152346 1.12973 
4.3 0.00439655 -0.000581918 0.0171826 1.13711 
4.33333 0.00439209 -0.000589179 0.0185508 1.14445 
4.36667 0.00447742 -0.000555307 0.0199463 1.15228 
4.4 0.00442565 -0.000444667 0.0199793 1.15897 
4.43333 0.0044884 -0.000357937 0.0203753 1.1661 
4.46667 0.00451919 -0.000262332 0.0182017 1.17032 
4.5 0.00458625 -0.00022177 0.0155114 1.17322 
4.53333 0.00466294 -0.000279155 0.0128921 1.17529 
4.56667 0.00478873 -0.000280767 0.0101963 1.17641 
4.6 0.00490887 -0.000317183 0.0084084 1.1777 
4.63333 0.00489761 -0.000356726 0.00814718 1.18019 
4.66667 0.00488312 -0.000464699 0.00876931 1.18364 
4.7 0.00488289 -0.000600989 0.0101507 1.1882 
4.73333 0.00482734 -0.000592117 0.00973083 1.19108 
4.76667 0.00481724 -0.000692115 0.0125772 1.19769 
4.8 0.0048532 -0.000763771 0.0157189 1.20559 
4.83333 0.00487659 -0.000740661 0.0193584 1.21512 
4.86667 0.00490989 -0.000707311 0.0226528 1.22547 
4.9 0.00487562 -0.000738927 0.0227052 1.23308 
4.93333 0.00489667 -0.000685708 0.0236189 1.24173 
4.96667 0.00490385 -0.000568868 0.022392 1.24815 
5 0.00485884 -0.000530578 0.0190581 1.25168 
5.03333 0.00481065 -0.000415055 0.0167666 1.25533 
5.06667 0.00488538 -0.000379177 0.0148896 1.2587 
5.1 0.00490344 -0.000384727 0.0116499 1.25984 
5.13333 0.00503466 -0.000443061 0.0107693 1.26268 
5.16667 0.00496059 -0.000546285 0.0088658 1.26403 
5.2 0.00497872 -0.000643876 0.00897952 1.26712 
5.23333 0.00502675 -0.000687998 0.0113677 1.27293 
5.26667 0.00496233 -0.000718282 0.0124232 1.27796 
5.3 0.00493151 -0.000729145 0.0145199 1.28458 
5.33333 0.00491195 -0.000798293 0.0172859 1.29268 
5.36667 0.00497656 -0.000898854 0.0199679 1.30161 
5.4 0.00505098 -0.000858345 0.0215662 1.31015 
5.43333 0.00512272 -0.00081525 0.0226067 1.31857 
5.46667 0.00522529 -0.000831017 0.0233948 1.32704 
5.5 0.00526686 -0.000694743 0.0210288 1.33204 
5.53333 0.00530331 -0.000644453 0.0191987 1.33689 
5.56667 0.00533434 -0.000635174 0.0163915 1.33998 
5.6 0.00533178 -0.000663776 0.0134673 1.34199 
5.63333 0.00533556 -0.000697983 0.0117164 1.34441 
5.66667 0.00537713 -0.000721493 0.0102393 1.34657 
5.7 0.00547784 -0.000826629 0.00941664 1.34902 
5.73333 0.00545711 -0.000842031 0.0123783 1.35565 
5.76667 0.00554305 -0.00098341 0.0136769 1.36131 
5.8 0.00557242 -0.00106573 0.0169898 1.36978 
5.83333 0.00549503 -0.00109258 0.0198836 1.37886 
5.86667 0.00543218 -0.00113403 0.0224232 1.38848 
5.9 0.00547684 -0.00111981 0.0244764 1.39838 
5.93333 0.00546172 -0.00108926 0.0254673 1.40771 
5.96667 0.00546959 -0.00106647 0.0242972 1.41482 
6 0.00556085 -0.001007 0.0242143 1.42282 
6.03333 0.00561027 -0.000944315 0.0230185 1.42948 
6.06667 0.00568276 -0.000890574 0.0208244 1.43456 
6.1 0.00571726 -0.000866034 0.0190959 1.43946 
6.13333 0.00572972 -0.000912986 0.0158673 1.44202 
6.16667 0.00569635 -0.000904142 0.0135895 1.44462 
6.2 0.00565311 -0.000952986 0.012789 1.4482 
6.23333 0.00557406 -0.00107821 0.0142194 1.45415 
6.26667 0.00553294 -0.00122285 0.0137888 1.45839 
6.3 0.00551497 -0.00124521 0.01561 1.46513 
6.33333 0.00552804 -0.00125225 0.0179845 1.47314 
6.36667 0.00559757 -0.0012755 0.0213965 1.48316 
6.4 0.00559782 -0.00127581 0.0241112 1.4935 
6.43333 0.0055137 -0.00116631 0.0273232 1.50533 
6.46667 0.00553835 -0.00115119 0.0271252 1.5142 
6.5 0.00547942 -0.00106107 0.0271318 1.52325 
6.53333 0.00548468 -0.000989426 0.0252074 1.53002 
6.56667 0.00562855 -0.000957634 0.0234216 1.53632 
6.6 0.00564948 -0.000886977 0.0217015 1.54209 
6.63333 0.00568451 -0.000881003 0.0196672 1.54693 
6.66667 0.00571636 -0.000860831 0.0186053 1.55223 
6.7 0.00573382 -0.000936427 0.0170342 1.55658 
6.73333 0.00571489 -0.00102611 0.016174 1.56124 
6.76667 0.0056904 -0.00114042 0.0164903 1.567 
6.8 0.00562339 -0.00121615 0.0179328 1.5742 
6.83333 0.00566533 -0.00123142 0.0204637 1.58317 
6.86667 0.00561479 -0.00119725 0.0244062 1.59464 
6.9 0.00561119 -0.00123326 0.0279852 1.607 
6.93333 0.00554577 -0.00124665 0.0293576 1.61795 
6.96667 0.00559453 -0.00125772 0.0309612 1.62963 
7 0.00562892 -0.0010831 0.0332314 1.64263 
7.03333 0.00558206 -0.00105679 0.031502 1.65167 
7.06667 0.00563181 -0.000987172 0.0291941 1.65944 
7.1 0.00558605 -0.000935552 0.025993 1.6654 
7.13333 0.00561384 -0.000935637 0.0230759 1.67062 
7.16667 0.0056602 -0.000957305 0.0205776 1.67536 
7.2 0.00574223 -0.00100439 0.0176063 1.67871 
7.23333 0.00576585 -0.00108248 0.0162873 1.68302 
7.26667 0.00574851 -0.00118416 0.0153124 1.6873 
7.3 0.00574801 -0.00128496 0.0163367 1.69361 
7.33333 0.00576343 -0.00140561 0.0170236 1.69987 
7.36667 0.00574359 -0.00144725 0.0197537 1.70877 
7.4 0.00580726 -0.0016013 0.0214184 1.71732 
7.43333 0.00578017 -0.00158327 0.0246341 1.72825 
7.46667 0.00574143 -0.0015376 0.0272288 1.73953 
7.5 0.00570503 -0.00143587 0.0292603 1.751 
7.53333 0.00579534 -0.00138347 0.0293945 1.76091 
7.56667 0.0056868 -0.00134158 0.0277368 1.76875 
7.6 0.00571063 -0.00130698 0.0252702 1.77509 
7.63333 0.00578492 -0.00123518 0.0231201 1.78097 
7.66667 0.00583251 -0.00118802 0.0217617 1.78708 
7.7 0.00589646 -0.0011438 0.0179267 1.7898 
7.73333 0.00592607 -0.00120211 0.0143499 1.79156 
7.76667 0.00599562 -0.00126795 0.0142419 1.79621 
7.8 0.00600633 -0.00140362 0.0155543 1.80251 
7.83333 0.00598506 -0.00146925 0.0169647 1.80936 
7.86667 0.0059371 -0.00153872 0.0183421 1.81664 
7.9 0.00589511 -0.00165915 0.0190043 1.82354 
7.93333 0.00584837 -0.00168296 0.0228161 1.83437 
7.96667 0.00584923 -0.00165939 0.0263157 1.84611 
8 0.0058854 -0.0016286 0.0294451 1.85857 
8.03333 0.00576541 -0.00158934 0.0296726 1.86866 
8.06667 0.00575502 -0.00154316 0.0306627 1.87972 
8.1 0.00576646 -0.00146283 0.0291169 1.88811 
8.13333 0.0056805 -0.00131914 0.0268397 1.89513 
8.16667 0.00573161 -0.00128215 0.0243634 1.90115 
8.2 0.00576474 -0.00127317 0.0223204 1.90686 
8.23333 0.00581329 -0.00132587 0.019687 1.91119 
8.26667 0.0058532 -0.0013349 0.0184913 1.91635 
8.3 0.00589858 -0.00138161 0.0167142 1.92041 
8.33333 0.00590998 -0.00146226 0.0164892 1.92572 
8.36667 0.00587302 -0.00158433 0.0165462 1.93128 
8.4 0.00591468 -0.00166513 0.0175555 1.93799 
8.43333 0.00584105 -0.00171142 0.0200193 1.94675 
8.46667 0.00577223 -0.00181347 0.0236132 1.95766 
8.5 0.00580306 -0.00180417 0.0257615 1.96807 
8.53333 0.00588534 -0.00173869 0.027499 1.97871 
8.56667 0.00590399 -0.00170189 0.0285605 1.98913 
8.6 0.00589795 -0.00163694 0.0296982 1.99999 
8.63333 0.00590059 -0.00148242 0.0295547 2.00972 
8.66667 0.00593158 -0.00140447 0.0273423 2.01696 
8.7 0.00596147 -0.00134208 0.0246532 2.0229 
8.73333 0.00600214 -0.0013078 0.0218769 2.02784 
8.76667 0.00610833 -0.00126395 0.0201518 2.0331 
8.8 0.00615912 -0.00126101 0.0180804 2.03737 
