0.199 15 -50 
0.277 15 -50 
0.356 15 -50 
0.45 15 -50 
0.512 15 -50 
0.574 15 -50 
0.654 15 -50 
0.731 15 -50 
0.809 15 -50 
0.886 15 -50 
0.949 15 -50 
1.011 15 -50 
1.074 15 -50 
1.136 15 -50 
1.199 15 -50 
1.277 15 -50 
1.355 15 -50 
1.403 15 -50 
1.48 15 -50 
1.544 15 -50 
1.606 15 -50 
1.683 15 -50 
1.747 15 -50 
1.809 15 -50 
1.872 15 -50 
1.933 15 -50 
2.011 15 -50 
2.074 15 -50 
2.152 15 -50 
2.214 15 -50 
2.277 15 -50 
2.341 15 -50 
2.403 15 -50 
2.496 15 -50 
2.575 15 -50 
2.636 15 -50 
2.7 15 -50 
2.763 15 -50 
2.856 15 -50 
2.918 15 -50 
2.982 15 -50 
3.043 15 -50 
3.106 15 -50 
3.169 15 -50 
3.246 15 -50 
3.325 15 -50 
3.371 15 -50 
3.45 15 -50 
3.511 15 -50 
3.575 15 -50 
3.653 15 -50 
3.716 15 -50 
3.778 15 -50 
3.841 15 -50 
3.902 15 -50 
3.981 15 -50 
4.043 15 -50 
4.122 15 -50 
4.183 15 -50 
4.246 15 -50 
4.308 15 -50 
4.372 15 -50 
4.45 15 -50 
4.527 15 -50 
4.605 15 -50 
4.667 15 -50 
4.747 15 -50 
4.809 15 -50 
4.886 15 -50 
4.95 15 -50 
5.011 15 -50 
5.074 15 -50 
5.136 15 -50 
5.2 15 -50 
5.277 15 -50 
5.34 15 -50 
5.418 15 -50 
5.481 15 -50 
5.544 15 -50 
5.606 15 -50 
5.685 15 -50 
5.746 15 -50 
5.809 15 -50 
5.888 15 -50 
5.965 15 -50 
6.043 15 -50 
6.122 15 -50 
6.184 15 -50 
6.247 15 -50 
6.31 15 -50 
6.372 15 -50 
6.45 15 -50 
6.511 15 -50 
6.575 15 -50 
6.636 15 -50 
6.7 15 -50 
6.777 15 -50 
6.855 15 -50 
6.918 15 -50 
6.981 15 -50 
7.044 15 -50 
7.122 15 -50 
7.2 15 -50 
7.278 15 -50 
7.339 15 -50 
7.418 15 -50 
7.481 15 -50 
7.544 15 -50 
7.606 15 -50 
7.684 15 -50 
7.746 15 -50 
7.81 15 -50 
7.871 15 -50 
7.935 15 -50 
7.997 15 -50 
8.091 15 -50 
8.154 15 -50 
8.215 15 -50 
8.278 15 -50 
8.339 15 -50 
8.417 15 -50 
8.48 15 -50 
8.559 15 -50 
8.622 15 -50 
8.7 15 -50 
8.762 15 -50 
8.857 15 -50 
8.919 15 -50 
8.981 15 -50 
9.044 15 -50 
9.106 15 -50 
9.168 15 -50 
9.246 15 -50 
9.309 15 -50 
9.372 15 -50 
9.449 15 -50 
9.513 15 -50 
9.576 15 -50 
9.653 15 -50 
9.715 15 -50 
9.778 15 -50 
9.839 15 -50 
9.917 15 -50 
10.013 15 -50 
10.091 15 -50 
10.153 15 -50 
10.215 15 -50 
10.277 15 -50 
10.34 15 -50 
10.403 15 -50 
10.481 15 -50 
10.544 15 -50 
10.605 15 -50 
10.668 15 -50 
10.746 15 -50 
10.809 15 -50 
10.887 15 -50 
10.95 15 -50 
11.027 15 -50 
11.121 15 -50 
11.2 15 -50 
11.277 15 -50 
11.341 15 -50 
11.418 15 -50 
11.48 15 -50 
11.544 15 -50 
11.605 15 -50 
11.684 15 -50 
11.746 15 -50 
11.81 15 -50 
11.887 15 -50 
11.934 15 -50 
12.012 15 -50 
12.09 15 -50 
12.154 15 -50 
12.215 15 -50 
12.278 15 -50 
12.34 15 -50 
12.403 15 -50 
12.481 15 -50 
12.543 15 -50 
12.605 15 -50 
12.668 15 -50 
12.73 15 -50 
12.808 15 -50 
12.886 15 -50 
12.95 15 -50 
13.012 15 -50 
13.074 15 -50 
13.137 15 -50 
13.2 15 -50 
13.277 15 -50 
13.34 15 -50 
13.417 15 -50 
13.48 15 -50 
13.543 15 -50 
13.606 15 -50 
13.684 15 -50 
13.746 15 -50 
13.808 15 -50 
13.871 15 -50 
13.933 15 -50 
13.997 15 -50 
14.09 15 -50 
14.153 15 -50 
14.215 15 -50 
14.278 15 -50 
14.339 15 -50 
14.403 15 -50 
14.481 15 -50 
14.542 15 -50 
14.605 15 -50 
14.668 15 -50 
14.732 15 -50 
14.81 15 -50 
14.888 15 -50 
14.95 15 -50 
15.012 15 -50 
15.075 15 -50 
15.137 15 -50 
15.215 15 -50 
15.278 15 -50 
15.357 15 -50 
15.45 15 -50 
15.497 15 -50 
15.575 15 -50 
15.654 15 -50 
15.716 15 -50 
15.778 15 -50 
15.84 15 -50 
15.903 15 -50 
15.98 15 -50 
16.043 15 -50 
16.121 15 -50 
16.185 15 -50 
16.246 15 -50 
16.309 15 -50 
16.372 15 -50 
16.449 15 -50 
16.512 15 -50 
16.591 15 -50 
16.668 15 -50 
16.746 15 -50 
16.809 15 -50 
16.887 15 -50 
16.95 15 -50 
17.013 15 -50 
17.074 15 -50 
17.138 15 -50 
17.2 15 -50 
17.293 15 -50 
17.371 15 -50 
17.45 15 -50 
17.512 15 -50 
17.574 15 -50 
17.652 15 -50 
17.716 15 -50 
17.778 15 -50 
17.841 15 -50 
17.903 15 -50 
17.965 15 -50 
18.058 15 -50 
