1.000000 0.015143 0.000549 0.683843 0.750159 0.740500 0.281491 
1.033330 0.018019 0.004935 0.622717 0.778269 0.740733 0.281634 
1.066670 0.018162 0.010573 0.547963 0.789071 0.740993 0.282611 
1.100000 0.018956 0.012618 0.377947 0.799689 0.740775 0.282855 
1.133330 0.023374 0.010225 0.018494 0.837387 0.741708 0.284607 
1.166670 0.029409 0.009506 -0.341215 0.803175 0.740552 0.283887 
1.200000 0.030793 0.009737 -0.424097 0.797361 0.743093 0.286254 
1.233330 0.024584 0.009654 -0.269062 0.774114 0.742035 0.286736 
1.266670 0.019366 0.007023 -0.151764 0.778823 0.742932 0.287382 
1.300000 0.021908 0.002301 -0.187302 0.781740 0.743463 0.287708 
1.333330 0.030578 -0.003496 -0.222879 0.758068 0.743001 0.288841 
1.366670 0.036021 -0.006136 -0.120089 0.760939 0.744900 0.288866 
1.400000 0.031099 -0.002850 0.074552 0.749828 0.746326 0.289754 
1.433330 0.021145 -0.001907 0.271502 0.773806 0.746138 0.291040 
1.466670 0.015865 -0.003391 0.416350 0.759581 0.746479 0.290278 
1.500000 0.017380 -0.005373 0.463902 0.802762 0.748146 0.291049 
1.533330 0.025789 -0.002851 0.473640 0.806381 0.746986 0.291982 
1.566670 0.035318 0.007499 0.563570 0.813761 0.748887 0.291060 
1.600000 0.034276 0.018960 0.676665 0.848081 0.749525 0.293437 
1.633330 0.025011 0.019840 0.602241 0.858755 0.749604 0.295836 
1.666670 0.025903 0.010748 0.243654 0.893031 0.748151 0.294945 
1.700000 0.032694 0.006615 -0.204543 0.887189 0.750007 0.295510 
1.733330 0.026736 0.006566 -0.413901 0.867260 0.751034 0.298632 
1.766670 0.014097 0.002249 -0.319767 0.847690 0.749991 0.298126 
1.800000 0.015576 -0.002105 -0.164637 0.849867 0.750858 0.297862 
1.833330 0.032102 -0.000304 -0.091996 0.855684 0.751447 0.298962 
1.866670 0.047637 0.005253 -0.038465 0.828030 0.751873 0.299365 
1.900000 0.047996 0.003594 -0.008169 0.847973 0.753598 0.301750 
1.933330 0.031924 -0.004475 -0.025560 0.846470 0.754033 0.302351 
1.966670 0.014963 -0.012478 0.042001 0.840253 0.754920 0.303598 
2.000000 0.013504 -0.009143 0.247971 0.833288 0.755386 0.301863 
2.033330 0.024581 0.002651 0.443706 0.867079 0.755895 0.302714 
2.066670 0.031233 0.008872 0.555422 0.874251 0.756562 0.303998 
2.100000 0.026583 0.005043 0.621581 0.884382 0.756330 0.306046 
2.133330 0.020308 0.001298 0.626383 0.927492 0.757765 0.304417 
2.166670 0.021391 0.004787 0.547615 0.927923 0.757239 0.306976 
2.200000 0.030646 0.010519 0.360792 0.951412 0.757916 0.306457 
2.233330 0.041195 0.014855 0.031996 0.962984 0.758099 0.307832 
2.266670 0.044075 0.014735 -0.285089 0.963326 0.758593 0.310336 
2.300000 0.038027 0.011403 -0.333903 0.931892 0.759016 0.310919 
2.333330 0.030783 0.005569 -0.165310 0.923821 0.759561 0.312153 
2.366670 0.029942 -0.000305 -0.094828 0.938936 0.760011 0.313650 
2.400000 0.036893 -0.004052 -0.222070 0.924274 0.760429 0.312787 
2.433330 0.041063 -0.008889 -0.318170 0.921528 0.761735 0.315171 
2.466670 0.035046 -0.014993 -0.169606 0.896510 0.762851 0.316013 
2.500000 0.028502 -0.020098 0.159438 0.903441 0.764127 0.316044 
2.533330 0.031935 -0.016626 0.433226 0.911064 0.764465 0.315887 
2.566670 0.037122 -0.005061 0.543900 0.945210 0.766225 0.317059 
2.600000 0.034980 0.007637 0.563521 0.936314 0.767615 0.317952 
2.633330 0.030466 0.007797 0.552097 0.983193 0.766018 0.319854 
2.666670 0.028392 0.003006 0.509613 0.978634 0.767698 0.319377 
2.700000 0.025902 0.001190 0.429577 1.008850 0.768057 0.321202 
2.733330 0.023729 0.005187 0.299882 1.014690 0.768332 0.321839 
2.766670 0.030272 0.008968 0.117891 1.024740 0.768591 0.322013 
2.800000 0.043794 0.009531 -0.107154 1.024040 0.768445 0.323569 
2.833330 0.050740 0.007502 -0.338162 1.017440 0.769422 0.325059 
2.866670 0.047645 0.004425 -0.456601 1.008720 0.770867 0.327562 
2.900000 0.044598 0.000652 -0.366659 0.976760 0.770138 0.327258 
2.933330 0.043140 -0.006781 -0.173525 0.975897 0.772136 0.329369 
2.966670 0.036337 -0.014012 -0.030776 0.983754 0.772686 0.330542 
3.000000 0.029935 -0.014870 0.107353 0.972380 0.774265 0.330862 
3.033330 0.032489 -0.009215 0.315235 0.976999 0.774475 0.330774 
3.066670 0.039117 -0.003288 0.498570 0.998836 0.775877 0.332037 
3.100000 0.040944 -0.002501 0.566466 1.018790 0.776370 0.334156 
3.133330 0.036338 -0.005241 0.548148 1.027350 0.776995 0.333353 
3.166670 0.026545 -0.006959 0.491208 1.061400 0.778127 0.336238 
3.200000 0.019497 -0.000770 0.410312 1.055510 0.778484 0.335611 
3.233330 0.025961 0.007552 0.310137 1.090720 0.779005 0.335927 
3.266670 0.041262 0.008557 0.191281 1.077930 0.778459 0.337272 
3.300000 0.049671 -0.000896 0.036056 1.095580 0.778979 0.339544 
3.333330 0.047182 -0.004491 -0.140021 1.093470 0.781063 0.340561 
3.366670 0.043975 0.002898 -0.247290 1.079860 0.781030 0.341216 
3.400000 0.046311 0.009473 -0.257165 1.071220 0.781704 0.343278 
3.433330 0.052605 0.007500 -0.265493 1.064950 0.781974 0.344898 
3.466670 0.055763 0.002302 -0.293515 1.062050 0.782312 0.345792 
3.500000 0.047557 0.000417 -0.208059 1.045400 0.784636 0.348545 
3.533330 0.031836 -0.003504 0.027520 1.030950 0.784132 0.349103 
3.566670 0.024049 -0.014209 0.238366 1.056880 0.785029 0.349883 
3.600000 0.033658 -0.023473 0.299268 1.052640 0.785936 0.350099 
3.633330 0.049936 -0.024389 0.314180 1.076510 0.787156 0.350217 
3.666670 0.055222 -0.014276 0.447504 1.073310 0.789642 0.352515 
3.700000 0.044315 -0.001941 0.667741 1.090680 0.789896 0.354107 
3.733330 0.032145 0.006897 0.775936 1.130410 0.790733 0.354604 
3.766670 0.027000 0.008790 0.666031 1.146940 0.790627 0.355249 
3.800000 0.025944 0.004546 0.371576 1.165660 0.790059 0.357628 
3.833330 0.032341 0.004570 -0.031554 1.179110 0.791819 0.357395 
3.866670 0.047972 0.010947 -0.374688 1.167670 0.790936 0.357645 
3.900000 0.059219 0.013167 -0.436838 1.147200 0.791434 0.361520 
3.933330 0.059469 0.007215 -0.203750 1.133650 0.792524 0.363151 
3.966670 0.056874 0.000784 0.013398 1.121790 0.792171 0.363773 
4.000000 0.051928 -0.005760 -0.073081 1.157390 0.794256 0.366276 
4.033330 0.042013 -0.011075 -0.300324 1.128850 0.794648 0.368090 
4.066670 0.035912 -0.016887 -0.279453 1.112570 0.794835 0.368165 
4.100000 0.040209 -0.012928 0.052974 1.112420 0.797075 0.369299 
4.133330 0.048440 -0.004731 0.400855 1.107940 0.798203 0.369328 
4.166670 0.053612 -0.012775 0.554857 1.160070 0.797478 0.373460 
4.200000 0.058535 -0.023738 0.615796 1.146860 0.799416 0.372737 
4.233330 0.059176 -0.022864 0.659910 1.172080 0.802080 0.374178 
4.266670 0.048609 -0.010466 0.572975 1.213490 0.802557 0.377112 
4.300000 0.035191 0.002519 0.379776 1.219190 0.803356 0.378031 
4.333330 0.035106 0.011916 0.234558 1.214170 0.802839 0.377773 
4.366670 0.048700 0.018042 0.139634 1.248790 0.803761 0.380618 
4.400000 0.058317 0.021108 0.013741 1.220440 0.802872 0.381223 
4.433330 0.058171 0.009914 -0.152047 1.247480 0.803491 0.385322 
4.466670 0.055742 -0.005582 -0.274180 1.223380 0.803603 0.385731 
4.500000 0.059539 -0.017611 -0.276558 1.210550 0.804648 0.387156 
4.533330 0.059991 -0.017997 -0.206209 1.211390 0.806379 0.389384 
4.566670 0.050138 -0.009889 -0.122424 1.203650 0.807925 0.391251 
4.600000 0.038859 -0.008077 -0.008592 1.196010 0.808179 0.391864 
4.633330 0.034988 -0.016045 0.118675 1.202080 0.807816 0.393298 
4.666670 0.037979 -0.018876 0.237029 1.209560 0.810571 0.394138 
4.700000 0.046234 -0.012202 0.418519 1.221970 0.811592 0.394494 
4.733330 0.055564 -0.006974 0.680721 1.220920 0.810543 0.396703 
4.766670 0.057218 -0.008383 0.865872 1.274130 0.813225 0.398590 
4.800000 0.051456 -0.003248 0.829186 1.286400 0.813587 0.399826 
4.833330 0.045697 0.002740 0.588766 1.322210 0.813518 0.401895 
4.866670 0.045118 0.005565 0.257963 1.335460 0.814217 0.402726 
4.900000 0.048169 0.003802 -0.063233 1.327550 0.814019 0.404738 
4.933330 0.049661 -0.000700 -0.311655 1.337090 0.814314 0.406021 
4.966670 0.046608 0.001049 -0.403498 1.313420 0.814888 0.408071 
5.000000 0.044594 0.005550 -0.327419 1.291110 0.816146 0.409292 
5.033330 0.051814 0.000834 -0.232146 1.299440 0.814549 0.410486 
5.066670 0.063243 -0.011318 -0.200244 1.288380 0.816036 0.412587 
5.100000 0.064889 -0.019830 -0.134055 1.273840 0.817542 0.414267 
5.133330 0.055181 -0.020004 0.058425 1.283000 0.818693 0.417422 
5.166670 0.048746 -0.012224 0.335770 1.277020 0.819569 0.416868 
5.200000 0.048950 -0.005908 0.523336 1.291350 0.820575 0.418940 
5.233330 0.048058 -0.009277 0.524640 1.338420 0.820745 0.421633 
5.266670 0.047721 -0.016639 0.506839 1.322160 0.821633 0.421527 
5.300000 0.053709 -0.023087 0.588705 1.349200 0.822577 0.424114 
5.333330 0.064131 -0.019147 0.607807 1.374320 0.824150 0.424580 
5.366670 0.069797 -0.008195 0.445387 1.398490 0.825110 0.427755 
5.400000 0.068344 0.004316 0.197252 1.397500 0.824935 0.430311 
5.433330 0.065437 0.012683 -0.028437 1.407150 0.825588 0.431367 
5.466670 0.062191 0.013535 -0.164099 1.407170 0.825557 0.434458 
5.500000 0.054767 0.002723 -0.166739 1.384250 0.824409 0.436452 
5.533330 0.044755 -0.014650 -0.113054 1.393080 0.825886 0.437641 
5.566670 0.039654 -0.021362 -0.108416 1.390100 0.826535 0.439626 
5.600000 0.047508 -0.016950 -0.128153 1.379720 0.828077 0.439649 
5.633330 0.063407 -0.014386 -0.063978 1.380840 0.828117 0.441737 
5.666670 0.070268 -0.017457 0.175158 1.384650 0.828534 0.444028 
5.700000 0.062886 -0.017118 0.522610 1.367150 0.831602 0.447438 
5.733330 0.051323 -0.017384 0.749670 1.437080 0.830302 0.446863 
5.766670 0.044595 -0.012516 0.748047 1.423940 0.832382 0.449917 
5.800000 0.040702 -0.011291 0.605688 1.474720 0.832592 0.451582 
5.833330 0.045626 -0.008233 0.416902 1.473590 0.832597 0.451066 
5.866670 0.054873 -0.005156 0.230045 1.494770 0.833596 0.454179 
5.900000 0.061062 0.001349 0.086344 1.494780 0.833577 0.456244 
5.933330 0.066038 0.007425 0.014198 1.496570 0.833567 0.457277 
5.966670 0.070554 0.007997 0.000053 1.494800 0.833538 0.460376 
6.000000 0.070657 -0.001553 -0.002770 1.498190 0.833376 0.462743 
6.033330 0.068385 -0.017196 -0.050302 1.495720 0.833494 0.465026 
6.066670 0.066107 -0.027469 -0.194672 1.486140 0.835024 0.466600 
6.100000 0.058118 -0.026382 -0.330503 1.506320 0.835957 0.469356 
6.133330 0.047263 -0.014339 -0.197314 1.453680 0.837555 0.471293 
6.166670 0.039526 -0.013417 0.167358 1.464350 0.836924 0.471422 
6.200000 0.039628 -0.023313 0.386116 1.486040 0.837950 0.473905 
6.233330 0.044495 -0.028599 0.397896 1.515180 0.838557 0.474413 
6.266670 0.053726 -0.016240 0.518355 1.486170 0.841522 0.475975 
6.300000 0.062086 -0.004164 0.793430 1.538510 0.839549 0.478569 
6.333330 0.066544 0.003807 0.935899 1.555860 0.840710 0.479559 
6.366670 0.061994 0.006321 0.803437 1.601340 0.840538 0.483244 
6.400000 0.050802 0.007758 0.512540 1.612060 0.840013 0.484271 
6.433330 0.043714 0.003677 0.215339 1.627380 0.839225 0.486017 
6.466670 0.049054 -0.001238 -0.008946 1.632310 0.839984 0.487379 
6.500000 0.063304 -0.003332 -0.121885 1.623030 0.839457 0.488694 
6.533330 0.072240 -0.004692 -0.131712 1.623700 0.839431 0.491515 
6.566670 0.068194 -0.004756 -0.110755 1.612060 0.839918 0.494664 
6.600000 0.059737 -0.007725 -0.128033 1.621860 0.839393 0.495661 
6.633330 0.057783 -0.013698 -0.179460 1.601090 0.840401 0.498270 
6.666670 0.059663 -0.025698 -0.178307 1.613220 0.839794 0.499457 
6.700000 0.059333 -0.032746 -0.003266 1.590430 0.841911 0.502445 
6.733330 0.056409 -0.032081 0.369390 1.600770 0.842413 0.504010 
6.766670 0.060305 -0.021533 0.781494 1.622540 0.843426 0.506102 
6.800000 0.066702 -0.007786 0.988532 1.644530 0.844454 0.506638 
6.833330 0.058929 -0.004752 0.879160 1.703550 0.843375 0.511812 
6.866670 0.041490 -0.009235 0.628613 1.706140 0.843236 0.511873 
6.900000 0.036947 -0.013911 0.502223 1.736280 0.843922 0.512924 
6.933330 0.048294 -0.004819 0.460198 1.726910 0.844389 0.513906 
6.966670 0.055819 0.006110 0.219504 1.772120 0.844361 0.517023 
7.000000 0.054197 0.008686 -0.199983 1.772180 0.842006 0.518410 
7.033330 0.054821 0.002559 -0.409997 1.737300 0.842793 0.519075 
7.066670 0.062329 -0.003926 -0.272501 1.726940 0.842248 0.522185 
7.100000 0.070084 -0.008079 -0.087164 1.732290 0.842058 0.523677 
7.133330 0.071861 -0.014023 -0.093458 1.726920 0.842211 0.526343 
7.166670 0.063808 -0.024311 -0.182601 1.731720 0.841737 0.528767 
7.200000 0.053657 -0.031076 -0.121766 1.706050 0.843197 0.531562 
7.233330 0.053201 -0.033881 0.137368 1.717890 0.843710 0.532091 
7.266670 0.063273 -0.030184 0.437835 1.717830 0.844725 0.534190 
7.300000 0.069170 -0.026257 0.622795 1.750960 0.845209 0.537842 
7.333330 0.069058 -0.022515 0.663822 1.759500 0.845712 0.539412 
7.366670 0.064539 -0.019785 0.638529 1.796830 0.844931 0.541146 
7.400000 0.055592 -0.006227 0.638786 1.801310 0.846833 0.544912 
7.433330 0.047569 0.007879 0.645834 1.831010 0.845140 0.545653 
7.466670 0.050874 0.007729 0.535594 1.848800 0.844530 0.546575 
7.500000 0.060024 -0.005428 0.273737 1.874980 0.843348 0.548090 
7.533330 0.063616 -0.009699 0.003454 1.862590 0.844050 0.551888 
7.566670 0.061779 -0.004348 -0.112022 1.876060 0.843528 0.552400 
7.600000 0.060489 0.001823 -0.103367 1.845490 0.842706 0.554969 
7.633330 0.061769 -0.004790 -0.187128 1.865750 0.841695 0.557154 
7.666670 0.064908 -0.014638 -0.385732 1.861180 0.842161 0.558089 
7.700000 0.065759 -0.022287 -0.357093 1.832110 0.841785 0.561870 
7.733330 0.060823 -0.028287 0.065724 1.810750 0.841877 0.563325 
7.766670 0.051839 -0.030601 0.507308 1.839730 0.842553 0.565369 
7.800000 0.045820 -0.025808 0.567598 1.865470 0.843905 0.568059 
7.833330 0.047538 -0.023153 0.388371 1.882990 0.842865 0.568562 
7.866670 0.055847 -0.022456 0.424746 1.887090 0.843365 0.570586 
7.900000 0.062310 -0.013933 0.764843 1.883430 0.844376 0.573290 
7.933330 0.060600 -0.006966 0.972884 1.944410 0.843322 0.575361 
7.966670 0.053813 -0.008424 0.747090 1.976090 0.842263 0.576415 
8.000000 0.049300 -0.013722 0.333760 1.992080 0.841892 0.579392 
8.033330 0.053758 -0.007807 0.029352 1.972790 0.842904 0.579409 
8.066670 0.061091 0.000991 -0.191872 2.002810 0.841703 0.582649 
8.100000 0.064343 0.003957 -0.319060 1.981550 0.839616 0.584179 
8.133330 0.065313 -0.002641 -0.210228 1.955700 0.839911 0.585141 
8.166670 0.067037 -0.012281 0.027862 1.963530 0.838764 0.588985 
8.200000 0.070205 -0.019743 0.121347 1.974410 0.838528 0.589912 
8.233330 0.072493 -0.024807 0.021763 1.970270 0.838504 0.592528 
8.266670 0.067383 -0.029022 -0.083570 1.975910 0.837952 0.596181 
8.300000 0.058203 -0.030097 -0.001432 1.965510 0.838327 0.597471 
8.333330 0.052630 -0.028115 0.268957 1.962210 0.838436 0.599855 
8.366670 0.049879 -0.024359 0.527361 1.988150 0.839117 0.601529 
8.400000 0.048991 -0.021117 0.635138 2.008730 0.838398 0.604045 
8.433330 0.057291 -0.018328 0.660338 2.024830 0.838000 0.605085 
8.466670 0.074394 -0.012073 0.698904 2.050900 0.839277 0.606917 
8.500000 0.078957 -0.002332 0.714234 2.068680 0.836654 0.609928 
8.533330 0.060257 0.004459 0.584842 2.099510 0.835200 0.613418 
8.566670 0.042963 0.008544 0.274154 2.112210 0.834859 0.612887 
8.600000 0.048793 0.007381 -0.043495 2.126090 0.834240 0.613995 
8.633330 0.065295 0.003651 -0.152872 2.097490 0.832234 0.615645 
8.666670 0.073628 -0.004450 -0.111693 2.103690 0.831520 0.618592 
8.700000 0.071503 -0.012386 -0.140808 2.106760 0.830237 0.619603 
8.733330 0.068797 -0.015614 -0.196307 2.100770 0.829624 0.623128 
