0.7 0.00375695 0.000417084 -0.000992297 -0.298177 
0.733333 0.00395619 0.00052723 -0.00323339 -0.301684 
0.766667 0.00408365 0.000607547 -0.00543101 -0.304483 
0.8 0.00424405 0.000657323 -0.00617419 -0.306511 
0.833333 0.00432341 0.000700025 -0.0123361 -0.315928 
0.866667 0.00440275 0.000837174 -0.0161073 -0.324442 
0.9 0.00440592 0.000814609 -0.0194844 -0.333945 
0.933333 0.0045285 0.000835333 -0.0182199 -0.338965 
0.966667 0.00460265 0.00073494 -0.0169821 -0.343594 
1 0.0046322 0.000583329 -0.0146647 -0.34652 
1.03333 0.00468079 0.000472848 -0.0120592 -0.348334 
1.06667 0.00483252 0.000396271 -0.00854105 -0.348201 
1.1 0.00492682 0.000409629 -0.0038801 -0.345545 
1.13333 0.00492969 0.000482161 -0.000728436 -0.343117 
1.16667 0.00493289 0.000501593 -0.00220176 -0.345099 
1.2 0.00489034 0.000636193 -0.00457677 -0.348636 
1.23333 0.00481847 0.00077764 -0.00738801 -0.35348 
1.26667 0.00482024 0.000920622 -0.013075 -0.362656 
1.3 0.00485861 0.0010747 -0.0157054 -0.37012 
1.33333 0.00494772 0.00114482 -0.0170135 -0.376899 
1.36667 0.0050176 0.00103015 -0.0194075 -0.385396 
1.4 0.00508066 0.000807026 -0.0197446 -0.392263 
1.43333 0.00508641 0.000642984 -0.0169617 -0.39556 
1.46667 0.00507732 0.000542538 -0.0137073 -0.397372 
1.5 0.00518653 0.000458396 -0.0102302 -0.397836 
1.53333 0.00526924 0.000461093 -0.00776452 -0.398336 
1.56667 0.00538631 0.000438709 -0.00240074 -0.394592 
1.6 0.00547521 0.000460507 -0.000143884 -0.392728 
1.63333 0.00551564 0.000541877 -0.00169847 -0.394611 
1.66667 0.00550238 0.000712159 -0.00461478 -0.39862 
1.7 0.00550968 0.000879113 -0.0072156 -0.403229 
1.73333 0.0056283 0.000957022 -0.0110892 -0.410206 
1.76667 0.00564127 0.00102945 -0.0143131 -0.417708 
1.8 0.00556881 0.0011034 -0.0190273 -0.428044 
1.83333 0.00554802 0.00114647 -0.0216809 -0.437519 
1.86667 0.00563907 0.00104649 -0.0213951 -0.444409 
1.9 0.00568483 0.000918714 -0.0205013 -0.450486 
1.93333 0.00577247 0.000803011 -0.0167089 -0.452843 
1.96667 0.00584105 0.000683168 -0.0125231 -0.453471 
2 0.0059346 0.00059091 -0.00747091 -0.451681 
2.03333 0.00600156 0.000499111 -0.00566167 -0.452036 
2.06667 0.00601389 0.000562958 -0.00513812 -0.453305 
2.1 0.00609529 0.000672837 -0.00310961 -0.452623 
2.13333 0.00603765 0.000914641 -0.00397733 -0.454684 
2.16667 0.00608123 0.00105825 -0.00651865 -0.45901 
2.2 0.00616984 0.00114524 -0.00918329 -0.464328 
2.23333 0.00613156 0.00123998 -0.0111764 -0.469742 
2.26667 0.00605911 0.00118903 -0.015265 -0.478294 
2.3 0.00603209 0.00117908 -0.0187501 -0.487496 
2.33333 0.00605098 0.00106735 -0.0187038 -0.493692 
2.36667 0.00611259 0.00095759 -0.0181046 -0.499219 
2.4 0.00618509 0.000817219 -0.0159172 -0.502672 
2.43333 0.00630736 0.00085565 -0.0115798 -0.502857 
2.46667 0.00639308 0.000786495 -0.00678522 -0.501058 
2.5 0.00644619 0.000708674 -0.00417773 -0.500241 
2.53333 0.00662676 0.000710757 0.000225607 -0.496436 
2.56667 0.00680649 0.000608011 -0.000275849 -0.496953 
2.6 0.0067754 0.00071109 -0.00302176 -0.500286 
2.63333 0.00684069 0.000902611 -0.00522733 -0.503897 
2.66667 0.00685207 0.0009894 -0.00921997 -0.510352 
2.7 0.00688219 0.00112373 -0.0129355 -0.517812 
2.73333 0.00694987 0.00125058 -0.0161554 -0.525925 
2.76667 0.00703723 0.00125336 -0.0177096 -0.533144 
2.8 0.00708809 0.00114091 -0.0186106 -0.540111 
2.83333 0.00705186 0.00108356 -0.0194353 -0.547288 
2.86667 0.00712781 0.000939612 -0.0183292 -0.552461 
2.9 0.00716921 0.000827292 -0.0150837 -0.55474 
2.93333 0.00721594 0.000724609 -0.0121276 -0.556278 
2.96667 0.00730442 0.000675565 -0.00937889 -0.557076 
3 0.00738937 0.000702295 -0.00634535 -0.556621 
3.03333 0.0073938 0.000720076 -0.00376707 -0.555693 
3.06667 0.00741519 0.000887447 -0.00341749 -0.556536 
3.1 0.00742943 0.000947083 -0.00406373 -0.558438 
3.13333 0.00738243 0.00101954 -0.00724487 -0.563547 
3.16667 0.00738235 0.00102358 -0.0138472 -0.573756 
3.2 0.00735617 0.00112602 -0.0197403 -0.585328 
3.23333 0.00735093 0.00118214 -0.0225683 -0.595247 
3.26667 0.00730024 0.00121105 -0.0263346 -0.607216 
3.3 0.0072087 0.00128784 -0.0248858 -0.614284 
3.33333 0.0072885 0.0012019 -0.0220009 -0.619173 
3.36667 0.00731268 0.00108406 -0.0187563 -0.622677 
3.4 0.0073133 0.000984659 -0.0150269 -0.624527 
3.43333 0.00741334 0.000867678 -0.0116055 -0.625497 
3.46667 0.00739816 0.000724602 -0.00907321 -0.626376 
3.5 0.00740661 0.000754738 -0.00768847 -0.627766 
3.53333 0.00749576 0.000846218 -0.00633222 -0.628728 
3.56667 0.00754263 0.000921017 -0.00660903 -0.631165 
3.6 0.00760182 0.00105267 -0.00872785 -0.635869 
3.63333 0.00767284 0.00117979 -0.0124291 -0.643148 
3.66667 0.00769007 0.00128276 -0.0169159 -0.652587 
3.7 0.00770122 0.00131959 -0.0212117 -0.663297 
3.73333 0.00770227 0.00126791 -0.0237046 -0.67331 
3.76667 0.00775919 0.00121277 -0.0253154 -0.683113 
3.8 0.00775514 0.00103915 -0.0249677 -0.691141 
3.83333 0.00773978 0.000989006 -0.0245127 -0.698927 
3.86667 0.00782832 0.000968595 -0.0211257 -0.703099 
3.9 0.00786206 0.000855259 -0.015934 -0.704013 
3.93333 0.00798035 0.000839357 -0.00996415 -0.702277 
3.96667 0.00807489 0.000933082 -0.0081621 -0.703471 
4 0.00844987 0.00105062 -0.00953264 -0.70781 
4.03333 0.00876557 0.00121227 -0.0139031 -0.716146 
4.06667 0.0090135 0.00134192 -0.0170829 -0.724534 
4.1 0.00916663 0.00144074 -0.0196842 -0.733299 
4.13333 0.00934709 0.00144209 -0.0212466 -0.741705 
4.16667 0.00939089 0.00151787 -0.021908 -0.749568 
4.2 0.00953449 0.00155879 -0.02271 -0.757817 
4.23333 0.00968231 0.00150041 -0.0212718 -0.76369 
4.26667 0.00970914 0.00147727 -0.0197766 -0.769015 
4.3 0.009791 0.00144457 -0.0180408 -0.773558 
4.33333 0.00992725 0.00141361 -0.0165712 -0.777837 
4.36667 0.0100399 0.00140875 -0.0171672 -0.784064 
4.4 0.0101422 0.00145549 -0.0152883 -0.787569 
4.43333 0.0101049 0.00145488 -0.0154263 -0.792828 
4.46667 0.0102178 0.00161673 -0.01476 -0.797184 
4.5 0.0102099 0.00165063 -0.0166953 -0.804388 
4.53333 0.0102238 0.00178596 -0.0177521 -0.811201 
4.56667 0.0104097 0.00177596 -0.0171664 -0.816427 
4.6 0.0104979 0.00175667 -0.0177156 -0.822797 
4.63333 0.0105652 0.00172582 -0.0199373 -0.831325 
4.66667 0.0105754 0.00170568 -0.0200778 -0.838136 
4.7 0.0105735 0.00159302 -0.0197553 -0.844448 
4.73333 0.01031 0.0014078 -0.0159719 -0.846567 
4.76667 0.0100939 0.00120332 -0.0130092 -0.848394 
4.8 0.00991337 0.00118094 -0.0111557 -0.850542 
4.83333 0.0098797 0.00119615 -0.0112593 -0.854383 
4.86667 0.00980931 0.00130588 -0.0137547 -0.861082 
4.9 0.0098246 0.00137683 -0.0166116 -0.869039 
4.93333 0.00979507 0.00141491 -0.0202244 -0.878841 
4.96667 0.00970382 0.00145457 -0.0251413 -0.891387 
5 0.00971314 0.00144977 -0.0286745 -0.903938 
5.03333 0.00974154 0.0014391 -0.0283903 -0.913161 
5.06667 0.00969952 0.00133078 -0.0282678 -0.92248 
5.1 0.00970376 0.00124394 -0.0231444 -0.925854 
5.13333 0.00984335 0.0010959 -0.0205026 -0.930451 
5.16667 0.010059 0.00116467 -0.0142384 -0.92989 
5.2 0.0100967 0.00105069 -0.0158875 -0.936583 
5.23333 0.0102362 0.00113918 -0.0141076 -0.939778 
5.26667 0.0102814 0.00114385 -0.017577 -0.948576 
5.3 0.0102238 0.00136286 -0.019814 -0.957076 
5.33333 0.0102964 0.00138852 -0.0237327 -0.968306 
5.36667 0.0103647 0.00147917 -0.0242851 -0.976869 
5.4 0.0104101 0.00139088 -0.0271661 -0.988365 
5.43333 0.0105712 0.00134351 -0.0295882 -1.00028 
5.46667 0.0106667 0.00127653 -0.0303798 -1.01108 
5.5 0.0107385 0.0012715 -0.0276314 -1.01796 
5.53333 0.010763 0.0012057 -0.0251967 -1.0243 
5.56667 0.0106759 0.00118152 -0.0209938 -1.02773 
5.6 0.0106406 0.00116009 -0.0179595 -1.03115 
5.63333 0.0106833 0.0012078 -0.0158092 -1.0346 
5.66667 0.0106988 0.00127238 -0.01731 -1.04164 
5.7 0.0107861 0.00128931 -0.0172734 -1.04737 
5.73333 0.0107754 0.00138118 -0.0183219 -1.05436 
5.76667 0.0108757 0.00146731 -0.0215537 -1.06428 
5.8 0.0109487 0.00146912 -0.0230652 -1.07325 
5.83333 0.0109685 0.00143692 -0.0280496 -1.08682 
5.86667 0.0109115 0.00145313 -0.0285112 -1.09672 
5.9 0.0108569 0.00124733 -0.0315429 -1.1098 
