0.248 20 20 
0.358 20 20 
0.452 20 20 
0.513 20 20 
0.607 20 20 
0.716 20 20 
0.795 20 20 
0.888 20 20 
0.967 20 20 
1.028 20 20 
1.091 20 20 
1.17 20 20 
1.248 20 20 
1.342 20 20 
1.435 20 20 
1.528 20 20 
1.591 20 20 
1.655 20 20 
1.717 20 20 
1.811 20 20 
1.905 20 20 
1.983 20 20 
2.06 20 20 
2.154 20 20 
2.232 20 20 
2.31 20 20 
2.387 20 20 
2.482 20 20 
2.559 20 20 
2.622 20 20 
2.7 20 20 
2.795 20 20 
2.92 20 20 
2.998 20 20 
3.061 20 20 
3.123 20 20 
3.186 20 20 
3.247 20 20 
3.31 20 20 
3.388 20 20 
3.466 20 20 
3.56 20 20 
3.623 20 20 
3.686 20 20 
3.764 20 20 
3.842 20 20 
3.919 20 20 
4.013 20 20 
4.075 20 20 
4.169 20 20 
4.232 20 20 
4.295 20 20 
4.372 20 20 
4.45 20 20 
4.514 20 20 
4.639 20 20 
4.732 20 20 
4.826 20 20 
4.92 20 20 
5.014 20 20 
5.108 20 20 
5.185 20 20 
5.28 20 20 
5.358 20 20 
5.42 20 20 
5.498 20 20 
5.591 20 20 
5.654 20 20 
5.748 20 20 
5.826 20 20 
5.888 20 20 
5.951 20 20 
6.012 20 20 
6.075 20 20 
6.17 20 20 
6.264 20 20 
6.325 20 20 
6.388 20 20 
6.498 20 20 
6.576 20 20 
6.67 20 20 
6.748 20 20 
6.826 20 20 
6.888 20 20 
6.967 20 20 
7.045 20 20 
7.123 20 20 
7.202 20 20 
7.263 20 20 
7.357 20 20 
7.436 20 20 
7.529 20 20 
7.638 20 20 
7.717 20 20 
7.795 20 20 
7.857 20 20 
7.92 20 20 
7.998 20 20 
8.076 20 20 
8.169 20 20 
8.263 20 20 
8.325 20 20 
8.388 20 20 
8.467 20 20 
8.561 20 20 
8.622 20 20 
8.685 20 20 
8.747 20 20 
8.858 20 20 
8.983 20 20 
9.076 20 20 
9.17 20 20 
9.248 20 20 
9.31 20 20 
9.404 20 20 
9.482 20 20 
9.56 20 20 
9.654 20 20 
9.732 20 20 
9.795 20 20 
9.872 20 20 
9.95 20 20 
10.028 20 20 
10.108 20 20 
10.2 20 20 
10.264 20 20 
10.325 20 20 
10.388 20 20 
