0.066667 0.033213 0.010989 0.318056 -0.252908 0.650631 0.622451 
0.100000 0.031038 0.003060 0.427685 -0.235789 0.652805 0.620567 
0.133333 0.033351 -0.006473 0.637172 -0.252913 0.652708 0.621446 
0.166667 0.044456 -0.011088 0.744238 -0.195693 0.653747 0.619705 
0.200000 0.053853 -0.008196 0.635506 -0.185317 0.656282 0.620267 
0.233333 0.053668 0.003380 0.400052 -0.159430 0.657385 0.618923 
0.266667 0.046405 0.023888 0.215802 -0.156367 0.659634 0.618714 
0.300000 0.034031 0.034147 0.018347 -0.166457 0.660220 0.620012 
0.333333 0.021876 0.021877 -0.372443 -0.135092 0.663214 0.622191 
0.366667 0.017514 0.005788 -0.833649 -0.173902 0.661999 0.621051 
0.400000 0.025692 -0.001252 -1.078208 -0.224645 0.662616 0.620804 
0.433333 0.033766 -0.008669 -1.021963 -0.233320 0.664793 0.621419 
0.466667 0.035695 -0.019055 -0.643878 -0.276069 0.665150 0.620393 
0.500000 0.037301 -0.020323 -0.027570 -0.313420 0.666495 0.619138 
0.533333 0.041041 -0.010194 0.420667 -0.269411 0.666446 0.617653 
0.566667 0.046350 -0.000755 0.464514 -0.252145 0.669026 0.617602 
0.600000 0.049606 -0.002563 0.390524 -0.249614 0.670352 0.618177 
0.633333 0.050307 -0.002473 0.439508 -0.252913 0.671326 0.616577 
0.666667 0.047769 0.009979 0.461840 -0.198859 0.673754 0.615945 
0.700000 0.043493 0.032908 0.267101 -0.229450 0.674930 0.616646 
0.733333 0.044984 0.041639 -0.095574 -0.172293 0.676520 0.618103 
0.766667 0.042971 0.040458 -0.396558 -0.229050 0.678504 0.618916 
0.800000 0.044003 0.027150 -0.534183 -0.227589 0.680348 0.619924 
0.833333 0.050513 0.010148 -0.664469 -0.248073 0.681755 0.619823 
0.866667 0.060868 -0.007495 -0.797457 -0.262176 0.682577 0.620110 
0.900000 0.063387 -0.014636 -0.617551 -0.295504 0.686700 0.618850 
0.933333 0.057334 -0.006259 -0.040763 -0.343519 0.686784 0.616350 
0.966667 0.052690 -0.001939 0.502160 -0.282019 0.688729 0.617379 
1.000000 0.052769 -0.007332 0.651541 -0.289005 0.690842 0.616395 
1.033330 0.053440 -0.021897 0.542193 -0.247943 0.692456 0.615830 
1.066670 0.054994 -0.021485 0.469403 -0.248442 0.693274 0.613846 
1.100000 0.048833 -0.003973 0.418153 -0.240718 0.695001 0.613029 
1.133330 0.030929 0.016915 0.126009 -0.209133 0.697622 0.612642 
1.166670 0.017871 0.028650 -0.371418 -0.201574 0.698006 0.614137 
1.200000 0.024989 0.027371 -0.676860 -0.262703 0.697015 0.614460 
1.233330 0.046527 0.018093 -0.607269 -0.251190 0.700523 0.615797 
1.266670 0.059807 0.017965 -0.406474 -0.297667 0.701366 0.614942 
1.300000 0.062703 0.021507 -0.430891 -0.290407 0.703913 0.614078 
1.333330 0.058374 0.017139 -0.689734 -0.290590 0.705861 0.616192 
1.366670 0.050366 0.005439 -0.714311 -0.340961 0.708455 0.615195 
1.400000 0.047953 -0.000566 -0.231877 -0.377007 0.709455 0.614185 
1.433330 0.055895 -0.000679 0.364497 -0.351108 0.709990 0.613264 
1.466670 0.065405 -0.007495 0.661429 -0.317298 0.713112 0.614238 
1.500000 0.066871 -0.017667 0.709660 -0.325428 0.715450 0.611485 
1.533330 0.064582 -0.024508 0.640029 -0.280558 0.716262 0.610638 
1.566670 0.065400 -0.018553 0.486820 -0.258367 0.718201 0.609571 
1.600000 0.063154 -0.002252 0.297506 -0.267764 0.721171 0.607957 
1.633330 0.054114 0.015287 0.024660 -0.243033 0.721916 0.607986 
1.666670 0.043941 0.030346 -0.361176 -0.240333 0.725057 0.608607 
1.700000 0.037663 0.036476 -0.694524 -0.284990 0.725326 0.608704 
1.733330 0.039169 0.028163 -0.823122 -0.285569 0.727437 0.610966 
1.766670 0.042922 0.014493 -0.791284 -0.338304 0.729173 0.609837 
1.800000 0.054934 -0.001776 -0.728114 -0.351572 0.730538 0.609769 
1.833330 0.075277 -0.014288 -0.567638 -0.349058 0.731805 0.610067 
1.866670 0.087989 -0.008399 -0.137194 -0.420926 0.734468 0.606749 
1.900000 0.077353 -0.002137 0.348600 -0.381219 0.738240 0.605642 
1.933330 0.061969 0.003008 0.518924 -0.346535 0.739648 0.605718 
1.966670 0.063686 0.002533 0.455921 -0.362089 0.740842 0.604556 
2.000000 0.077073 -0.003531 0.392738 -0.329584 0.743371 0.605062 
2.033330 0.082487 0.001920 0.253583 -0.335278 0.746704 0.602005 
2.066670 0.076246 0.013320 -0.048213 -0.298129 0.748142 0.602484 
2.100000 0.068065 0.030068 -0.328616 -0.334198 0.752326 0.602336 
2.133330 0.066516 0.040333 -0.453331 -0.349080 0.752522 0.602905 
2.166670 0.067286 0.041033 -0.561213 -0.344683 0.756899 0.603069 
2.200000 0.064005 0.026080 -0.752211 -0.387911 0.758688 0.603178 
2.233330 0.066993 -0.004935 -0.815595 -0.385936 0.761773 0.605222 
2.266670 0.076326 -0.015233 -0.486914 -0.444386 0.761852 0.601054 
2.300000 0.077663 -0.004589 0.021709 -0.463854 0.764987 0.598839 
2.333330 0.068093 -0.000969 0.221287 -0.395877 0.768269 0.600962 
2.366670 0.060986 0.002701 0.194313 -0.430826 0.769061 0.597480 
2.400000 0.064826 0.006985 0.402789 -0.417768 0.770648 0.598068 
2.433330 0.070762 0.011531 0.711817 -0.426467 0.773292 0.596521 
2.466670 0.067287 0.000488 0.605229 -0.334395 0.776274 0.597445 
2.500000 0.054322 0.000456 0.135989 -0.365313 0.777502 0.595093 
2.533330 0.045836 0.010385 -0.229977 -0.363786 0.779328 0.595015 
2.566670 0.053141 0.022235 -0.405736 -0.374604 0.780505 0.595114 
2.600000 0.073119 0.018321 -0.659474 -0.394158 0.782573 0.595153 
2.633330 0.087699 -0.002594 -1.014354 -0.393212 0.785839 0.595684 
2.666670 0.083154 -0.009940 -1.121888 -0.469955 0.788812 0.592132 
2.700000 0.066785 -0.001893 -0.767763 -0.490637 0.790197 0.591035 
2.733330 0.058943 0.012641 -0.188787 -0.510786 0.791974 0.590461 
2.766670 0.067012 0.013135 0.208447 -0.508348 0.794000 0.590660 
2.800000 0.080253 0.003348 0.290311 -0.479677 0.797046 0.589725 
2.833330 0.086409 0.005980 0.336394 -0.480349 0.798229 0.587378 
2.866670 0.085567 0.019956 0.597992 -0.486273 0.802492 0.586722 
2.900000 0.088437 0.022032 0.824282 -0.447040 0.804401 0.586130 
2.933330 0.094136 0.007002 0.633199 -0.403207 0.807080 0.586935 
2.966670 0.092389 -0.002751 0.109029 -0.402474 0.812031 0.583898 
3.000000 0.085648 0.009101 -0.381316 -0.408003 0.812294 0.582934 
3.033330 0.081332 0.035653 -0.702964 -0.432615 0.816333 0.582476 
3.066670 0.076847 0.047868 -0.952289 -0.456705 0.818691 0.582910 
3.100000 0.069884 0.029960 -1.072233 -0.469464 0.822946 0.583693 
3.133330 0.067394 0.001580 -0.861310 -0.555390 0.824246 0.582791 
3.166670 0.076500 -0.021962 -0.365275 -0.530366 0.825661 0.581310 
3.200000 0.088046 -0.015712 0.119314 -0.565421 0.828057 0.578392 
3.233330 0.085882 -0.001177 0.356355 -0.535794 0.829325 0.577197 
3.266670 0.072233 0.010558 0.372157 -0.518090 0.834796 0.575250 
3.300000 0.064636 0.012772 0.408883 -0.516078 0.833480 0.575705 
3.333330 0.069498 0.009141 0.499523 -0.521373 0.837114 0.574726 
3.366670 0.074975 0.002292 0.380388 -0.461346 0.839641 0.573305 
3.400000 0.079276 0.007074 0.051020 -0.473037 0.841474 0.571930 
3.433330 0.089759 0.016161 -0.195081 -0.488695 0.843868 0.572236 
3.466670 0.095641 0.018814 -0.327325 -0.486133 0.846476 0.569770 
3.500000 0.080734 0.013397 -0.573363 -0.501912 0.851654 0.570287 
3.533330 0.056721 0.008324 -0.968388 -0.519767 0.852447 0.568550 
3.566670 0.051943 0.015341 -1.192142 -0.558949 0.853710 0.567528 
3.600000 0.077041 0.023376 -0.842496 -0.605575 0.855153 0.568005 
3.633330 0.115155 0.017857 0.025905 -0.641382 0.859450 0.567293 
3.666670 0.138431 -0.000394 0.762883 -0.603651 0.862831 0.564284 
3.700000 0.130603 -0.007660 0.835696 -0.557587 0.866052 0.560511 
3.733330 0.103792 -0.003290 0.461347 -0.541363 0.870746 0.558981 
3.766670 0.083215 -0.001507 0.194645 -0.546576 0.872350 0.557902 
3.800000 0.082009 0.000456 0.154399 -0.540730 0.874089 0.556397 
3.833330 0.090917 0.014218 0.011002 -0.532405 0.877126 0.554606 
3.866670 0.098226 0.034515 -0.405682 -0.516518 0.880691 0.553360 
3.900000 0.093311 0.050746 -0.847796 -0.569517 0.882237 0.554019 
3.933330 0.077733 0.039989 -1.017438 -0.576796 0.889615 0.553209 
3.966670 0.060601 0.019336 -0.920009 -0.647301 0.888635 0.552785 
4.000000 0.062129 -0.003284 -0.735891 -0.630689 0.891552 0.552598 
4.033330 0.077015 -0.010439 -0.500051 -0.682165 0.892765 0.549688 
4.066670 0.089379 -0.014625 -0.157516 -0.686193 0.894312 0.548595 
4.100000 0.090201 -0.011534 0.176340 -0.686730 0.898066 0.546079 
4.133330 0.083138 0.008854 0.327740 -0.669628 0.898492 0.543451 
4.166670 0.079324 0.025099 0.344418 -0.659043 0.900769 0.541839 
