0.7 0.00315531 -0.000473304 -0.00693269 -1.30887 
0.733333 0.00327332 -0.000408334 -0.0074416 -1.31356 
0.766667 0.00342673 -0.000385391 -0.00818178 -1.31677 
0.8 0.00358691 -0.000316441 -0.00901273 -1.31986 
0.833333 0.00358595 -0.000205165 -0.0117599 -1.32593 
0.866667 0.0036295 -0.000206489 -0.0143188 -1.33294 
0.9 0.003615 -0.000173278 -0.0165226 -1.3403 
0.933333 0.00360557 -0.000114053 -0.0191256 -1.34887 
0.966667 0.00359088 -0.000203345 -0.0231726 -1.36004 
1 0.0036074 -0.000220361 -0.0243485 -1.36916 
1.03333 0.00361028 -0.000318367 -0.026157 -1.37942 
1.06667 0.00375692 -0.000285714 -0.0213496 -1.38246 
1.1 0.00378296 -0.000400612 -0.0191372 -1.38697 
1.13333 0.00387117 -0.000434868 -0.0164542 -1.39018 
1.16667 0.0038933 -0.000408795 -0.0125478 -1.39105 
1.2 0.00397266 -0.000321386 -0.0109445 -1.39334 
1.23333 0.00398062 -0.000131562 -0.00908626 -1.3948 
1.26667 0.00414453 3.55004e-005 -0.00936928 -1.39816 
1.3 0.00420472 0.000117149 -0.0121434 -1.40456 
1.33333 0.0041426 6.40762e-005 -0.0150583 -1.41205 
1.36667 0.00415204 7.79126e-005 -0.0193577 -1.42214 
1.4 0.00419083 0.000102693 -0.022017 -1.43173 
1.43333 0.00415867 0.00010794 -0.024383 -1.44187 
1.46667 0.00423736 3.37751e-006 -0.0244468 -1.45007 
1.5 0.00433379 -9.97672e-005 -0.023707 -1.45735 
1.53333 0.00436653 -0.000149883 -0.0210677 -1.46213 
1.56667 0.00455671 -0.000203108 -0.0175156 -1.46496 
1.6 0.00472968 -0.000128441 -0.0154481 -1.46836 
1.63333 0.00486472 -1.91515e-005 -0.0148091 -1.47275 
1.66667 0.00499385 0.000123158 -0.0133584 -1.47598 
1.7 0.00514338 0.00016057 -0.0133612 -1.48043 
1.73333 0.00516507 0.000263739 -0.0150522 -1.48688 
1.76667 0.00515728 0.000369287 -0.0162608 -1.49333 
1.8 0.00510208 0.000316682 -0.0217231 -1.5052 
1.83333 0.00512338 0.000385314 -0.0251131 -1.51644 
1.86667 0.00509509 0.000384134 -0.026706 -1.52669 
1.9 0.00512375 0.000313773 -0.0268749 -1.53579 
1.93333 0.00519514 0.000204355 -0.0259419 -1.54365 
1.96667 0.00528039 6.99846e-005 -0.0264253 -1.55287 
2 0.00530333 8.35772e-006 -0.0231318 -1.55779 
2.03333 0.00529768 3.96986e-005 -0.0201588 -1.56199 
2.06667 0.00541355 0.000120849 -0.0183332 -1.56655 
2.1 0.00546007 6.07485e-005 -0.0173902 -1.57155 
2.13333 0.00540231 0.000128362 -0.0182842 -1.5784 
2.16667 0.00542089 0.000303293 -0.0168785 -1.58284 
2.2 0.00551373 0.000427543 -0.019256 -1.59127 
2.23333 0.00548595 0.000675221 -0.0198521 -1.59839 
2.26667 0.00545321 0.000645206 -0.0238029 -1.60967 
2.3 0.00538186 0.000646737 -0.0270448 -1.62144 
2.33333 0.00526469 0.000617436 -0.0285515 -1.63223 
2.36667 0.0052002 0.000473668 -0.0265174 -1.63935 
2.4 0.00526898 0.000381292 -0.0266668 -1.64836 
2.43333 0.0052505 0.000371177 -0.0246296 -1.65485 
2.46667 0.00532395 0.000280586 -0.0220854 -1.66005 
2.5 0.00544072 0.000239428 -0.0190115 -1.66378 
2.53333 0.00555973 0.00036748 -0.0135986 -1.66373 
2.56667 0.00562273 0.000414723 -0.0113105 -1.66556 
2.6 0.00569094 0.000505009 -0.0117106 -1.66981 
2.63333 0.00574564 0.000610491 -0.0134965 -1.67582 
2.66667 0.00558262 0.000763452 -0.0162713 -1.68359 
2.7 0.00556263 0.000844883 -0.0193103 -1.6926 
2.73333 0.00545818 0.000903148 -0.0215179 -1.70165 
2.76667 0.00543136 0.000824635 -0.0265264 -1.71473 
2.8 0.00542565 0.000779932 -0.0313355 -1.72925 
2.83333 0.00544686 0.000824779 -0.0310653 -1.73938 
2.86667 0.00557634 0.000709175 -0.0290407 -1.74734 
2.9 0.00564101 0.000562303 -0.0289457 -1.75691 
2.93333 0.00568684 0.000496111 -0.0254809 -1.76247 
2.96667 0.00571672 0.000376493 -0.0233895 -1.76849 
3 0.0057765 0.000546443 -0.0174107 -1.76923 
3.03333 0.00585441 0.000655092 -0.0133041 -1.77019 
3.06667 0.00599777 0.000725142 -0.0139312 -1.77536 
3.1 0.00609225 0.000975442 -0.0155865 -1.78196 
3.13333 0.00612908 0.0010522 -0.0186483 -1.79077 
3.16667 0.00619141 0.000986094 -0.0242682 -1.80362 
3.2 0.00621328 0.0010229 -0.028814 -1.81708 
3.23333 0.00623672 0.00106717 -0.0320055 -1.83045 
3.26667 0.00624147 0.000963806 -0.0364405 -1.84635 
3.3 0.00636515 0.000916493 -0.0375417 -1.8598 
3.33333 0.00653285 0.000938479 -0.0347589 -1.86903 
3.36667 0.00670219 0.000926834 -0.0329758 -1.87851 
3.4 0.0069033 0.000872008 -0.0322322 -1.88862 
3.43333 0.00704612 0.001011 -0.0270087 -1.8932 
3.46667 0.00720216 0.00108379 -0.025761 -1.90073 
3.5 0.00729908 0.00126685 -0.0232432 -1.90635 
3.53333 0.00729613 0.0014154 -0.0213021 -1.9118 
3.56667 0.00736209 0.00153553 -0.0230602 -1.92098 
3.6 0.0073956 0.00157667 -0.0273124 -1.93368 
3.63333 0.00739623 0.00170866 -0.0294606 -1.94533 
3.66667 0.00747247 0.00169682 -0.0324522 -1.95868 
3.7 0.00763346 0.00163667 -0.0350386 -1.97255 
3.73333 0.00777245 0.00160976 -0.0366992 -1.98619 
3.76667 0.00782405 0.0015968 -0.0369514 -1.99872 
3.8 0.00779978 0.00156153 -0.0355686 -2.0094 
3.83333 0.00785631 0.00149383 -0.0353966 -2.02106 
3.86667 0.00787662 0.0015539 -0.0313998 -2.02814 
3.9 0.0078306 0.00168453 -0.0273315 -2.0338 
3.93333 0.00781128 0.00179532 -0.0239036 -2.03886 
3.96667 0.00791933 0.0018624 -0.0239085 -2.04684 
4 0.00776456 0.00198254 -0.0247283 -2.05578 
4.03333 0.00768528 0.00215515 -0.0250302 -2.06437 
4.06667 0.00757246 0.00210773 -0.0301847 -2.0788 
4.1 0.00754424 0.00211994 -0.0331875 -2.09241 
4.13333 0.00758041 0.00218627 -0.0332008 -2.10349 
4.16667 0.00759491 0.00198524 -0.0372411 -2.11932 
4.2 0.00763743 0.00188163 -0.0367765 -2.13119 
4.23333 0.00774361 0.00182101 -0.0340706 -2.14025 
4.26667 0.00783114 0.00174544 -0.0313819 -2.14844 
4.3 0.00783856 0.00173172 -0.0291791 -2.1563 
4.33333 0.00777932 0.00183399 -0.0249776 -2.16106 
4.36667 0.00776456 0.00186302 -0.0234021 -2.16753 
4.4 0.00765072 0.00200106 -0.0234126 -2.17534 
4.43333 0.00752495 0.00221337 -0.0237321 -2.18352 
4.46667 0.00741094 0.00232096 -0.0265692 -2.19478 
4.5 0.00735638 0.00238271 -0.0304983 -2.20828 
4.53333 0.00740264 0.00238395 -0.0355951 -2.22446 
4.56667 0.00735599 0.00236663 -0.0364849 -2.23738 
4.6 0.00736003 0.00230218 -0.0376531 -2.25092 
4.63333 0.0074359 0.00224154 -0.0363694 -2.26195 
4.66667 0.00750274 0.00220801 -0.0350755 -2.27255 
4.7 0.00745451 0.002157 -0.032294 -2.28096 
4.73333 0.00766368 0.00211097 -0.0291256 -2.28798 
4.76667 0.00774313 0.00210135 -0.0281191 -2.2965 
4.8 0.00779569 0.00221821 -0.0228949 -2.29971 
4.83333 0.00775975 0.00231097 -0.0203677 -2.30436 
4.86667 0.00770875 0.00233312 -0.0207565 -2.3116 
4.9 0.00764617 0.00247134 -0.0214771 -2.31937 
4.93333 0.0075407 0.00262541 -0.025135 -2.33085 
4.96667 0.0074672 0.00262157 -0.0303634 -2.3454 
5 0.00743235 0.00273234 -0.0334757 -2.3592 
5.03333 0.00744285 0.00274861 -0.0349174 -2.37206 
5.06667 0.00749087 0.0027046 -0.0360055 -2.38498 
5.1 0.0075503 0.00262207 -0.0355524 -2.39645 
5.13333 0.00758919 0.00253587 -0.033119 -2.40543 
5.16667 0.00763418 0.00240539 -0.0312275 -2.41423 
5.2 0.00769433 0.00231082 -0.0289855 -2.422 
5.23333 0.00772274 0.00224707 -0.0254891 -2.42753 
5.26667 0.00770715 0.00233448 -0.019903 -2.42943 
5.3 0.00778952 0.00234813 -0.0200869 -2.43628 
5.33333 0.00775632 0.00243867 -0.0207767 -2.44379 
5.36667 0.00771186 0.0026482 -0.023029 -2.45338 
5.4 0.00770726 0.00269746 -0.025375 -2.46382 
5.43333 0.00771172 0.00279794 -0.0292579 -2.47687 
5.46667 0.00764236 0.00280745 -0.0321859 -2.49007 
5.5 0.00755116 0.00281168 -0.033662 -2.50255 
5.53333 0.00753584 0.00274584 -0.0361728 -2.51673 
5.56667 0.00752387 0.00264001 -0.0372885 -2.5301 
5.6 0.0075694 0.00259514 -0.0359812 -2.54099 
5.63333 0.00767333 0.00251822 -0.0337224 -2.55032 
5.66667 0.007799 0.00247735 -0.029751 -2.55687 
5.7 0.00786229 0.0024804 -0.0257265 -2.56204 
5.73333 0.00795038 0.00245808 -0.0230321 -2.56743 
5.76667 0.00793658 0.00249333 -0.0212325 -2.57299 
5.8 0.00791826 0.00261278 -0.0213808 -2.58024 
5.83333 0.00783327 0.00271995 -0.022268 -2.58841 
5.86667 0.00783207 0.00280778 -0.0248988 -2.59894 
5.9 0.00782984 0.00290521 -0.0271867 -2.60994 
5.93333 0.00782095 0.00297455 -0.0302864 -2.62266 
5.96667 0.00781988 0.00293919 -0.0330148 -2.63598 
6 0.00787883 0.00288898 -0.0358747 -2.65036 
6.03333 0.00787521 0.00286623 -0.0354943 -2.66187 
6.06667 0.0079251 0.00274976 -0.0344646 -2.67248 
6.1 0.00804502 0.00260704 -0.0324378 -2.68158 
6.13333 0.00810017 0.00258794 -0.030188 -2.68974 
6.16667 0.00815975 0.00256907 -0.0262289 -2.69513 
6.2 0.00821449 0.00255681 -0.0253383 -2.70282 
6.23333 0.00826864 0.00260496 -0.0245268 -2.71031 
6.26667 0.00822897 0.00270129 -0.0241631 -2.71805 
6.3 0.00819564 0.00283823 -0.0245496 -2.72656 
6.33333 0.00810329 0.00294762 -0.0267151 -2.7373 
6.36667 0.00796803 0.00303312 -0.0295942 -2.74961 
6.4 0.00780621 0.00302301 -0.0333368 -2.76389 
6.43333 0.00771477 0.00302879 -0.0360707 -2.77823 
6.46667 0.00768763 0.00294981 -0.0386624 -2.79331 
6.5 0.00774869 0.002926 -0.0389571 -2.80655 
6.53333 0.00785748 0.00278441 -0.0381306 -2.81856 
6.56667 0.00794537 0.00271532 -0.0355921 -2.82827 
6.6 0.00802725 0.00266818 -0.0325242 -2.83651 
6.63333 0.00809424 0.00262903 -0.0297969 -2.84413 
6.66667 0.0080997 0.00259511 -0.026762 -2.85048 
6.7 0.00816138 0.00271031 -0.0261038 -2.85863 
6.73333 0.00812138 0.00276726 -0.0248166 -2.86581 
6.76667 0.00816647 0.0028269 -0.0253768 -2.87474 
6.8 0.00811819 0.00294563 -0.0281493 -2.88647 
6.83333 0.00798631 0.00305198 -0.032093 -2.90051 
6.86667 0.00791302 0.00308914 -0.0365429 -2.91646 
6.9 0.00785936 0.00297698 -0.0389111 -2.93144 
6.93333 0.00783033 0.00293242 -0.0396427 -2.94527 
6.96667 0.00781873 0.00278182 -0.0391408 -2.9579 
7 0.00788277 0.00264199 -0.0391968 -2.97101 
7.03333 0.00791059 0.00252095 -0.0357972 -2.98006 
7.06667 0.0079207 0.00246083 -0.034387 -2.99033 
7.1 0.00799023 0.00246346 -0.031323 -2.99818 
7.13333 0.00807602 0.00252028 -0.0286641 -3.00548 
7.16667 0.00809673 0.00254244 -0.026606 -3.0126 
7.2 0.00803872 0.00262897 -0.0257869 -3.0205 
7.23333 0.00787414 0.00272056 -0.0251104 -3.0283 
7.26667 0.00779621 0.00281677 -0.0261229 -3.03787 
7.3 0.00784325 0.00289377 -0.0286292 -3.04953 
7.33333 0.00778593 0.00290467 -0.0318476 -3.06287 
7.36667 0.00774131 0.00289678 -0.0343063 -3.07639 
7.4 0.00783547 0.0028627 -0.0371198 -3.09115 
7.43333 0.00780752 0.00277476 -0.0373883 -3.10384 
7.46667 0.00785463 0.00268944 -0.0372738 -3.11617 
7.5 0.00780382 0.00263806 -0.0358991 -3.12697 
7.53333 0.00784865 0.00263001 -0.0335673 -3.13618 
7.56667 0.00790151 0.00257346 -0.0289526 -3.14192 
7.6 0.00796668 0.00251336 -0.0248365 -3.14672 
7.63333 0.00803434 0.00266915 -0.0222258 -3.15191 
7.66667 0.00810952 0.00278231 -0.0220241 -3.15908 
7.7 0.00817716 0.00289632 -0.0234033 -3.16805 
7.73333 0.0081692 0.00303271 -0.0257811 -3.17866 
7.76667 0.00811678 0.00310297 -0.0316169 -3.19414 
7.8 0.00812309 0.00313513 -0.0348066 -3.20845 
7.83333 0.00813538 0.00306683 -0.0382217 -3.22408 
7.86667 0.0081421 0.00293611 -0.0390849 -3.23784 
7.9 0.00817926 0.00293796 -0.0377151 -3.24925 
7.93333 0.00821104 0.00281648 -0.03709 -3.26109 
7.96667 0.00839608 0.0027271 -0.0371107 -3.27348 
8 0.00841275 0.00266042 -0.035314 -3.28372 
8.03333 0.00838406 0.00267978 -0.0339838 -3.29393 
8.06667 0.0083904 0.00274682 -0.0322326 -3.30319 
8.1 0.00847632 0.00277391 -0.0330026 -3.31484 
8.13333 0.00834533 0.00294179 -0.0293018 -3.32147 
8.16667 0.00827501 0.00303143 -0.029337 -3.33128 
8.2 0.00817936 0.00302591 -0.0317296 -3.34388 
8.23333 0.00805173 0.00308631 -0.0356373 -3.35907 
8.26667 0.00797784 0.00305969 -0.0382445 -3.37403 
8.3 0.0079003 0.00297662 -0.0414701 -3.39059 
8.33333 0.00779696 0.00293661 -0.0444211 -3.40789 
8.36667 0.00763833 0.00277652 -0.0452288 -3.42365 
8.4 0.00743406 0.00260954 -0.0439545 -3.43723 
8.43333 0.00716432 0.00240838 -0.0425261 -3.45019 
8.46667 0.00682841 0.0023226 -0.0382972 -3.45937 
8.5 0.00665166 0.00217843 -0.0336862 -3.4667 
8.53333 0.00639697 0.00208566 -0.0299692 -3.47354 
8.56667 0.00601512 0.00202301 -0.028424 -3.4817 
8.6 0.00554336 0.00207197 -0.0293787 -3.49231 
8.63333 0.00508486 0.00205211 -0.0327234 -3.50605 
8.66667 0.00469089 0.00212919 -0.0336653 -3.51807 
