0.533333 0.040770 -0.006980 0.443180 -1.406370 0.426683 0.569900 
0.566667 0.052522 0.012755 0.757833 -1.344280 0.428446 0.567857 
0.600000 0.059358 0.014073 0.668016 -1.309980 0.430014 0.566333 
0.633333 0.058559 0.002845 0.233527 -1.317420 0.430059 0.564782 
0.666667 0.048457 -0.004212 -0.234856 -1.295340 0.431204 0.563134 
0.700000 0.033739 0.004100 -0.583213 -1.333360 0.429785 0.559488 
0.733333 0.028147 0.010842 -0.801912 -1.340400 0.432164 0.562233 
0.766667 0.030200 0.009262 -0.851807 -1.373310 0.431730 0.559640 
0.800000 0.027430 0.000584 -0.660544 -1.404490 0.432297 0.557582 
0.833333 0.022654 -0.011167 -0.372487 -1.435500 0.432886 0.558802 
0.866667 0.022526 -0.019313 -0.291862 -1.411760 0.431608 0.556898 
0.900000 0.026954 -0.016045 -0.412270 -1.438130 0.431238 0.555930 
0.933333 0.034893 -0.008436 -0.407803 -1.457280 0.430868 0.555299 
0.966667 0.048264 -0.001986 -0.087649 -1.469470 0.431504 0.554024 
1.000000 0.061748 0.003315 0.425955 -1.455080 0.431086 0.551767 
1.033330 0.065137 0.004441 0.744752 -1.467550 0.430474 0.550315 
1.066670 0.054702 -0.010277 0.533769 -1.376710 0.434402 0.546732 
1.100000 0.041869 -0.009483 0.052008 -1.403620 0.430471 0.546700 
1.133330 0.037155 0.011687 -0.142508 -1.419660 0.431481 0.544389 
1.166670 0.040873 0.034286 -0.069748 -1.414900 0.433188 0.544166 
1.200000 0.049856 0.034374 -0.210510 -1.419110 0.434008 0.541609 
1.233330 0.057071 0.008934 -0.606094 -1.391840 0.436648 0.542602 
1.266670 0.050150 -0.012577 -0.803036 -1.480350 0.435409 0.537495 
1.300000 0.037550 -0.020316 -0.681012 -1.485040 0.435574 0.536760 
1.333330 0.040893 -0.010757 -0.536294 -1.474730 0.433652 0.537477 
1.366670 0.055864 -0.001296 -0.456511 -1.539510 0.434606 0.534644 
1.400000 0.059117 -0.013519 -0.315749 -1.506360 0.435866 0.531996 
1.433330 0.054449 -0.023824 -0.084853 -1.556260 0.433245 0.530278 
1.466670 0.055067 -0.023163 0.173189 -1.520860 0.433601 0.529727 
1.500000 0.065008 -0.003916 0.372306 -1.533370 0.432092 0.526222 
1.533330 0.073381 0.016622 0.391400 -1.509800 0.433226 0.525081 
1.566670 0.073070 0.029973 0.136748 -1.497750 0.433933 0.521933 
1.600000 0.064446 0.030294 -0.270474 -1.486520 0.435533 0.519411 
1.633330 0.054018 0.022495 -0.582035 -1.534820 0.436318 0.518182 
1.666670 0.047552 0.009130 -0.732385 -1.528200 0.437680 0.516814 
1.700000 0.039842 0.004364 -0.787699 -1.567500 0.436358 0.513912 
1.733330 0.036381 0.001369 -0.771666 -1.596980 0.437469 0.513898 
1.766670 0.040975 -0.007884 -0.681250 -1.609320 0.437494 0.513098 
1.800000 0.045625 -0.017979 -0.451323 -1.637810 0.436727 0.510229 
1.833330 0.048083 -0.021089 -0.027789 -1.650960 0.435625 0.509388 
1.866670 0.056503 -0.016444 0.411478 -1.645190 0.434946 0.508101 
1.900000 0.067942 -0.008770 0.577680 -1.615130 0.434805 0.506328 
1.933330 0.071027 0.002139 0.457586 -1.591970 0.433720 0.502365 
1.966670 0.063867 0.014519 0.291855 -1.594630 0.434901 0.501945 
2.000000 0.053899 0.016379 0.121784 -1.588600 0.434303 0.498202 
2.033330 0.047114 0.005243 -0.244033 -1.577460 0.436456 0.498014 
2.066670 0.045844 -0.000146 -0.691652 -1.575150 0.436090 0.495796 
2.100000 0.050757 0.018755 -0.824371 -1.649460 0.433549 0.493969 
2.133330 0.060992 0.037938 -0.651238 -1.657110 0.437302 0.493294 
2.166670 0.066444 0.034333 -0.566124 -1.653840 0.437920 0.490041 
2.200000 0.055721 0.011099 -0.696438 -1.706380 0.437433 0.487380 
2.233330 0.040545 -0.019023 -0.755833 -1.690060 0.439910 0.486098 
2.266670 0.036349 -0.025783 -0.416476 -1.757990 0.435041 0.485957 
2.300000 0.042724 -0.015322 0.182904 -1.756500 0.435690 0.483858 
2.333330 0.057958 -0.005423 0.462364 -1.723970 0.436206 0.482829 
2.366670 0.072371 -0.002068 0.235297 -1.691380 0.433970 0.481382 
2.400000 0.074402 0.003800 -0.002704 -1.726540 0.434686 0.476837 
2.433330 0.069863 0.008761 0.159219 -1.710150 0.434943 0.475736 
2.466670 0.070819 0.023453 0.512723 -1.711530 0.433739 0.473665 
2.500000 0.073081 0.032315 0.490688 -1.691450 0.434263 0.471129 
2.533330 0.066172 0.018506 -0.124191 -1.636650 0.437919 0.467086 
2.566670 0.050562 0.006696 -0.793472 -1.691260 0.435386 0.466889 
2.600000 0.036472 0.009815 -0.922846 -1.738520 0.435675 0.464856 
2.633330 0.028490 0.018117 -0.659845 -1.747390 0.436165 0.462827 
2.666670 0.032169 0.013510 -0.522242 -1.763000 0.437228 0.463907 
2.700000 0.043227 -0.003846 -0.732758 -1.792880 0.436958 0.460930 
2.733330 0.052676 -0.020693 -1.041699 -1.787540 0.436128 0.459675 
2.766670 0.064252 -0.018594 -0.928581 -1.865330 0.434421 0.458644 
2.800000 0.077504 -0.008277 -0.292459 -1.894570 0.433438 0.456265 
2.833330 0.086924 -0.003481 0.276912 -1.872240 0.432711 0.453739 
2.866670 0.084847 -0.002499 0.392644 -1.832340 0.432043 0.450464 
2.900000 0.070462 0.011644 0.389669 -1.864340 0.430391 0.448393 
2.933330 0.055051 0.028237 0.572377 -1.828670 0.431053 0.445529 
2.966670 0.052332 0.042001 0.666122 -1.822610 0.431490 0.444463 
3.000000 0.066756 0.040689 0.308679 -1.774240 0.433516 0.442206 
3.033330 0.080324 0.034087 -0.389415 -1.777530 0.433573 0.439274 
3.066670 0.082550 0.022800 -1.091265 -1.837820 0.432682 0.436061 
3.100000 0.078097 -0.009171 -1.618038 -1.836530 0.435220 0.433821 
3.133330 0.072222 -0.030456 -1.725952 -1.920360 0.432392 0.430680 
3.166670 0.068191 -0.020765 -1.191761 -1.992850 0.428499 0.430101 
3.200000 0.071288 0.004182 -0.353604 -2.007550 0.428906 0.428131 
3.233330 0.087299 0.012824 0.211119 -1.985640 0.429038 0.425186 
3.266670 0.104209 0.010042 0.393751 -1.986540 0.427721 0.421957 
3.300000 0.107905 0.012576 0.365396 -1.987090 0.425005 0.419371 
3.333330 0.094692 0.018274 0.252701 -1.941560 0.426021 0.414678 
3.366670 0.074065 0.035175 0.251518 -1.955980 0.424870 0.411696 
3.400000 0.061888 0.052373 0.305844 -1.985510 0.424054 0.411161 
3.433330 0.064261 0.047365 -0.000294 -1.893590 0.428545 0.406654 
3.466670 0.057353 0.035291 -0.658388 -1.953210 0.425874 0.404433 
3.500000 0.057598 0.016772 -1.186252 -1.988860 0.427364 0.402563 
3.533330 0.071971 0.000266 -1.359172 -2.014610 0.427247 0.401762 
3.566670 0.088301 -0.006464 -1.215817 -2.074110 0.425091 0.397758 
3.600000 0.096791 -0.008092 -0.820830 -2.111880 0.422309 0.395875 
3.633330 0.102864 -0.008833 -0.305226 -2.120420 0.422887 0.393340 
3.666670 0.103169 0.000588 0.228649 -2.122410 0.419119 0.390323 
3.700000 0.087721 0.022400 0.641030 -2.127760 0.416549 0.387580 
3.733330 0.068645 0.033063 0.646755 -2.074310 0.418025 0.383945 
3.766670 0.063195 0.031055 0.228694 -2.053210 0.418183 0.382091 
3.800000 0.070605 0.029061 -0.188685 -2.072890 0.416970 0.380877 
3.833330 0.073430 0.029307 -0.348571 -2.092900 0.416824 0.376993 
3.866670 0.068604 0.023300 -0.424658 -2.076130 0.416929 0.373441 
3.900000 0.067553 0.023897 -0.561520 -2.117470 0.415923 0.373427 
3.933330 0.069591 0.029974 -0.674959 -2.118960 0.416365 0.370834 
3.966670 0.061970 0.033753 -0.717370 -2.161060 0.413606 0.365560 
4.000000 0.062131 0.018126 -0.798363 -2.183160 0.416513 0.366567 
4.033330 0.081549 -0.004250 -0.877242 -2.176270 0.414771 0.362583 
4.066670 0.099966 -0.001257 -0.665815 -2.258980 0.410993 0.362095 
4.100000 0.099438 0.005105 -0.158158 -2.255310 0.409200 0.357694 
4.133330 0.091701 0.004868 0.295687 -2.229240 0.408952 0.355084 
4.166670 0.087711 0.010375 0.515643 -2.241990 0.406202 0.353946 
4.200000 0.082616 0.020435 0.462598 -2.214240 0.404012 0.351049 
4.233330 0.072129 0.027080 0.108715 -2.188280 0.404656 0.346921 
4.266670 0.062654 0.028212 -0.303660 -2.194640 0.403668 0.346403 
4.300000 0.059316 0.031581 -0.513703 -2.247030 0.402588 0.343399 
4.333330 0.063601 0.031887 -0.616236 -2.216750 0.403389 0.341247 
4.366670 0.066227 0.039526 -0.699666 -2.262670 0.402028 0.338871 
4.400000 0.067031 0.046473 -0.688100 -2.294290 0.401679 0.336597 
4.433330 0.068226 0.039805 -0.711847 -2.307750 0.401558 0.333226 
4.466670 0.073384 0.016527 -0.893123 -2.322030 0.401278 0.330924 
4.500000 0.080934 -0.003100 -0.889687 -2.350090 0.399787 0.329008 
4.533330 0.085215 0.001481 -0.395986 -2.428900 0.395461 0.327779 
4.566670 0.084718 0.005801 0.224682 -2.377040 0.395774 0.325575 
4.600000 0.082203 0.012142 0.475075 -2.374030 0.393106 0.322492 
4.633330 0.081922 0.018013 0.386527 -2.360250 0.390888 0.321476 
4.666670 0.087930 0.027524 0.218458 -2.352060 0.390724 0.318399 
4.700000 0.094690 0.036092 0.084799 -2.346040 0.388556 0.315897 
4.733330 0.092498 0.040286 0.029354 -2.337700 0.387226 0.311941 
4.766670 0.081051 0.041857 -0.000909 -2.363720 0.386289 0.309311 
4.800000 0.071806 0.032879 -0.190646 -2.329510 0.385655 0.306707 
4.833330 0.063765 0.026981 -0.580258 -2.357580 0.384731 0.303796 
4.866670 0.061112 0.023796 -0.982849 -2.388700 0.383384 0.302760 
4.900000 0.064971 0.021973 -1.200241 -2.412920 0.383037 0.300207 
4.933330 0.071029 0.023396 -1.105030 -2.466740 0.381868 0.298100 
4.966670 0.076645 0.025161 -0.732101 -2.508380 0.379021 0.296609 
5.000000 0.082977 0.018285 -0.305624 -2.498130 0.379413 0.293702 
5.033330 0.086069 0.009191 -0.003578 -2.529960 0.375894 0.291793 
5.066670 0.083647 -0.000641 0.142415 -2.501070 0.374355 0.290039 
5.100000 0.077869 0.005055 0.169242 -2.514940 0.371318 0.288694 
5.133330 0.074294 0.015720 0.175809 -2.491820 0.370467 0.286930 
5.166670 0.072546 0.028253 0.247479 -2.501500 0.368308 0.284814 
5.200000 0.074060 0.033741 0.261252 -2.492810 0.367183 0.282100 
5.233330 0.080949 0.032687 -0.020838 -2.471850 0.366127 0.280392 
5.266670 0.085998 0.033763 -0.513000 -2.470750 0.365101 0.277029 
5.300000 0.079686 0.044297 -0.828674 -2.527770 0.361778 0.274912 
5.333330 0.073725 0.045933 -0.850751 -2.539250 0.361721 0.272007 
5.366670 0.077310 0.036353 -0.795853 -2.571110 0.361549 0.268794 
5.400000 0.083842 0.022884 -0.739093 -2.581870 0.358588 0.267758 
5.433330 0.078290 0.020061 -0.573562 -2.632970 0.356137 0.264638 
5.466670 0.070456 0.014005 -0.343378 -2.628290 0.354563 0.263594 
5.500000 0.073211 0.005955 -0.176421 -2.638090 0.353957 0.261792 
5.533330 0.084043 0.002773 -0.022305 -2.641570 0.350341 0.260647 
5.566670 0.093626 0.012317 0.191331 -2.651820 0.348033 0.259401 
5.600000 0.099751 0.024010 0.336127 -2.628190 0.345940 0.257057 
5.633330 0.099071 0.032224 0.273794 -2.618120 0.343065 0.254555 
5.666670 0.089848 0.035035 0.060441 -2.610900 0.340984 0.251424 
5.700000 0.076493 0.038910 -0.185559 -2.622040 0.339169 0.249810 
5.733330 0.066219 0.042068 -0.415990 -2.616820 0.337915 0.246890 
5.766670 0.059735 0.042263 -0.610884 -2.652130 0.336547 0.245257 
5.800000 0.063455 0.032738 -0.755658 -2.660620 0.335886 0.241889 
5.833330 0.074469 0.025687 -0.829989 -2.694780 0.334428 0.241469 
5.866670 0.083063 0.024065 -0.792295 -2.723440 0.331673 0.239306 
5.900000 0.083127 0.018548 -0.636072 -2.743510 0.329383 0.237001 
5.933330 0.083378 0.008656 -0.431424 -2.772670 0.327542 0.234982 
5.966670 0.090252 0.002205 -0.251017 -2.764810 0.325052 0.235735 
6.000000 0.096258 0.008296 -0.085088 -2.787130 0.321277 0.233048 
6.033330 0.097293 0.015548 0.088223 -2.780970 0.319074 0.231606 
6.066670 0.096940 0.025744 0.217865 -2.772800 0.316223 0.230606 
6.100000 0.096601 0.037116 0.209125 -2.771210 0.313001 0.227970 
6.133330 0.093785 0.040008 -0.010154 -2.761320 0.311564 0.225657 
6.166670 0.084590 0.036738 -0.335072 -2.751530 0.308533 0.222472 
6.200000 0.069336 0.040646 -0.514124 -2.797510 0.306240 0.221904 
6.233330 0.060059 0.043986 -0.515966 -2.802830 0.305493 0.218683 
6.266670 0.057470 0.043115 -0.550033 -2.811990 0.304148 0.217342 
6.300000 0.055320 0.035576 -0.690421 -2.839050 0.302196 0.214970 
6.333330 0.053856 0.022058 -0.826080 -2.864460 0.301202 0.213656 
6.366670 0.059863 0.009008 -0.848210 -2.888810 0.299399 0.212452 
6.400000 0.076580 0.005471 -0.701073 -2.925120 0.297521 0.212499 
6.433330 0.097344 0.010274 -0.394774 -2.937510 0.294742 0.211039 
6.466670 0.109323 0.017785 -0.012117 -2.948640 0.291157 0.210707 
6.500000 0.105827 0.020120 0.311734 -2.943310 0.287658 0.208029 
6.533330 0.094526 0.020595 0.430698 -2.924850 0.283903 0.207567 
6.566670 0.087194 0.025560 0.304841 -2.908470 0.282569 0.206289 
6.600000 0.083190 0.033516 0.049612 -2.904770 0.279136 0.204328 
6.633330 0.078794 0.038994 -0.189301 -2.911190 0.276313 0.202460 
6.666670 0.080594 0.037728 -0.350958 -2.912370 0.275377 0.200959 
6.700000 0.088396 0.034269 -0.504396 -2.943970 0.272147 0.198525 
6.733330 0.090915 0.030397 -0.799725 -2.945130 0.270059 0.197427 
6.766670 0.078267 0.033735 -1.197692 -2.977510 0.265659 0.195895 
6.800000 0.065270 0.032121 -1.344326 -3.030900 0.264725 0.194395 
6.833330 0.070500 0.016812 -0.986173 -3.080060 0.263219 0.192786 
6.866670 0.085913 -0.000781 -0.375729 -3.112230 0.260346 0.192366 
6.900000 0.090650 -0.010529 0.035129 -3.081010 0.256332 0.193819 
6.933330 0.084695 -0.002519 0.171225 -3.101860 0.253897 0.192803 
6.966670 0.076655 0.008615 0.250001 -3.080510 0.251918 0.192785 
7.000000 0.067817 0.028308 0.290721 -3.100480 0.248349 0.192696 
7.033330 0.066268 0.043086 0.161658 -3.038210 0.246555 0.190748 
7.066670 0.071344 0.054931 -0.079761 -3.090350 0.245587 0.189198 
7.100000 0.079896 0.052811 -0.203733 -3.061410 0.242258 0.186736 
