0.066667 0.017282 0.007436 -0.638036 -0.743955 0.783877 0.640336 
0.100000 0.025296 0.004448 -0.390875 -0.757486 0.784056 0.640141 
0.133333 0.037059 0.008677 0.093706 -0.783375 0.785274 0.637506 
0.166667 0.041041 0.020969 0.504355 -0.747673 0.786305 0.638228 
0.200000 0.040181 0.026380 0.722023 -0.747402 0.788015 0.637536 
0.233333 0.041131 0.018123 0.664427 -0.706490 0.790408 0.638024 
0.266667 0.045294 0.014420 0.402143 -0.681947 0.790776 0.636696 
0.300000 0.049603 0.022842 0.090869 -0.699670 0.791597 0.635929 
0.333333 0.046427 0.027557 -0.226880 -0.677691 0.795680 0.636429 
0.366667 0.032791 0.026138 -0.537929 -0.692786 0.795660 0.635424 
0.400000 0.020950 0.021390 -0.762923 -0.739085 0.797637 0.635780 
0.433333 0.023657 0.012778 -0.892005 -0.730325 0.798081 0.635966 
0.466667 0.032773 0.004737 -0.968695 -0.800964 0.798543 0.636034 
0.500000 0.032176 -0.003118 -0.963441 -0.797064 0.800250 0.634283 
0.533333 0.022882 -0.003368 -0.754325 -0.851459 0.801048 0.633070 
0.566667 0.027020 0.003552 -0.288752 -0.869947 0.800202 0.633849 
0.600000 0.047859 0.014810 0.219422 -0.867334 0.801187 0.632699 
0.633333 0.061056 0.019612 0.463378 -0.849030 0.803811 0.631473 
0.666667 0.053715 0.013245 0.408016 -0.827132 0.805760 0.629679 
0.700000 0.039165 0.005949 0.296041 -0.822874 0.806898 0.630423 
0.733333 0.031673 0.011133 0.307015 -0.821560 0.807052 0.628090 
0.766667 0.033455 0.026129 0.350334 -0.798502 0.808509 0.628170 
0.800000 0.040260 0.035026 0.232946 -0.798905 0.810156 0.628674 
0.833333 0.046689 0.029729 -0.060655 -0.770720 0.812635 0.628408 
0.866667 0.043140 0.023577 -0.377410 -0.807070 0.813283 0.627161 
0.900000 0.033050 0.016827 -0.649940 -0.813887 0.815875 0.627211 
0.933333 0.023778 0.010558 -0.878224 -0.822351 0.815881 0.626686 
0.966667 0.022124 0.011216 -0.969035 -0.888074 0.817436 0.626716 
1.000000 0.027996 0.018773 -0.888206 -0.893600 0.816684 0.625748 
1.033330 0.034453 0.024820 -0.709823 -0.934305 0.819521 0.625707 
1.066670 0.041353 0.018107 -0.425917 -0.943390 0.820586 0.625593 
1.100000 0.048386 0.006357 -0.027005 -0.967995 0.821317 0.623971 
1.133330 0.053867 -0.001942 0.336861 -0.953419 0.822867 0.623215 
1.166670 0.057159 0.000451 0.559465 -0.921686 0.823578 0.620729 
1.200000 0.061753 0.016020 0.688250 -0.927984 0.824718 0.620104 
1.233330 0.066770 0.030310 0.625663 -0.896818 0.826490 0.618335 
1.266670 0.064860 0.035060 0.220073 -0.853408 0.829824 0.617986 
1.300000 0.052692 0.035457 -0.288836 -0.877470 0.831324 0.616321 
1.333330 0.043632 0.030970 -0.543657 -0.899616 0.833487 0.616442 
1.366670 0.042573 0.026680 -0.615770 -0.916459 0.834797 0.616621 
1.400000 0.041419 0.024944 -0.738849 -0.921830 0.836227 0.614486 
1.433330 0.036285 0.022085 -0.847022 -0.959760 0.838068 0.614549 
1.466670 0.036910 0.014532 -0.820086 -1.004950 0.839586 0.614660 
1.500000 0.044461 0.008435 -0.734087 -1.002400 0.839116 0.613101 
1.533330 0.048470 0.008296 -0.557144 -1.030830 0.841555 0.611441 
1.566670 0.049970 0.004972 -0.193219 -1.076690 0.842300 0.610783 
1.600000 0.056939 -0.007297 0.167024 -1.038890 0.842644 0.609173 
1.633330 0.066498 -0.009311 0.339975 -1.034240 0.844588 0.607829 
1.666670 0.070376 0.007717 0.417592 -1.042990 0.843492 0.603883 
1.700000 0.066137 0.027195 0.450628 -1.003600 0.846723 0.603950 
1.733330 0.054895 0.038094 0.372469 -1.003800 0.849109 0.602034 
1.766670 0.045535 0.038734 0.181195 -0.984886 0.850470 0.601439 
1.800000 0.043066 0.040405 -0.103330 -0.991540 0.852211 0.601590 
1.833330 0.046193 0.040335 -0.466366 -0.990317 0.854425 0.600304 
1.866670 0.048594 0.034512 -0.801539 -1.015590 0.856371 0.600190 
1.900000 0.052087 0.023864 -0.967767 -1.053220 0.858398 0.599290 
1.933330 0.057523 0.016284 -0.960749 -1.081720 0.859201 0.597624 
1.966670 0.056769 0.016936 -0.877078 -1.115560 0.860775 0.597032 
2.000000 0.046325 0.015264 -0.687010 -1.129700 0.861829 0.593483 
2.033330 0.039621 0.004288 -0.262588 -1.166500 0.863896 0.594568 
2.066670 0.049454 -0.005999 0.260398 -1.170480 0.863371 0.593241 
2.100000 0.064372 0.001593 0.503759 -1.131300 0.863371 0.590449 
2.133330 0.072224 0.023141 0.396370 -1.116240 0.865363 0.587980 
2.166670 0.073065 0.035628 0.223088 -1.123060 0.867431 0.587968 
2.200000 0.070247 0.032837 0.097235 -1.115940 0.870356 0.585346 
2.233330 0.064832 0.028985 -0.061351 -1.091020 0.870730 0.583179 
2.266670 0.058589 0.034881 -0.233440 -1.129240 0.873842 0.583235 
2.300000 0.054825 0.036659 -0.418126 -1.122950 0.874641 0.580976 
2.333330 0.050592 0.028211 -0.636933 -1.128350 0.877308 0.579732 
2.366670 0.050561 0.012767 -0.762686 -1.176090 0.879131 0.580056 
2.400000 0.055359 0.004560 -0.778851 -1.198400 0.878557 0.577044 
2.433330 0.054738 0.012574 -0.846275 -1.211630 0.879934 0.575906 
2.466670 0.048918 0.022739 -0.830157 -1.232810 0.881177 0.573431 
2.500000 0.046626 0.022233 -0.409160 -1.294310 0.882874 0.574433 
2.533330 0.053542 0.010234 0.215984 -1.283690 0.883270 0.570855 
2.566670 0.064851 0.001327 0.464039 -1.249980 0.884830 0.570360 
2.600000 0.074545 0.004031 0.252498 -1.234120 0.883973 0.568040 
2.633330 0.071471 0.014818 0.051417 -1.246380 0.886471 0.564996 
2.666670 0.056052 0.025219 0.088931 -1.253900 0.887931 0.563081 
2.700000 0.046492 0.034458 0.125130 -1.230770 0.888083 0.562705 
2.733330 0.052345 0.042983 0.005165 -1.222760 0.891118 0.561067 
2.766670 0.063833 0.045705 -0.173978 -1.253410 0.892159 0.560563 
2.800000 0.068664 0.034110 -0.378934 -1.234600 0.895148 0.558248 
2.833330 0.059516 0.019246 -0.597363 -1.255850 0.896693 0.555732 
2.866670 0.051835 0.011208 -0.762639 -1.299950 0.897379 0.555434 
2.900000 0.056320 0.012743 -0.890134 -1.304190 0.897275 0.553163 
2.933330 0.067297 0.019058 -0.875404 -1.326180 0.899668 0.551471 
2.966670 0.074298 0.022875 -0.542709 -1.401310 0.899751 0.549585 
3.000000 0.074389 0.012175 -0.121853 -1.372570 0.902164 0.546732 
3.033330 0.067096 0.004813 0.060433 -1.367130 0.901724 0.544261 
3.066670 0.063909 0.007191 0.153104 -1.377200 0.902980 0.542654 
3.100000 0.068794 0.015984 0.337502 -1.382590 0.902656 0.540916 
3.133330 0.074943 0.021680 0.365155 -1.351360 0.905267 0.537833 
3.166670 0.076360 0.025495 0.051630 -1.328190 0.905426 0.536165 
3.200000 0.072214 0.034683 -0.377876 -1.361830 0.907883 0.533708 
3.233330 0.066409 0.041442 -0.698237 -1.368090 0.908414 0.531633 
3.266670 0.061251 0.041120 -0.898543 -1.389650 0.911536 0.529602 
3.300000 0.057899 0.033545 -1.010660 -1.439910 0.912576 0.529098 
3.333330 0.052667 0.023905 -1.055853 -1.458530 0.913760 0.525863 
3.366670 0.044357 0.017481 -0.980417 -1.489550 0.914157 0.524437 
3.400000 0.043770 0.010406 -0.708081 -1.549980 0.915592 0.524235 
3.433330 0.052630 -0.000059 -0.335228 -1.532520 0.915207 0.521974 
3.466670 0.061688 -0.001728 0.000548 -1.554550 0.915219 0.519770 
3.500000 0.072454 0.004457 0.261988 -1.554550 0.915231 0.517688 
3.533330 0.087487 0.015518 0.429180 -1.521990 0.915758 0.516136 
3.566670 0.095535 0.032800 0.510093 -1.525080 0.916308 0.511512 
3.600000 0.089704 0.039938 0.462877 -1.505060 0.917636 0.509064 
3.633330 0.076298 0.030698 0.159569 -1.481690 0.920667 0.506116 
3.666670 0.064759 0.017377 -0.318401 -1.481670 0.920133 0.504324 
3.700000 0.057847 0.017484 -0.648902 -1.511990 0.921531 0.502190 
3.733330 0.051693 0.030701 -0.698318 -1.540760 0.921160 0.500078 
3.766670 0.043623 0.042531 -0.659264 -1.549110 0.923881 0.499227 
3.800000 0.034635 0.042734 -0.703415 -1.581340 0.924441 0.496823 
3.833330 0.037203 0.028330 -0.743873 -1.588000 0.926442 0.496476 
3.866670 0.054461 0.012337 -0.636936 -1.642550 0.927170 0.495517 
3.900000 0.073350 -0.000898 -0.464023 -1.640610 0.925722 0.492907 
3.933330 0.074296 -0.007150 -0.392881 -1.651650 0.927352 0.489665 
3.966670 0.062149 -0.006129 -0.386209 -1.674770 0.925230 0.487707 
4.000000 0.058894 0.000773 -0.255492 -1.674780 0.925241 0.485632 
4.033330 0.073281 0.014583 0.111722 -1.695070 0.926279 0.485099 
4.066670 0.088623 0.028264 0.582008 -1.677760 0.925040 0.480741 
4.100000 0.088313 0.037010 0.754263 -1.656060 0.926548 0.477366 
4.133330 0.076065 0.037924 0.312727 -1.619430 0.928930 0.475584 
4.166670 0.061168 0.042755 -0.496365 -1.603740 0.928164 0.471997 
4.200000 0.048505 0.052721 -1.030624 -1.683280 0.929739 0.471326 
4.233330 0.053820 0.045123 -0.969353 -1.676110 0.933798 0.468509 
4.266670 0.064535 0.031060 -0.630483 -1.759120 0.931666 0.468103 
4.300000 0.070123 0.007212 -0.535898 -1.711560 0.934465 0.463881 
4.333330 0.059310 -0.003890 -0.753425 -1.756320 0.932535 0.461732 
4.366670 0.046947 -0.005122 -0.904137 -1.797560 0.932087 0.461236 
4.400000 0.043044 -0.002594 -0.767701 -1.812290 0.931998 0.459107 
4.433330 0.049343 -0.001233 -0.457025 -1.849150 0.931586 0.457744 
4.466670 0.065210 0.000181 -0.117847 -1.841210 0.931049 0.456185 
4.500000 0.082305 0.012253 0.188582 -1.849310 0.930526 0.454453 
4.533330 0.087103 0.027315 0.356236 -1.850720 0.929153 0.450024 
4.566670 0.081321 0.028755 0.303847 -1.799750 0.931547 0.447616 
4.600000 0.073032 0.028652 0.173478 -1.827760 0.930540 0.444855 
4.633330 0.070118 0.027904 0.069525 -1.820130 0.930950 0.442895 
4.666670 0.066894 0.030109 -0.135974 -1.802010 0.931768 0.439657 
4.700000 0.060953 0.032301 -0.435657 -1.814330 0.931469 0.437486 
4.733330 0.054845 0.031290 -0.670024 -1.859810 0.933239 0.436052 
4.766670 0.051215 0.025367 -0.824839 -1.849130 0.932774 0.432998 
4.800000 0.049209 0.024217 -0.880656 -1.896590 0.933006 0.431735 
4.833330 0.053465 0.021323 -0.792596 -1.937810 0.933678 0.430584 
4.866670 0.057342 0.010381 -0.719700 -1.942620 0.933462 0.427627 
4.900000 0.054892 -0.001582 -0.741398 -1.963780 0.932614 0.425746 
4.933330 0.057072 -0.004974 -0.621100 -1.999400 0.931934 0.424512 
4.966670 0.070355 0.002146 -0.257292 -2.028770 0.930493 0.423599 
5.000000 0.082529 0.010353 0.094238 -2.004510 0.930637 0.420033 
5.033330 0.082489 0.020830 0.262193 -2.006600 0.928284 0.417331 
5.066670 0.080233 0.029467 0.328271 -2.000680 0.928935 0.414397 
5.100000 0.084808 0.037979 0.305869 -1.989580 0.929737 0.412783 
5.133330 0.086028 0.047233 0.082695 -1.971070 0.927415 0.408152 
5.166670 0.073413 0.051835 -0.313672 -1.983380 0.930087 0.405275 
5.200000 0.057047 0.038786 -0.657081 -1.983730 0.929761 0.402745 
5.233330 0.047211 0.020222 -0.806480 -2.048870 0.930761 0.400483 
5.266670 0.054383 0.008425 -0.862205 -2.032260 0.929524 0.399250 
5.300000 0.070693 0.020123 -0.913778 -2.087960 0.929200 0.398171 
5.333330 0.082313 0.035902 -0.886548 -2.116270 0.928208 0.394333 
5.366670 0.083879 0.035681 -0.670213 -2.124150 0.928363 0.390956 
5.400000 0.080271 0.025040 -0.273865 -2.183400 0.928353 0.388868 
5.433330 0.078845 0.007043 0.083789 -2.143800 0.926169 0.385786 
5.466670 0.075486 0.001713 0.208082 -2.155580 0.925151 0.384239 
5.500000 0.074614 0.001176 0.191631 -2.137570 0.924224 0.381319 
5.533330 0.080433 0.011675 0.169118 -2.148940 0.922563 0.379853 
5.566670 0.090806 0.028941 0.042606 -2.133540 0.921511 0.377364 
5.600000 0.096204 0.045541 -0.296414 -2.127760 0.921028 0.373215 
5.633330 0.088342 0.053807 -0.687347 -2.153660 0.921004 0.370062 
5.666670 0.072443 0.051231 -0.903114 -2.182700 0.920668 0.366068 
5.700000 0.060037 0.043143 -0.986160 -2.225130 0.920710 0.364334 
5.733330 0.062225 0.029668 -1.061961 -2.229360 0.920937 0.361496 
5.766670 0.073501 0.020767 -0.984930 -2.286810 0.919887 0.359532 
5.800000 0.083112 0.015714 -0.602486 -2.326010 0.918688 0.357643 
5.833330 0.081161 0.010841 -0.134028 -2.320080 0.916480 0.353942 
5.866670 0.073048 0.009894 0.134463 -2.320150 0.915401 0.352849 
5.900000 0.072008 0.012500 0.228288 -2.312150 0.914064 0.350879 
5.933330 0.081451 0.018386 0.284482 -2.311530 0.912571 0.348344 
5.966670 0.093636 0.025252 0.263214 -2.300010 0.911740 0.346194 
6.000000 0.095421 0.033833 0.056717 -2.280230 0.909628 0.342938 
6.033330 0.080675 0.045738 -0.289644 -2.299350 0.908355 0.338981 
6.066670 0.064252 0.048868 -0.616009 -2.299260 0.908766 0.337210 
6.100000 0.058365 0.043938 -0.826680 -2.343620 0.908269 0.333827 
6.133330 0.067891 0.030805 -0.938202 -2.359540 0.908215 0.332240 
6.166670 0.079263 0.021746 -0.957484 -2.390500 0.906932 0.329511 
6.200000 0.080099 0.021991 -0.839470 -2.439370 0.904479 0.327275 
6.233330 0.071985 0.019626 -0.588039 -2.439230 0.903529 0.325195 
6.266670 0.064980 0.014240 -0.280218 -2.479770 0.902244 0.322621 
6.300000 0.068919 0.003694 -0.012632 -2.464860 0.900884 0.321960 
6.333330 0.080117 0.002524 0.184966 -2.462660 0.898881 0.320058 
6.366670 0.091165 0.013390 0.339433 -2.468790 0.896294 0.317965 
6.400000 0.096109 0.024662 0.387743 -2.440130 0.895017 0.316574 
6.433330 0.092324 0.033848 0.227672 -2.431490 0.892274 0.311306 
6.466670 0.085333 0.041331 -0.123353 -2.432740 0.891765 0.310790 
6.500000 0.077808 0.047753 -0.530234 -2.432320 0.890342 0.307123 
6.533330 0.065081 0.050714 -0.828766 -2.468660 0.889034 0.303507 
6.566670 0.056248 0.045236 -0.985662 -2.502830 0.889309 0.301677 
6.600000 0.059292 0.036439 -1.093090 -2.522470 0.888501 0.299824 
6.633330 0.064361 0.028796 -1.095269 -2.566030 0.887080 0.297261 
6.666670 0.062464 0.017717 -0.818595 -2.607600 0.885894 0.295438 
6.700000 0.059567 0.003372 -0.338021 -2.633270 0.883680 0.294069 
6.733330 0.069279 -0.004282 0.060900 -2.615760 0.882943 0.292866 
6.766670 0.091346 0.009690 0.258672 -2.621490 0.880400 0.292973 
6.800000 0.106737 0.030937 0.317518 -2.612780 0.876774 0.290612 
6.833330 0.104450 0.036139 0.283037 -2.590950 0.875175 0.285207 
6.866670 0.092047 0.030478 0.172678 -2.595240 0.873012 0.284608 
6.900000 0.080598 0.028468 -0.024857 -2.588030 0.870689 0.282174 
6.933330 0.070181 0.036496 -0.324562 -2.584910 0.869030 0.279103 
6.966670 0.059907 0.045874 -0.642533 -2.611140 0.868227 0.278158 
7.000000 0.053386 0.043417 -0.865272 -2.634370 0.867188 0.274645 
7.033330 0.055267 0.031914 -0.951185 -2.665420 0.866463 0.272342 
7.066670 0.066808 0.025036 -0.880791 -2.694300 0.865441 0.272331 
7.100000 0.074852 0.025170 -0.700791 -2.734960 0.862970 0.269893 
7.133330 0.071931 0.013483 -0.594129 -2.740510 0.860594 0.267354 
7.166670 0.068375 -0.006563 -0.613396 -2.760690 0.859358 0.266682 
7.200000 0.072659 -0.014430 -0.455352 -2.768240 0.857465 0.266600 
7.233330 0.075812 0.006509 0.076260 -2.832460 0.853269 0.267030 
7.266670 0.076170 0.024489 0.612141 -2.757510 0.851919 0.263997 
7.300000 0.078840 0.037691 0.679636 -2.767140 0.850898 0.263096 
7.333330 0.084592 0.035981 0.318327 -2.716410 0.847677 0.259964 
7.366670 0.081687 0.039910 -0.052229 -2.735320 0.845933 0.258515 
7.400000 0.073059 0.047273 -0.194835 -2.750420 0.844455 0.255621 
7.433330 0.066033 0.053724 -0.299975 -2.741370 0.841919 0.253450 
7.466670 0.064280 0.053291 -0.587733 -2.755450 0.841929 0.251377 
7.500000 0.066343 0.039190 -0.924049 -2.777430 0.840461 0.247803 
7.533330 0.065673 0.022790 -1.074020 -2.831540 0.837645 0.246735 
7.566670 0.065581 0.012369 -1.041889 -2.851880 0.836586 0.246172 
7.600000 0.068277 0.011049 -0.895735 -2.886400 0.834373 0.244660 
7.633330 0.070578 0.012456 -0.564585 -2.912280 0.832218 0.243561 
7.666670 0.068192 0.014075 -0.135088 -2.948740 0.829654 0.243653 
7.700000 0.065315 0.005907 0.078678 -2.910730 0.827971 0.241530 
7.733330 0.067761 0.000768 0.089058 -2.903170 0.825652 0.240805 
7.766670 0.075477 0.011315 0.190729 -2.951680 0.823887 0.242499 
7.800000 0.078827 0.020790 0.314773 -2.894890 0.821038 0.238931 
7.833330 0.073102 0.030592 0.219702 -2.890510 0.817820 0.238392 
7.866670 0.071160 0.038736 -0.039354 -2.908600 0.817497 0.236873 
7.900000 0.080481 0.045375 -0.316771 -2.885530 0.814810 0.234319 
7.933330 0.083390 0.056177 -0.541662 -2.924820 0.812277 0.233283 
7.966670 0.075421 0.053166 -0.670576 -2.931420 0.809777 0.229218 
8.000000 0.059924 0.037285 -0.736011 -2.968100 0.808561 0.227932 
8.033330 0.049339 0.016160 -0.794667 -2.972330 0.806043 0.226290 
8.066670 0.045340 0.005639 -0.862696 -3.033140 0.806015 0.227161 
8.100000 0.051113 -0.001416 -0.875131 -3.015990 0.802197 0.225104 
8.133330 0.066579 0.001961 -0.638911 -3.088340 0.803366 0.226630 
8.166670 0.081288 0.007952 -0.093896 -3.082680 0.798656 0.225176 
8.200000 0.086114 0.013756 0.239190 -3.091380 0.795798 0.225626 
