0.7 0.00143035 -0.000717498 0.0126449 -0.847317 
0.733333 0.00146088 -0.00077616 0.0147602 -0.839684 
0.766667 0.0015002 -0.000804354 0.014859 -0.83449 
0.8 0.00161174 -0.000770453 0.0154462 -0.828574 
0.833333 0.00170459 -0.000786597 0.0137555 -0.825557 
0.866667 0.00182828 -0.000725142 0.013823 -0.820801 
0.9 0.00189833 -0.000697517 0.012075 -0.818277 
0.933333 0.00200127 -0.000724207 0.00949018 -0.81732 
0.966667 0.00205116 -0.000701276 0.00732535 -0.816719 
1 0.00206676 -0.000737524 0.00545256 -0.816492 
1.03333 0.00212774 -0.000766482 0.005505 -0.814611 
1.06667 0.00217985 -0.000832546 0.00547532 -0.812812 
1.1 0.00219287 -0.000893368 0.00655316 -0.809715 
1.13333 0.00217022 -0.000936875 0.00941715 -0.804149 
1.16667 0.00209723 -0.00103245 0.0111552 -0.798959 
1.2 0.00209361 -0.00103436 0.0142059 -0.791639 
1.23333 0.00206424 -0.00106152 0.0169831 -0.783625 
1.26667 0.00209243 -0.00112993 0.0175848 -0.777254 
1.3 0.00212693 -0.00105599 0.0173664 -0.77165 
1.33333 0.00215834 -0.000967943 0.0183424 -0.764709 
1.36667 0.00219109 -0.000887903 0.016744 -0.760482 
1.4 0.00221718 -0.000838829 0.0147604 -0.757242 
1.43333 0.00231874 -0.000841554 0.0114127 -0.756274 
1.46667 0.00247147 -0.00079522 0.00852188 -0.755882 
1.5 0.00247544 -0.000795197 0.00765211 -0.754068 
1.53333 0.00249274 -0.000822441 0.00572967 -0.753787 
1.56667 0.00251318 -0.000860492 0.00540946 -0.752255 
1.6 0.00254331 -0.000925731 0.00556212 -0.750272 
1.63333 0.00250454 -0.0010082 0.00723935 -0.746438 
1.66667 0.00253472 -0.000988802 0.0105426 -0.740125 
1.7 0.00253543 -0.00105867 0.0137937 -0.732773 
1.73333 0.00253785 -0.0011012 0.0168711 -0.724542 
1.76667 0.00248541 -0.00105554 0.0194362 -0.715891 
1.8 0.00245468 -0.00105319 0.021509 -0.706965 
1.83333 0.00248421 -0.000998342 0.021345 -0.699989 
1.86667 0.00251972 -0.000967708 0.0193523 -0.695226 
1.9 0.00261046 -0.000945324 0.0175138 -0.690946 
1.93333 0.00264585 -0.000888006 0.0157956 -0.687136 
1.96667 0.00270677 -0.000821181 0.0134278 -0.684666 
2 0.00274793 -0.000810293 0.0104743 -0.683677 
2.03333 0.00278293 -0.000812111 0.00883785 -0.682117 
2.06667 0.00286432 -0.000982874 0.00424672 -0.684591 
2.1 0.0028885 -0.00106865 0.00267676 -0.685028 
2.13333 0.00293783 -0.00111943 0.0042765 -0.682248 
2.16667 0.0029153 -0.00112332 0.00731798 -0.677232 
2.2 0.00287862 -0.00118368 0.0100094 -0.671615 
2.23333 0.00293218 -0.00119836 0.0130908 -0.664641 
2.26667 0.00293291 -0.00122462 0.0157959 -0.657085 
2.3 0.00294789 -0.00118787 0.0187889 -0.648286 
2.33333 0.00294402 -0.00110038 0.0211071 -0.639287 
2.36667 0.00296889 -0.00107441 0.0216424 -0.631619 
2.4 0.00294822 -0.00104827 0.0199897 -0.626356 
2.43333 0.00297881 -0.00100662 0.0180862 -0.62194 
2.46667 0.00305379 -0.000951679 0.0159198 -0.618468 
2.5 0.00314895 -0.000945008 0.013866 -0.615586 
2.53333 0.00318181 -0.000936749 0.0110144 -0.61433 
2.56667 0.00321638 -0.000925584 0.0101957 -0.611625 
2.6 0.00323446 -0.000970189 0.00913665 -0.609477 
2.63333 0.00322716 -0.00103315 0.00886795 -0.606749 
2.66667 0.00321972 -0.00107554 0.00899052 -0.603648 
2.7 0.00325032 -0.00111673 0.0110554 -0.598213 
2.73333 0.00325049 -0.00118691 0.012751 -0.592527 
2.76667 0.0032729 -0.00126095 0.0147355 -0.585934 
2.8 0.00327163 -0.00114286 0.0210613 -0.573555 
2.83333 0.00323951 -0.00111191 0.0248615 -0.562048 
2.86667 0.00327688 -0.00104041 0.0245959 -0.554075 
2.9 0.00331757 -0.00103965 0.0242781 -0.546251 
2.93333 0.003332 -0.000985899 0.0231544 -0.539485 
2.96667 0.00337023 -0.00096327 0.021248 -0.534017 
3 0.00345066 -0.000896066 0.019425 -0.529087 
3.03333 0.00345007 -0.000859412 0.0167929 -0.525719 
3.06667 0.00345073 -0.000930696 0.0135374 -0.523964 
3.1 0.00352623 -0.000945548 0.0112813 -0.522115 
3.13333 0.00357817 -0.000999401 0.00965709 -0.520272 
3.16667 0.00358989 -0.00101794 0.0096446 -0.517067 
3.2 0.00352806 -0.00105869 0.0116111 -0.511531 
3.23333 0.00350981 -0.00112371 0.0124554 -0.506664 
3.26667 0.00355502 -0.00117812 0.0144411 -0.500168 
3.3 0.00351642 -0.00127634 0.0160629 -0.49344 
3.33333 0.00348837 -0.00127336 0.0193129 -0.484249 
3.36667 0.00351623 -0.00118435 0.0223981 -0.47417 
3.4 0.00357662 -0.00117785 0.0233234 -0.465611 
3.43333 0.00355854 -0.001165 0.0228401 -0.458407 
3.46667 0.00362118 -0.00108853 0.0223664 -0.451353 
3.5 0.00366392 -0.000993556 0.0217323 -0.444646 
3.53333 0.0036582 -0.000962319 0.0191142 -0.440493 
3.56667 0.00373622 -0.000931343 0.0160505 -0.437738 
3.6 0.00374232 -0.000978872 0.0145651 -0.434141 
3.63333 0.00379338 -0.00100463 0.0120843 -0.432215 
3.66667 0.00381294 -0.00102335 0.0120217 -0.42826 
3.7 0.00382349 -0.00110809 0.0112967 -0.425109 
3.73333 0.00380964 -0.00118718 0.0122484 -0.42022 
3.76667 0.00383159 -0.00129795 0.0139428 -0.414137 
3.8 0.00380385 -0.00127139 0.0173643 -0.40545 
3.83333 0.00376896 -0.00127621 0.0201238 -0.396405 
3.86667 0.00370713 -0.00128278 0.0225603 -0.386821 
3.9 0.00370336 -0.00127704 0.0244446 -0.377076 
3.93333 0.00377422 -0.00132743 0.023592 -0.369935 
3.96667 0.00380707 -0.00125505 0.024766 -0.360685 
4 0.00376027 -0.00117967 0.023864 -0.353494 
4.03333 0.00377059 -0.00096031 0.0250576 -0.34413 
4.06667 0.0038067 -0.00090903 0.0224452 -0.338862 
4.1 0.00389209 -0.000991647 0.0185379 -0.335992 
4.13333 0.00392306 -0.00101925 0.0158954 -0.332933 
4.16667 0.00402096 -0.00101173 0.0152972 -0.32834 
4.2 0.00409548 -0.00106222 0.0153702 -0.323155 
4.23333 0.00416611 -0.00111323 0.0157251 -0.317613 
4.26667 0.00411876 -0.00123541 0.0161988 -0.311812 
4.3 0.00411524 -0.00134833 0.0168363 -0.30566 
4.33333 0.0040094 -0.00129401 0.0203994 -0.295841 
4.36667 0.00398682 -0.0013767 0.022189 -0.286929 
4.4 0.00401928 -0.00146572 0.0227074 -0.278921 
4.43333 0.00404301 -0.00143455 0.0247718 -0.268915 
4.46667 0.00397834 -0.00141037 0.0253268 -0.260002 
4.5 0.00398054 -0.0013515 0.0243257 -0.252742 
4.53333 0.00407399 -0.00131714 0.0222847 -0.247042 
4.56667 0.00412356 -0.00132068 0.019612 -0.242769 
4.6 0.00419832 -0.00129668 0.0174992 -0.238726 
4.63333 0.00425488 -0.00128538 0.014755 -0.236132 
4.66667 0.00420057 -0.00119992 0.0137218 -0.232434 
4.7 0.00419807 -0.00119472 0.0115468 -0.230427 
4.73333 0.00426364 -0.00124823 0.0113829 -0.226772 
4.76667 0.00431412 -0.00138887 0.0114399 -0.22291 
4.8 0.00435911 -0.00152304 0.012186 -0.218216 
4.83333 0.00430417 -0.00152143 0.0151808 -0.210619 
4.86667 0.00422048 -0.00154402 0.0177209 -0.20256 
4.9 0.00407867 -0.00151472 0.0216699 -0.191992 
4.93333 0.00402798 -0.00155172 0.0223924 -0.183915 
4.96667 0.00394859 -0.00159282 0.022674 -0.176119 
5 0.00410092 -0.00146678 0.0236984 -0.167352 
5.03333 0.00415153 -0.0013523 0.0239872 -0.159111 
5.06667 0.00433891 -0.00137189 0.0205763 -0.155142 
5.1 0.00430609 -0.00123033 0.0204827 -0.148394 
5.13333 0.00433019 -0.00117928 0.0188857 -0.143451 
5.16667 0.00435815 -0.00117896 0.0160429 -0.140512 
5.2 0.00446158 -0.00115375 0.0147574 -0.136682 
5.23333 0.00453822 -0.00118331 0.0133029 -0.13348 
5.26667 0.00452223 -0.00129421 0.0125365 -0.12995 
5.3 0.00449459 -0.00131582 0.0143612 -0.123617 
5.33333 0.00445899 -0.00135449 0.0173491 -0.115303 
5.36667 0.00455203 -0.00139723 0.0212752 -0.104885 
5.4 0.00462203 -0.00153202 0.0226012 -0.0962283 
5.43333 0.00461037 -0.00158961 0.0253092 -0.0854978 
5.46667 0.0045779 -0.00160066 0.0270562 -0.0749992 
5.5 0.00460014 -0.00165963 0.0247423 -0.0687119 
5.53333 0.00457843 -0.0015209 0.0252065 -0.0599166 
5.56667 0.00471341 -0.00144297 0.0242006 -0.0527018 
5.6 0.00474233 -0.00142507 0.0220859 -0.0471313 
5.63333 0.00482076 -0.00144869 0.017454 -0.0452371 
5.66667 0.00482616 -0.00136405 0.016398 -0.0406657 
5.7 0.00481799 -0.00133794 0.0148457 -0.037032 
5.73333 0.00484961 -0.00131544 0.0144022 -0.032607 
5.76667 0.00494555 -0.00142558 0.0125391 -0.0300056 
5.8 0.00484993 -0.00150782 0.0123913 -0.0260004 
5.83333 0.00488096 -0.00162756 0.0122253 -0.0220659 
5.86667 0.00481891 -0.00167408 0.0132038 -0.0168357 
5.9 0.00478902 -0.0017052 0.0157628 -0.00941359 
5.93333 0.00472522 -0.00174314 0.0181259 -0.00136978 
5.96667 0.00461882 -0.00172662 0.0213692 0.00850075 
6 -0.0148667 -0.00175765 -0.100519 -0.128261 
6.03333 -0.0202313 -0.00110507 -0.303648 -0.401552 
6.06667 -0.0240809 -0.00081715 -0.452248 -0.678185 
6.1 -0.0269607 -0.000624308 -0.560737 -0.957001 
6.13333 -0.0289698 -0.000356884 -0.637111 -1.23407 
6.16667 -0.0303453 -0.000219269 -0.693781 -1.51334 
6.2 -0.0313305 -0.000120896 -0.735001 -1.79326 
6.23333 -0.0320681 -1.41223e-005 -0.763618 -2.07204 
6.26667 -0.032501 -2.36078e-005 -0.78519 -2.35204 
6.3 -0.0329506 -0.00010375 -0.801364 -2.63286 
6.33333 -0.033155 -0.000126371 -0.810925 -2.91127 
6.36667 -0.0333315 -0.000194934 -0.817509 -3.18935 
6.4 -0.0335179 -0.000251675 -0.82123 -3.46625 
6.43333 -0.0336685 -0.00024682 -0.822478 -3.74146 
6.46667 -0.0338178 -0.00036533 -0.824526 -4.01804 
6.5 -0.0339515 -0.000316594 -0.823315 -4.29145 
6.53333 -0.0339583 -0.000308346 -0.822179 -4.56455 
6.56667 -0.0339749 -0.000222991 -0.821091 -4.83733 
6.6 -0.0339788 -0.000141303 -0.820513 -5.11034 
6.63333 -0.0339742 -6.23432e-005 -0.822482 -5.38617 
6.66667 -0.0338727 1.22439e-005 -0.825061 -5.66337 
6.7 -0.0337829 9.86772e-005 -0.827087 -5.94079 
6.73333 -0.0142698 0.000249114 -0.705445 -6.07289 
6.76667 -0.00886264 -0.000380612 -0.503707 -6.06989 
6.8 -0.00496651 -0.000635648 -0.358404 -6.06627 
6.83333 -0.00213074 -0.000812808 -0.252857 -6.06114 
6.86667 -0.00010355 -0.00101343 -0.177249 -6.05618 
6.9 0.00127749 -0.00121794 -0.122032 -6.05008 
6.93333 0.00233247 -0.0013167 -0.081282 -6.04265 
6.96667 0.00308001 -0.00140996 -0.0509298 -6.03392 
7 0.003514 -0.00145932 -0.0288139 -6.02479 
7.03333 0.00383148 -0.00151577 -0.0119645 -6.0145 
7.06667 0.00407411 -0.00150382 0.00114488 -6.00302 
7.1 0.00424513 -0.0014634 0.0101641 -5.99199 
7.13333 0.00441781 -0.00144318 0.0145337 -5.98344 
7.16667 0.00460523 -0.00140246 0.0172458 -5.97539 
7.2 0.00467827 -0.00129712 0.0186126 -5.96803 
7.23333 0.00470328 -0.0012412 0.0185236 -5.96193 
7.26667 0.00473061 -0.00122634 0.0171142 -5.95742 
7.3 0.0047917 -0.00118632 0.0154243 -5.95371 
7.33333 0.00488105 -0.00117337 0.0148472 -5.94925 
7.36667 0.00487712 -0.00121725 0.0154849 -5.94355 
7.4 0.00484563 -0.00130562 0.0153601 -5.93854 
7.43333 0.00488146 -0.00142916 0.0164738 -5.9321 
7.46667 0.00489517 -0.0015213 0.0187403 -5.92393 
7.5 0.00490854 -0.00158112 0.0202667 -5.91589 
7.53333 0.00494177 -0.00160575 0.0240574 -5.90466 
7.56667 0.00491747 -0.00161163 0.0262992 -5.89399 
7.6 0.00488857 -0.00161842 0.0285406 -5.88258 
7.63333 0.00491126 -0.00158711 0.0298916 -5.87147 
7.66667 0.00487917 -0.00153078 0.0298033 -5.86161 
7.7 0.00489176 -0.00144619 0.0282036 -5.85356 
7.73333 0.00491965 -0.00140228 0.0271276 -5.84543 
7.76667 0.00493421 -0.00130896 0.0244287 -5.83958 
7.8 0.00497319 -0.00123474 0.021599 -5.83477 
7.83333 0.00500273 -0.00122544 0.0194691 -5.83009 
7.86667 0.00507345 -0.00120286 0.0184831 -5.82476 
7.9 0.00513692 -0.00125899 0.0168698 -5.82051 
7.93333 0.00515709 -0.00127478 0.0172151 -5.81447 
7.96667 0.00518409 -0.00136945 0.0183558 -5.80739 
8 0.00518068 -0.00141431 0.0205376 -5.7987 
8.03333 0.00518475 -0.00148989 0.0228149 -5.78916 
8.06667 0.00514707 -0.00159208 0.0245252 -5.77954 
8.1 0.00515702 -0.00160735 0.0272432 -5.76815 
8.13333 0.00515308 -0.00158257 0.0305529 -5.75517 
8.16667 0.00511839 -0.00153678 0.0312062 -5.74421 
8.2 0.00509291 -0.00147647 0.0311844 -5.73383 
8.23333 0.00504159 -0.00133485 0.0293709 -5.72558 
8.26667 0.00504766 -0.00129494 0.0272497 -5.71829 
8.3 0.00507445 -0.00128 0.0253801 -5.71142 
8.33333 0.00513891 -0.00124041 0.0226765 -5.70615 
8.36667 0.00525514 -0.00118547 0.0199837 -5.70177 
8.4 0.00530264 -0.00119682 0.0186763 -5.69665 
8.43333 0.00537063 -0.0013022 0.017965 -5.69127 
8.46667 0.00552305 -0.00146559 0.0166797 -5.68679 
8.5 0.00546756 -0.00152784 0.0188272 -5.6787 
8.53333 0.0054303 -0.00159606 0.0207475 -5.67016 
8.56667 0.00541948 -0.00168202 0.0226656 -5.66098 
8.6 0.00534128 -0.00171221 0.0252108 -5.65042 
8.63333 0.00523283 -0.00173048 0.028187 -5.6385 
8.66667 0.00517725 -0.00174452 0.0308379 -5.62598 
8.7 0.00521921 -0.001678 0.0315186 -5.61489 
