0.212 15 -50 
0.307 15 -50 
0.384 15 -50 
0.446 15 -50 
0.508 15 -50 
0.571 15 -50 
0.665 15 -50 
0.727 15 -50 
0.79 15 -50 
0.852 15 -50 
0.915 15 -50 
0.977 15 -50 
1.056 15 -50 
1.118 15 -50 
1.181 15 -50 
1.243 15 -50 
1.323 15 -50 
1.385 15 -50 
1.462 15 -50 
1.525 15 -50 
1.586 15 -50 
1.65 15 -50 
1.711 15 -50 
1.79 15 -50 
1.854 15 -50 
1.931 15 -50 
1.978 15 -50 
2.057 15 -50 
2.118 15 -50 
2.181 15 -50 
2.26 15 -50 
2.322 15 -50 
2.384 15 -50 
2.446 15 -50 
2.525 15 -50 
2.619 15 -50 
2.696 15 -50 
2.743 15 -50 
2.821 15 -50 
2.885 15 -50 
2.946 15 -50 
3.024 15 -50 
3.087 15 -50 
3.15 15 -50 
3.212 15 -50 
3.276 15 -50 
3.353 15 -50 
3.432 15 -50 
3.494 15 -50 
3.557 15 -50 
3.619 15 -50 
3.681 15 -50 
3.745 15 -50 
3.821 15 -50 
3.884 15 -50 
3.962 15 -50 
4.024 15 -50 
4.088 15 -50 
4.149 15 -50 
4.229 15 -50 
4.29 15 -50 
4.353 15 -50 
4.415 15 -50 
4.479 15 -50 
4.54 15 -50 
4.619 15 -50 
4.697 15 -50 
4.758 15 -50 
4.821 15 -50 
4.884 15 -50 
4.947 15 -50 
5.024 15 -50 
5.088 15 -50 
5.15 15 -50 
5.227 15 -50 
5.275 15 -50 
5.353 15 -50 
5.431 15 -50 
5.493 15 -50 
5.557 15 -50 
5.634 15 -50 
5.713 15 -50 
5.776 15 -50 
5.854 15 -50 
5.915 15 -50 
5.994 15 -50 
6.057 15 -50 
6.118 15 -50 
6.182 15 -50 
6.258 15 -50 
6.321 15 -50 
6.384 15 -50 
6.447 15 -50 
6.509 15 -50 
6.587 15 -50 
6.665 15 -50 
6.728 15 -50 
6.79 15 -50 
6.854 15 -50 
6.915 15 -50 
6.979 15 -50 
7.056 15 -50 
7.119 15 -50 
7.181 15 -50 
7.26 15 -50 
7.307 15 -50 
7.384 15 -50 
7.462 15 -50 
7.526 15 -50 
7.587 15 -50 
7.651 15 -50 
7.712 15 -50 
7.775 15 -50 
7.853 15 -50 
7.931 15 -50 
7.994 15 -50 
8.056 15 -50 
8.118 15 -50 
8.196 15 -50 
8.258 15 -50 
8.321 15 -50 
8.384 15 -50 
8.446 15 -50 
8.509 15 -50 
8.587 15 -50 
8.65 15 -50 
8.728 15 -50 
8.805 15 -50 
8.883 15 -50 
8.947 15 -50 
9.025 15 -50 
9.087 15 -50 
9.15 15 -50 
9.228 15 -50 
9.307 15 -50 
9.399 15 -50 
9.462 15 -50 
9.525 15 -50 
9.588 15 -50 
9.651 15 -50 
9.712 15 -50 
9.791 15 -50 
9.852 15 -50 
9.93 15 -50 
9.994 15 -50 
10.056 15 -50 
10.119 15 -50 
10.197 15 -50 
10.259 15 -50 
10.322 15 -50 
10.385 15 -50 
10.448 15 -50 
10.524 15 -50 
10.602 15 -50 
10.665 15 -50 
10.728 15 -50 
10.79 15 -50 
10.853 15 -50 
10.915 15 -50 
10.993 15 -50 
11.055 15 -50 
11.181 15 -50 
11.243 15 -50 
11.323 15 -50 
11.401 15 -50 
11.463 15 -50 
11.524 15 -50 
11.586 15 -50 
11.649 15 -50 
11.713 15 -50 
11.807 15 -50 
11.884 15 -50 
11.948 15 -50 
12.009 15 -50 
12.088 15 -50 
12.151 15 -50 
12.228 15 -50 
12.29 15 -50 
12.369 15 -50 
12.461 15 -50 
12.508 15 -50 
12.572 15 -50 
12.665 15 -50 
12.727 15 -50 
12.79 15 -50 
12.852 15 -50 
12.916 15 -50 
12.994 15 -50 
13.057 15 -50 
13.119 15 -50 
13.181 15 -50 
13.244 15 -50 
13.322 15 -50 
13.4 15 -50 
13.463 15 -50 
13.524 15 -50 
13.587 15 -50 
13.649 15 -50 
13.711 15 -50 
13.79 15 -50 
13.869 15 -50 
13.946 15 -50 
14.026 15 -50 
14.088 15 -50 
14.151 15 -50 
14.228 15 -50 
14.291 15 -50 
14.354 15 -50 
14.415 15 -50 
14.478 15 -50 
14.556 15 -50 
14.635 15 -50 
14.696 15 -50 
14.76 15 -50 
14.822 15 -50 
14.884 15 -50 
14.947 15 -50 
15.026 15 -50 
15.086 15 -50 
15.165 15 -50 
15.244 15 -50 
15.322 15 -50 
15.399 15 -50 
15.463 15 -50 
15.524 15 -50 
15.587 15 -50 
15.65 15 -50 
15.729 15 -50 
15.79 15 -50 
15.868 15 -50 
15.915 15 -50 
15.979 15 -50 
16.056 15 -50 
16.12 15 -50 
16.196 15 -50 
16.259 15 -50 
16.322 15 -50 
16.384 15 -50 
16.447 15 -50 
16.508 15 -50 
16.602 15 -50 
16.666 15 -50 
16.728 15 -50 
16.79 15 -50 
16.852 15 -50 
16.916 15 -50 
16.993 15 -50 
17.055 15 -50 
17.119 15 -50 
17.197 15 -50 
17.291 15 -50 
17.353 15 -50 
17.431 15 -50 
17.494 15 -50 
17.557 15 -50 
17.618 15 -50 
17.682 15 -50 
17.744 15 -50 
17.822 15 -50 
17.884 15 -50 
17.946 15 -50 
18.025 15 -50 
18.087 15 -50 
18.149 15 -50 
18.228 15 -50 
