0.213 15 -50 
0.306 15 -50 
0.4 15 -50 
0.493 15 -50 
0.571 15 -50 
0.634 15 -50 
0.696 15 -50 
0.759 15 -50 
0.82 15 -50 
0.9 15 -50 
0.961 15 -50 
1.025 15 -50 
1.086 15 -50 
1.165 15 -50 
1.243 15 -50 
1.337 15 -50 
1.4 15 -50 
1.461 15 -50 
1.525 15 -50 
1.588 15 -50 
1.649 15 -50 
1.727 15 -50 
1.805 15 -50 
1.853 15 -50 
1.915 15 -50 
1.977 15 -50 
2.056 15 -50 
2.133 15 -50 
2.197 15 -50 
2.259 15 -50 
2.322 15 -50 
2.384 15 -50 
2.446 15 -50 
2.525 15 -50 
2.586 15 -50 
2.664 15 -50 
2.727 15 -50 
2.791 15 -50 
2.852 15 -50 
2.93 15 -50 
2.993 15 -50 
3.056 15 -50 
3.117 15 -50 
3.181 15 -50 
3.243 15 -50 
3.336 15 -50 
3.399 15 -50 
3.462 15 -50 
3.525 15 -50 
3.586 15 -50 
3.649 15 -50 
3.727 15 -50 
3.791 15 -50 
3.852 15 -50 
3.914 15 -50 
3.992 15 -50 
4.055 15 -50 
4.134 15 -50 
4.197 15 -50 
4.258 15 -50 
4.321 15 -50 
4.383 15 -50 
4.446 15 -50 
4.539 15 -50 
4.633 15 -50 
4.696 15 -50 
4.758 15 -50 
4.821 15 -50 
4.898 15 -50 
4.961 15 -50 
5.024 15 -50 
5.086 15 -50 
5.149 15 -50 
5.212 15 -50 
5.289 15 -50 
5.353 15 -50 
5.431 15 -50 
5.493 15 -50 
5.556 15 -50 
5.618 15 -50 
5.697 15 -50 
5.758 15 -50 
5.822 15 -50 
5.899 15 -50 
5.946 15 -50 
6.024 15 -50 
6.102 15 -50 
6.166 15 -50 
6.227 15 -50 
6.29 15 -50 
6.352 15 -50 
6.415 15 -50 
6.492 15 -50 
6.555 15 -50 
6.634 15 -50 
6.695 15 -50 
6.759 15 -50 
6.821 15 -50 
6.9 15 -50 
6.962 15 -50 
7.024 15 -50 
7.086 15 -50 
7.149 15 -50 
7.228 15 -50 
7.29 15 -50 
7.352 15 -50 
7.431 15 -50 
7.493 15 -50 
7.556 15 -50 
7.618 15 -50 
7.711 15 -50 
7.789 15 -50 
7.852 15 -50 
7.93 15 -50 
7.978 15 -50 
8.056 15 -50 
8.133 15 -50 
8.197 15 -50 
8.258 15 -50 
8.32 15 -50 
8.384 15 -50 
8.446 15 -50 
8.523 15 -50 
8.603 15 -50 
8.665 15 -50 
8.711 15 -50 
8.789 15 -50 
8.852 15 -50 
8.93 15 -50 
8.992 15 -50 
9.055 15 -50 
9.117 15 -50 
9.181 15 -50 
9.243 15 -50 
9.321 15 -50 
9.4 15 -50 
9.462 15 -50 
9.525 15 -50 
9.587 15 -50 
9.649 15 -50 
9.726 15 -50 
9.79 15 -50 
9.852 15 -50 
9.914 15 -50 
9.978 15 -50 
10.056 15 -50 
10.133 15 -50 
10.196 15 -50 
10.259 15 -50 
10.321 15 -50 
10.399 15 -50 
10.492 15 -50 
10.555 15 -50 
10.617 15 -50 
10.68 15 -50 
10.759 15 -50 
10.821 15 -50 
10.9 15 -50 
10.961 15 -50 
11.025 15 -50 
11.102 15 -50 
11.18 15 -50 
11.243 15 -50 
11.336 15 -50 
11.4 15 -50 
11.461 15 -50 
11.524 15 -50 
11.587 15 -50 
11.65 15 -50 
11.728 15 -50 
11.791 15 -50 
11.852 15 -50 
11.916 15 -50 
11.994 15 -50 
12.056 15 -50 
12.165 15 -50 
12.227 15 -50 
12.29 15 -50 
12.352 15 -50 
12.414 15 -50 
12.493 15 -50 
12.571 15 -50 
12.68 15 -50 
12.742 15 -50 
12.805 15 -50 
12.9 15 -50 
12.961 15 -50 
13.025 15 -50 
13.086 15 -50 
13.149 15 -50 
13.212 15 -50 
13.306 15 -50 
13.369 15 -50 
13.431 15 -50 
13.494 15 -50 
13.555 15 -50 
13.618 15 -50 
13.697 15 -50 
13.758 15 -50 
13.822 15 -50 
13.884 15 -50 
13.946 15 -50 
14.008 15 -50 
14.101 15 -50 
14.164 15 -50 
14.227 15 -50 
14.29 15 -50 
14.353 15 -50 
14.416 15 -50 
14.494 15 -50 
14.571 15 -50 
14.618 15 -50 
14.697 15 -50 
14.758 15 -50 
14.822 15 -50 
14.898 15 -50 
14.962 15 -50 
15.04 15 -50 
15.118 15 -50 
15.181 15 -50 
15.243 15 -50 
15.337 15 -50 
15.4 15 -50 
15.461 15 -50 
15.525 15 -50 
15.587 15 -50 
15.65 15 -50 
15.728 15 -50 
15.79 15 -50 
15.852 15 -50 
15.931 15 -50 
16.008 15 -50 
16.103 15 -50 
16.164 15 -50 
16.227 15 -50 
16.289 15 -50 
16.351 15 -50 
16.414 15 -50 
16.493 15 -50 
16.556 15 -50 
16.618 15 -50 
16.696 15 -50 
16.759 15 -50 
16.82 15 -50 
16.898 15 -50 
16.962 15 -50 
17.024 15 -50 
17.087 15 -50 
17.149 15 -50 
17.211 15 -50 
17.289 15 -50 
17.352 15 -50 
17.429 15 -50 
17.493 15 -50 
17.555 15 -50 
17.617 15 -50 
17.697 15 -50 
17.76 15 -50 
17.82 15 -50 
17.883 15 -50 
17.962 15 -50 
18.023 15 -50 
