3.633330 0.025490 -0.030752 -0.375398 -2.130430 0.689435 0.548657 
3.666670 0.069281 -0.025328 -0.074425 -2.148990 0.686422 0.544450 
3.700000 0.069492 -0.013216 0.346241 -2.161300 0.684352 0.545452 
3.733330 0.035272 -0.008649 0.524624 -2.111510 0.683187 0.541641 
3.766670 0.011536 -0.012938 0.442162 -2.100750 0.682368 0.541265 
3.800000 0.028805 -0.017783 0.532130 -2.090040 0.684299 0.544252 
3.833330 0.062778 -0.006447 0.871906 -2.110830 0.679793 0.541739 
3.866670 0.067771 0.001605 0.939999 -2.003950 0.679341 0.538099 
3.900000 0.041642 0.004786 0.473803 -2.024030 0.679822 0.537890 
3.933330 0.020038 -0.004760 -0.125071 -1.985370 0.678501 0.534174 
3.966670 0.028872 -0.004850 -0.360233 -2.033440 0.678722 0.538940 
4.000000 0.050321 0.001706 -0.193875 -2.029340 0.677604 0.534118 
4.033330 0.055797 0.000479 -0.001302 -2.041860 0.676351 0.532862 
4.066670 0.050237 -0.013602 -0.056500 -2.008970 0.677134 0.530707 
4.100000 0.053685 -0.018510 -0.244503 -2.049190 0.674080 0.531629 
4.133330 0.059600 -0.015631 -0.339768 -2.038750 0.673429 0.528742 
4.166670 0.055265 -0.012113 -0.221222 -2.056320 0.671834 0.527083 
4.200000 0.040764 -0.014663 0.125011 -2.065660 0.671339 0.526038 
4.233330 0.026874 -0.016438 0.487500 -2.060350 0.669298 0.525486 
4.266670 0.024974 -0.014223 0.579352 -2.013060 0.669316 0.524450 
4.300000 0.040149 -0.010309 0.447509 -2.012990 0.668273 0.525468 
4.333330 0.057482 -0.012258 0.380218 -1.997760 0.667246 0.522179 
4.366670 0.055870 -0.018505 0.455044 -1.992800 0.666610 0.522119 
4.400000 0.035840 -0.020488 0.516054 -1.965490 0.663752 0.518215 
4.433330 0.030531 -0.008135 0.497678 -1.942060 0.664273 0.519704 
4.466670 0.051484 0.010665 0.440264 -1.952980 0.662728 0.520196 
4.500000 0.055203 0.014876 0.314082 -1.905830 0.664842 0.516511 
4.533330 0.020916 0.007787 0.093016 -1.920080 0.660786 0.510332 
4.566670 0.006668 -0.008153 -0.205536 -1.921980 0.664319 0.517117 
4.600000 0.041387 -0.024576 -0.506044 -1.912880 0.663322 0.515548 
4.633330 0.076064 -0.026593 -0.559616 -1.946110 0.660332 0.510842 
4.666670 0.073965 -0.013681 -0.289693 -1.994940 0.657940 0.510974 
4.700000 0.056104 -0.012651 -0.053297 -1.946080 0.658340 0.507706 
4.733330 0.050532 -0.019773 -0.054975 -1.969860 0.657326 0.507172 
4.766670 0.052734 -0.026901 -0.043248 -1.974170 0.655288 0.506621 
4.800000 0.049903 -0.025698 0.196679 -1.970310 0.653004 0.503404 
4.833330 0.042074 -0.022683 0.558841 -1.966830 0.653282 0.504349 
4.866670 0.035732 -0.020716 0.794418 -1.932220 0.651039 0.501567 
4.900000 0.035656 -0.013757 0.786993 -1.902290 0.650126 0.502561 
4.933330 0.043324 -0.003521 0.649091 -1.879310 0.650046 0.499743 
4.966670 0.055447 0.003208 0.502067 -1.873840 0.648586 0.499966 
5.000000 0.062835 -0.000261 0.337077 -1.835020 0.649608 0.496518 
5.033330 0.056997 -0.001310 0.158559 -1.850860 0.647832 0.494618 
5.066670 0.038860 0.002495 0.005861 -1.829900 0.647832 0.494618 
5.100000 0.027158 0.004767 -0.142195 -1.852180 0.645882 0.489425 
5.133330 0.040264 -0.007663 -0.270791 -1.827330 0.650212 0.494915 
5.166670 0.060325 -0.016400 -0.306720 -1.878280 0.645381 0.488901 
5.200000 0.060946 -0.018793 -0.278138 -1.861500 0.643886 0.486813 
5.233330 0.054451 -0.019282 -0.190334 -1.864120 0.646063 0.487871 
5.266670 0.050451 -0.018072 0.126495 -1.896770 0.641861 0.484483 
5.300000 0.039142 -0.011999 0.692701 -1.856540 0.642231 0.483301 
5.333330 0.030961 -0.004707 1.094432 -1.864410 0.640387 0.482632 
5.366670 0.036864 -0.018264 0.920779 -1.769580 0.641699 0.482280 
5.400000 0.049794 -0.036057 0.454996 -1.750050 0.641457 0.480071 
5.433330 0.060779 -0.033669 0.244961 -1.813990 0.634838 0.478935 
5.466670 0.057344 -0.031896 0.239976 -1.732360 0.638431 0.477962 
5.500000 0.049635 -0.023130 0.276221 -1.724520 0.636467 0.473809 
5.533330 0.048903 0.000693 0.381964 -1.797390 0.631344 0.474758 
5.566670 0.060523 0.006044 0.203033 -1.691180 0.636294 0.473646 
5.600000 0.068306 -0.009556 -0.388009 -1.701650 0.635554 0.468130 
5.633330 0.066043 -0.020782 -0.764714 -1.778890 0.632125 0.468691 
5.666670 0.055146 -0.017001 -0.553293 -1.766400 0.632522 0.466539 
5.700000 0.041791 -0.000824 -0.033106 -1.786410 0.631669 0.462974 
5.733330 0.034859 0.008351 0.371430 -1.793860 0.630906 0.464651 
5.766670 0.040555 -0.004705 0.333200 -1.754150 0.631600 0.461379 
5.800000 0.043854 -0.033704 0.007294 -1.730470 0.632400 0.461671 
5.833330 0.036359 -0.045140 0.004192 -1.776650 0.628090 0.458239 
5.866670 0.026529 -0.029798 0.478571 -1.781430 0.626031 0.459236 
5.900000 0.034296 -0.010817 0.985800 -1.683170 0.628339 0.458882 
5.933330 0.058945 -0.000960 1.161292 -1.747270 0.624686 0.456259 
5.966670 0.074998 -0.016984 0.922350 -1.602420 0.627521 0.455238 
6.000000 0.073581 -0.012900 0.582322 -1.638320 0.624661 0.450990 
6.033330 0.061976 0.008020 0.596931 -1.615140 0.624309 0.449143 
6.066670 0.057158 0.027063 0.658290 -1.625790 0.624037 0.448926 
6.100000 0.062407 0.000409 0.069634 -1.529390 0.627849 0.444361 
6.133330 0.069101 -0.037959 -0.790231 -1.559890 0.626981 0.444522 
6.166670 0.083320 -0.039673 -0.905367 -1.661030 0.621816 0.440163 
6.200000 0.084450 -0.022079 -0.383503 -1.659840 0.621826 0.439650 
6.233330 0.065010 -0.020411 -0.084038 -1.609430 0.623746 0.434526 
6.266670 0.040127 -0.026954 -0.063066 -1.660970 0.619921 0.432952 
6.300000 0.031596 -0.029367 0.108607 -1.664720 0.619891 0.434491 
6.333330 0.034457 -0.021646 0.393545 -1.629100 0.619342 0.432530 
6.366670 0.032296 -0.012021 0.537771 -1.637060 0.616948 0.428807 
6.400000 0.030430 -0.014909 0.502119 -1.598770 0.618841 0.431527 
6.433330 0.038977 -0.025063 0.469073 -1.586490 0.617305 0.428713 
6.466670 0.051840 -0.021011 0.700836 -1.580590 0.616322 0.426429 
6.500000 0.062552 0.003223 1.143447 -1.550800 0.614954 0.426727 
6.533330 0.062581 0.020235 1.226844 -1.520730 0.615593 0.423199 
6.566670 0.052019 0.002296 0.565676 -1.426250 0.619177 0.419104 
6.600000 0.052158 -0.021416 -0.287833 -1.455510 0.617081 0.422147 
6.633330 0.071111 -0.025320 -0.556621 -1.512400 0.614892 0.417196 
6.666670 0.080593 -0.022636 -0.362049 -1.491270 0.616383 0.414626 
6.700000 0.077080 -0.024022 -0.282727 -1.507640 0.615241 0.412391 
6.733330 0.072168 -0.027069 -0.345024 -1.502370 0.614911 0.409247 
6.766670 0.065378 -0.015809 -0.210579 -1.541040 0.612813 0.409036 
6.800000 0.044372 -0.007286 0.076312 -1.550710 0.613392 0.403157 
6.833330 0.018882 -0.013422 0.282524 -1.487420 0.614367 0.405217 
6.866670 0.008252 -0.019861 0.545384 -1.531330 0.612249 0.404641 
6.900000 0.015508 -0.020667 0.877231 -1.508350 0.611380 0.402106 
6.933330 0.039182 -0.023701 0.834088 -1.436990 0.612345 0.404677 
6.966670 0.068115 -0.027743 0.439513 -1.412810 0.610304 0.400830 
7.000000 0.085533 -0.020086 0.331356 -1.442980 0.610468 0.396983 
7.033330 0.084407 -0.011689 0.586871 -1.429220 0.609724 0.396722 
7.066670 0.064551 -0.012905 0.589182 -1.368280 0.610581 0.391365 
7.100000 0.031658 -0.014488 0.145598 -1.366420 0.610591 0.390855 
7.133330 0.006765 -0.012035 -0.246300 -1.375950 0.609766 0.389822 
7.166670 0.008094 -0.006236 -0.218657 -1.393710 0.608560 0.390827 
7.200000 0.036444 -0.007899 -0.010141 -1.403630 0.610633 0.388813 
7.233330 0.080498 -0.020580 -0.014513 -1.375660 0.608602 0.388785 
7.266670 0.114493 -0.025301 -0.121427 -1.376950 0.610218 0.384213 
7.300000 0.107849 -0.010496 0.021330 -1.422840 0.607763 0.380098 
7.333330 0.065831 -0.008010 0.267629 -1.389010 0.609977 0.374304 
7.366670 0.033547 -0.021388 0.260828 -1.364960 0.610353 0.377583 
7.400000 0.028163 -0.035254 0.125330 -1.372570 0.608385 0.374497 
7.433330 0.025175 -0.031998 0.190339 -1.385230 0.606551 0.372755 
7.466670 0.016750 -0.021627 0.494562 -1.337630 0.607940 0.371432 
7.500000 0.029868 -0.014397 0.787918 -1.375410 0.605890 0.372424 
7.533330 0.058235 -0.019403 0.751727 -1.279890 0.605911 0.371405 
7.566670 0.072099 -0.023014 0.416954 -1.284530 0.606849 0.366519 
7.600000 0.060740 -0.019438 0.153692 -1.293190 0.606499 0.365233 
7.633330 0.049904 -0.008554 0.101266 -1.271790 0.605117 0.362901 
7.666670 0.056625 -0.000127 0.117448 -1.273730 0.607103 0.362761 
7.700000 0.068378 -0.004923 0.107117 -1.273690 0.607165 0.359707 
7.733330 0.072340 -0.018289 0.028663 -1.261690 0.607811 0.356726 
7.766670 0.070164 -0.030638 -0.168027 -1.273650 0.607248 0.355636 
7.800000 0.060678 -0.040670 -0.449814 -1.270700 0.607321 0.352075 
7.833330 0.044798 -0.039556 -0.599115 -1.291120 0.606349 0.350028 
7.866670 0.034585 -0.028335 -0.378704 -1.326980 0.604871 0.347975 
7.900000 0.039166 -0.021236 0.127508 -1.327910 0.604344 0.348985 
7.933330 0.051348 -0.023728 0.570676 -1.302830 0.606173 0.344563 
7.966670 0.056774 -0.019580 0.734958 -1.293420 0.602934 0.345337 
8.000000 0.049613 -0.005364 0.736229 -1.239320 0.604713 0.340346 
8.033330 0.043625 0.005508 0.819776 -1.253310 0.604521 0.340347 
8.066670 0.054317 -0.008064 0.942318 -1.207060 0.606547 0.340372 
8.100000 0.071750 -0.029864 0.789648 -1.171370 0.605249 0.336785 
8.133330 0.070907 -0.037949 0.331409 -1.140800 0.605659 0.334266 
8.166670 0.047308 -0.025798 -0.077804 -1.152950 0.605732 0.330713 
8.200000 0.022083 -0.008549 -0.237575 -1.175770 0.604720 0.330700 
8.233330 0.025561 0.003157 -0.231715 -1.138420 0.606905 0.329212 
8.266670 0.057396 0.009159 -0.142033 -1.200880 0.603838 0.331259 
8.300000 0.082834 -0.005061 -0.085298 -1.168000 0.608883 0.325169 
8.333330 0.080499 -0.025830 -0.153918 -1.167990 0.608904 0.324155 
8.366670 0.067649 -0.030838 -0.186349 -1.197630 0.606836 0.321108 
8.400000 0.057432 -0.020902 0.036360 -1.183450 0.608006 0.318565 
8.433330 0.052078 -0.010480 0.520653 -1.187180 0.608037 0.317044 
8.466670 0.048284 -0.013449 0.944438 -1.174440 0.608779 0.315906 
8.500000 0.043484 -0.028423 0.850064 -1.116740 0.608011 0.312778 
8.533330 0.037714 -0.042684 0.436031 -1.055460 0.609131 0.313002 
8.566670 0.035894 -0.031904 0.515844 -1.130940 0.606665 0.309932 
8.600000 0.027675 0.000397 1.089915 -1.079840 0.607201 0.308419 
8.633330 0.025691 0.020878 1.395696 -1.015320 0.606887 0.307190 
