0.7 0.00101467 -0.000464906 0.0170842 -2.535 
0.733333 0.00114871 -0.000452382 0.0190513 -2.52503 
0.766667 0.00121911 -0.000448477 0.0192215 -2.51791 
0.8 0.0012901 -0.000438335 0.0164423 -2.51475 
0.833333 0.00143239 -0.000363089 0.015586 -2.51016 
0.866667 0.0014333 -0.000426 0.0107018 -2.51074 
0.9 0.00152933 -0.000359191 0.0094268 -2.50869 
0.933333 0.00184726 -0.000379249 0.00623959 -2.50936 
0.966667 0.00196692 -0.000401208 0.00298273 -2.51114 
1 0.00206188 -0.000373914 0.000683502 -2.51286 
1.03333 0.00205794 -0.000386167 0.00096895 -2.5123 
1.06667 0.0020835 -0.000299686 0.00495763 -2.50727 
1.1 0.00201109 -0.000418194 0.00742511 -2.5027 
1.13333 0.00210601 -0.000457255 0.00980584 -2.49742 
1.16667 0.0021617 -0.000416716 0.0144665 -2.48865 
1.2 0.00225231 -0.000523655 0.0143508 -2.48396 
1.23333 0.00208873 -0.000656785 0.0146541 -2.47882 
1.26667 0.00222093 -0.000471518 0.0179475 -2.47005 
1.3 0.00208329 -0.000418276 0.0186874 -2.46319 
1.33333 0.00209834 -0.000320769 0.0182464 -2.45748 
1.36667 0.00231606 -0.000431488 0.0136527 -2.45682 
1.4 0.00228707 -0.000348507 0.0109903 -2.45542 
1.43333 0.00241985 -0.000404906 0.00580002 -2.45788 
1.46667 0.00236178 -0.000360408 0.00385185 -2.45825 
1.5 0.00222814 -0.000281075 0.0047406 -2.45591 
1.53333 0.00226017 -0.000322981 0.0046077 -2.45449 
1.56667 0.00228966 -0.000381931 0.00445254 -2.45314 
1.6 0.00242873 -0.000405773 0.00750225 -2.44805 
1.63333 0.00255583 -0.000564331 0.00769948 -2.44532 
1.66667 0.00245275 -0.000620897 0.00974141 -2.44034 
1.7 0.00234592 -0.000592025 0.0137405 -2.43237 
1.73333 0.00234708 -0.000596607 0.017246 -2.42366 
1.76667 0.00231525 -0.000651108 0.0184267 -2.41651 
1.8 0.00226223 -0.000662719 0.0190288 -2.40966 
1.83333 0.00239462 -0.000542094 0.0197653 -2.40245 
1.86667 0.00239727 -0.000470041 0.0193002 -2.39641 
1.9 0.0022434 -0.000501962 0.0154868 -2.39448 
1.93333 0.00219352 -0.000269452 0.0189639 -2.38521 
1.96667 0.00242826 -0.000107036 0.0195856 -2.37815 
2 0.00240504 -0.000286762 0.0143374 -2.37782 
2.03333 0.00254095 -0.000397639 0.00972588 -2.37849 
2.06667 0.00259006 -0.0003864 0.00942518 -2.3756 
2.1 0.00253213 -0.000464623 0.0100092 -2.37177 
2.13333 0.00264628 -0.00067836 0.01021 -2.36819 
2.16667 0.00264479 -0.000615194 0.0140262 -2.36029 
2.2 0.00268987 -0.000750347 0.0137046 -2.35599 
2.23333 0.00293326 -0.000930133 0.0121928 -2.35321 
2.26667 0.00295167 -0.000973699 0.0141149 -2.34687 
2.3 0.0028472 -0.000986681 0.0159359 -2.34002 
2.33333 0.00282963 -0.000824078 0.0204938 -2.32933 
2.36667 0.00261926 -0.000770375 0.0202234 -2.32281 
2.4 0.00257871 -0.000760588 0.0186772 -2.3179 
2.43333 0.00281683 -0.000738065 0.0170332 -2.31361 
2.46667 0.00284005 -0.000655252 0.0143914 -2.31105 
2.5 0.00294156 -0.000605471 0.0130892 -2.30779 
2.53333 0.00307402 -0.000670624 0.0102443 -2.30679 
2.56667 0.00303917 -0.00079512 0.00655407 -2.30773 
2.6 0.00309519 -0.000894625 0.00179715 -2.31116 
2.63333 0.00313507 -0.000984857 0.00210202 -2.3102 
2.66667 0.00320261 -0.00112211 0.000264477 -2.31167 
2.7 0.00318462 -0.0011331 0.00159502 -2.31001 
2.73333 0.00305583 -0.00106261 0.00520186 -2.30522 
2.76667 0.00311302 -0.00114978 0.00699951 -2.30137 
2.8 0.00308318 -0.00120882 0.0102981 -2.29514 
2.83333 0.00324058 -0.00117679 0.0126586 -2.28892 
2.86667 0.00314248 -0.00119825 0.0126076 -2.28476 
2.9 0.00307934 -0.00117025 0.0117547 -2.28157 
2.93333 0.00315034 -0.000997539 0.0148408 -2.274 
2.96667 0.0031703 -0.00079524 0.0165311 -2.26706 
3 0.00343949 -0.000641617 0.0168432 -2.26118 
3.03333 0.00353157 -0.000591828 0.0155978 -2.25704 
3.06667 0.00353959 -0.000649048 0.0114634 -2.25672 
3.1 0.00366878 -0.000646277 0.00978706 -2.25488 
3.13333 0.00380236 -0.000591944 0.00915887 -2.25236 
3.16667 0.00361207 -0.000769748 0.00579796 -2.25327 
3.2 0.00362925 -0.000803409 0.00723316 -2.24964 
3.23333 0.00359541 -0.000937776 0.00716166 -2.24732 
3.26667 0.00359136 -0.000979604 0.00810038 -2.24382 
3.3 0.00362185 -0.000937132 0.0108613 -2.23786 
3.33333 0.00359306 -0.000836864 0.0181559 -2.22563 
3.36667 0.00354679 -0.000893346 0.0191881 -2.21836 
3.4 0.0034746 -0.000935336 0.019435 -2.21167 
3.43333 0.00345091 -0.000965754 0.020347 -2.20412 
3.46667 0.0036124 -0.000962332 0.019525 -2.19831 
3.5 0.00369861 -0.000693298 0.0213743 -2.18962 
3.53333 0.00392253 -0.00054034 0.0206889 -2.1833 
3.56667 0.0040407 -0.0004904 0.0183202 -2.1792 
3.6 0.00404362 -0.000377083 0.017193 -2.17442 
3.63333 0.00397231 -0.000373241 0.0171171 -2.16878 
3.66667 0.00399903 -0.000510905 0.013342 -2.16753 
3.7 0.0039638 -0.000724968 0.0102772 -2.1667 
3.73333 0.00382874 -0.000842982 0.010645 -2.16284 
3.76667 0.0038705 -0.00089282 0.0111724 -2.15867 
3.8 0.00373235 -0.000947924 0.011835 -2.15417 
3.83333 0.00375896 -0.00101354 0.0129999 -2.14885 
3.86667 0.00383741 -0.00109835 0.0176953 -2.13897 
3.9 0.0038728 -0.000942734 0.0231539 -2.12663 
3.93333 0.00398824 -0.000923871 0.025698 -2.11591 
3.96667 0.00389754 -0.000876015 0.0254522 -2.10763 
4 0.00390725 -0.00074417 0.0261998 -2.09826 
4.03333 0.00392764 -0.000739909 0.0241434 -2.09196 
4.06667 0.00403587 -0.000715891 0.0212427 -2.08734 
4.1 0.00413599 -0.000704638 0.0188826 -2.08304 
4.13333 0.00430072 -0.000664682 0.0174776 -2.0784 
4.16667 0.00439392 -0.000671001 0.0140406 -2.07664 
4.2 0.00445415 -0.000705279 0.0118793 -2.07451 
4.23333 0.00440659 -0.000857432 0.0104438 -2.07224 
4.26667 0.00421632 -0.000941123 0.0109771 -2.06813 
4.3 0.00402393 -0.00105998 0.0114586 -2.0639 
4.33333 0.00415712 -0.00109477 0.0132666 -2.05795 
4.36667 0.00429721 -0.00110261 0.0148201 -2.05169 
4.4 0.00437799 -0.00114704 0.017701 -2.04335 
4.43333 0.00436099 -0.00110024 0.0211444 -2.03339 
4.46667 0.00420938 -0.00115887 0.021278 -2.02618 
4.5 0.00417593 -0.00105926 0.0227755 -2.01732 
4.53333 0.00456572 -0.001057 0.0228888 -2.0096 
4.56667 0.00438066 -0.000918207 0.0236975 -2.00101 
4.6 0.00419358 -0.000863732 0.0205126 -1.99687 
4.63333 0.00427029 -0.000887522 0.0177206 -1.99333 
4.66667 0.00420905 -0.000987383 0.0123484 -1.99377 
4.7 0.00444055 -0.000941797 0.0122255 -1.98979 
4.73333 0.00445583 -0.000975992 0.0110635 -1.98709 
4.76667 0.00445216 -0.00104455 0.0105458 -1.98401 
4.8 0.00453591 -0.00118455 0.0090566 -1.98226 
4.83333 0.00453676 -0.00117546 0.00967048 -1.97851 
4.86667 0.00455625 -0.00124265 0.0110418 -1.97367 
4.9 0.00445763 -0.00132053 0.0138548 -1.96667 
4.93333 0.00444435 -0.00135301 0.017118 -1.9582 
4.96667 0.00438752 -0.00137316 0.0194662 -1.94972 
5 0.00442888 -0.00132974 0.020825 -1.94163 
5.03333 0.00456609 -0.00128838 0.0211873 -1.93426 
5.06667 0.00453312 -0.00127773 0.0216681 -1.92663 
5.1 0.00471098 -0.00126159 0.0209641 -1.92024 
5.13333 0.00441112 -0.00110144 0.0203644 -1.91396 
5.16667 0.00453254 -0.00108672 0.0170699 -1.91106 
5.2 0.00470732 -0.00105047 0.0157722 -1.9069 
5.23333 0.00466629 -0.00107519 0.0129243 -1.905 
5.26667 0.00453528 -0.00113763 0.0101724 -1.90395 
5.3 0.00476997 -0.00120232 0.00981965 -1.90097 
5.33333 0.00491401 -0.00129202 0.00891314 -1.89877 
5.36667 0.00480253 -0.00127953 0.013194 -1.89074 
5.4 0.0047729 -0.00118987 0.0188981 -1.87961 
5.43333 0.00474855 -0.00140621 0.0186478 -1.87361 
5.46667 0.00469664 -0.00140907 0.0225272 -1.86281 
5.5 0.00477831 -0.00139922 0.0257791 -1.85147 
5.53333 0.00470133 -0.00154365 0.0251583 -1.8436 
5.56667 0.00468411 -0.00146403 0.0286686 -1.83107 
5.6 0.00475728 -0.00135897 0.0294514 -1.82059 
5.63333 0.0048421 -0.00134776 0.0258866 -1.81499 
5.66667 0.00487803 -0.00133826 0.0229246 -1.80985 
5.7 0.00503733 -0.00127348 0.0198175 -1.80588 
5.73333 0.00498039 -0.00133641 0.0158062 -1.80401 
5.76667 0.00496724 -0.00129437 0.0150667 -1.79961 
5.8 0.00494241 -0.00123586 0.014641 -1.79509 
5.83333 0.00487357 -0.00131043 0.013415 -1.79166 
5.86667 0.00505117 -0.00155008 0.0113945 -1.78957 
5.9 0.00489545 -0.00153678 0.0156897 -1.78071 
5.93333 0.00481679 -0.00160708 0.0156581 -1.77551 
5.96667 0.00484263 -0.00163696 0.0213138 -1.76362 
6 0.00485707 -0.0016447 0.0252472 -1.75187 
6.03333 0.00490064 -0.00168405 0.0274134 -1.7409 
6.06667 0.004896 -0.00166095 0.0288611 -1.73005 
6.1 0.00507256 -0.0015572 0.0299599 -1.71913 
6.13333 0.00510608 -0.00151281 0.028822 -1.71049 
6.16667 0.00520811 -0.00141964 0.0265732 -1.70354 
6.2 0.0053008 -0.00147989 0.0218622 -1.70024 
6.23333 0.00538825 -0.00139997 0.0201206 -1.69501 
6.26667 0.0055119 -0.0012848 0.019692 -1.68881 
6.3 0.00554201 -0.00138629 0.0151502 -1.6876 
6.33333 0.00542335 -0.00148129 0.0136657 -1.68431 
6.36667 0.00548257 -0.00151535 0.0152682 -1.67786 
6.4 0.00533682 -0.00150698 0.0174116 -1.67024 
6.43333 0.00519927 -0.00156026 0.0201931 -1.66115 
6.46667 0.0052448 -0.00159502 0.0227033 -1.65146 
6.5 0.00514569 -0.00172138 0.0241226 -1.64222 
6.53333 0.00522473 -0.00182186 0.025387 -1.63268 
6.56667 0.00528881 -0.00166565 0.0317107 -1.61676 
6.6 0.00522871 -0.0015285 0.0353059 -1.60194 
6.63333 0.00538087 -0.00159848 0.0319121 -1.59418 
6.66667 0.00546563 -0.00148819 0.0327583 -1.58254 
6.7 0.00559072 -0.00154447 0.0271576 -1.57823 
6.73333 0.00562926 -0.00151252 0.0247236 -1.57205 
6.76667 0.00559459 -0.00154606 0.0205954 -1.56869 
6.8 0.00578773 -0.00154283 0.0176707 -1.56527 
6.83333 0.00567075 -0.00163975 0.0142971 -1.56337 
6.86667 0.00561461 -0.00175887 0.0113596 -1.56207 
6.9 0.00548571 -0.00171998 0.0140312 -1.55513 
6.93333 0.00527459 -0.00165476 0.0186501 -1.545 
6.96667 0.00506604 -0.00178173 0.0209548 -1.53606 
7 0.00499349 -0.00175461 0.0234314 -1.52615 
7.03333 0.00500479 -0.00176185 0.0258832 -1.51545 
7.06667 0.00514271 -0.00176335 0.0286176 -1.50359 
7.1 0.00511122 -0.00168724 0.030958 -1.49129 
7.13333 0.00523292 -0.00173139 0.030796 -1.48116 
7.16667 0.00516621 -0.00174067 0.0295231 -1.4724 
7.2 0.00512084 -0.00164295 0.0280004 -1.46436 
7.23333 0.00508884 -0.00159615 0.0268379 -1.4564 
7.26667 0.00511662 -0.00155002 0.024796 -1.44986 
7.3 0.00511042 -0.0017231 0.0179257 -1.4497 
7.33333 0.0054641 -0.00175229 0.0154247 -1.44668 
7.36667 0.0054097 -0.00165095 0.0167465 -1.43998 
7.4 0.00537083 -0.00171999 0.0165882 -1.43458 
7.43333 0.00531328 -0.00180313 0.0166177 -1.42902 
7.46667 0.00520877 -0.00180845 0.018269 -1.42153 
7.5 0.00507543 -0.00180434 0.0194883 -1.414 
7.53333 0.00478137 -0.00183864 0.0244133 -1.40169 
7.56667 0.00484101 -0.00190717 0.025332 -1.39247 
7.6 0.00490876 -0.00190545 0.0273487 -1.38165 
7.63333 0.00493232 -0.00194289 0.028735 -1.37089 
7.66667 0.00507607 -0.00193707 0.0269074 -1.36347 
7.7 0.00515915 -0.00186316 0.0246661 -1.35715 
7.73333 0.00518472 -0.00181468 0.0246817 -1.34891 
7.76667 0.00523242 -0.00177785 0.0237025 -1.34184 
7.8 0.0051945 -0.00177197 0.0207669 -1.3374 
7.83333 0.00521475 -0.00181684 0.0178022 -1.33398 
7.86667 0.00526178 -0.0018788 0.0146607 -1.33175 
7.9 0.00529815 -0.00189747 0.0130547 -1.32876 
7.93333 0.00541451 -0.00195739 0.0132498 -1.32418 
7.96667 0.00544898 -0.00203371 0.0126749 -1.32044 
8 0.00548657 -0.002119 0.0143954 -1.31419 
8.03333 0.00536872 -0.00207606 0.0168584 -1.30648 
8.06667 0.00507639 -0.00201454 0.019104 -1.29821 
8.1 0.00509612 -0.00210657 0.0211639 -1.28941 
8.13333 0.00510109 -0.00210735 0.0241121 -1.27888 
8.16667 0.00517793 -0.00207913 0.0262474 -1.26832 
8.2 0.00516406 -0.00212212 0.0250682 -1.26096 
8.23333 0.00528883 -0.00204242 0.027115 -1.25019 
8.26667 0.00523441 -0.0020384 0.0225006 -1.2466 
8.3 0.00529381 -0.00193185 0.0206341 -1.2413 
8.33333 0.00532821 -0.00184512 0.0196285 -1.23561 
8.36667 0.00536439 -0.00181306 0.0169413 -1.23224 
8.4 0.00546915 -0.00186 0.0156337 -1.22813 
8.43333 0.00548613 -0.00188153 0.0145502 -1.2242 
8.46667 0.00543263 -0.00187662 0.0138014 -1.22024 
8.5 0.00545298 -0.00193223 0.0159461 -1.2131 
8.53333 0.00534384 -0.00190366 0.0197314 -1.20332 
8.56667 0.00526814 -0.00195523 0.0203276 -1.19604 
8.6 0.00520277 -0.00194237 0.0241039 -1.18481 
8.63333 0.00522555 -0.00196766 0.0293338 -1.1706 
8.66667 0.00510771 -0.00193073 0.0327338 -1.15681 
8.7 0.00527407 -0.00198745 0.032029 -1.14673 
