0.7 0.00220967 -0.000366887 0.0168834 0.312455 
0.733333 0.00229987 -0.000414483 0.0193109 0.322663 
0.766667 0.00239191 -0.000440914 0.0213797 0.332115 
0.8 0.00248879 -0.00043464 0.0227669 0.341188 
0.833333 0.00258727 -0.000438966 0.0220531 0.347971 
0.866667 0.00268743 -0.000402554 0.0202897 0.353252 
0.9 0.00280018 -0.000351144 0.0176338 0.356858 
0.933333 0.00296496 -0.000299327 0.0157942 0.360544 
0.966667 0.00304257 -0.000310681 0.0132019 0.36274 
1 0.00311441 -0.000325245 0.00999111 0.363342 
1.03333 0.00318889 -0.000380261 0.00803277 0.364359 
1.06667 0.00328922 -0.000392018 0.0075146 0.366423 
1.1 0.00337262 -0.000444655 0.00934354 0.371087 
1.13333 0.00332436 -0.000587665 0.0104842 0.375548 
1.16667 0.0033598 -0.000564623 0.0143279 0.38358 
1.2 0.00337095 -0.000620257 0.016819 0.391297 
1.23333 0.00334914 -0.000657469 0.0203749 0.401101 
1.26667 0.00327877 -0.000746295 0.0238175 0.411956 
1.3 0.00326898 -0.000739316 0.026259 0.422778 
1.33333 0.00334666 -0.000670614 0.0274362 0.43292 
1.36667 0.00335023 -0.000601241 0.0263042 0.440729 
1.4 0.00340056 -0.000540855 0.0242562 0.44708 
1.43333 0.00345377 -0.000467817 0.0216466 0.452085 
1.46667 0.00355049 -0.000442937 0.0187821 0.455919 
1.5 0.00366922 -0.000447636 0.0150886 0.457819 
1.53333 0.0037357 -0.000474416 0.0124383 0.45972 
1.56667 0.00375648 -0.000537847 0.010486 0.461562 
1.6 0.00384063 -0.000589011 0.00925245 0.463601 
1.63333 0.00386475 -0.000692482 0.00944652 0.466914 
1.66667 0.003892 -0.00075771 0.0105112 0.47132 
1.7 0.00392943 -0.000778384 0.0128243 0.477554 
1.73333 0.00398453 -0.000831559 0.0162899 0.48592 
1.76667 0.00396226 -0.000862582 0.0203078 0.496093 
1.8 0.00395506 -0.00088257 0.0233749 0.506483 
1.83333 0.00389495 -0.000867489 0.0252856 0.51653 
1.86667 0.00395014 -0.000812889 0.0282366 0.528442 
1.9 0.00397611 -0.000793909 0.027722 0.537247 
1.93333 0.00398429 -0.000775119 0.0257718 0.544185 
1.96667 0.00412441 -0.000730713 0.0234332 0.550015 
2 0.00422858 -0.000662634 0.020224 0.554038 
2.03333 0.00438511 -0.000632005 0.0172815 0.557306 
2.06667 0.00447129 -0.000647873 0.0136814 0.558817 
2.1 0.00451499 -0.000694932 0.0120164 0.561412 
2.13333 0.00461322 -0.000784617 0.0110815 0.564314 
2.16667 0.00465498 -0.000860064 0.0113463 0.56832 
2.2 0.00465952 -0.00095448 0.0121842 0.573091 
2.23333 0.00463835 -0.000994144 0.0152908 0.58082 
2.26667 0.00464381 -0.00101065 0.0188053 0.590065 
2.3 0.00469292 -0.00103324 0.0227932 0.601041 
2.33333 0.00465985 -0.00109134 0.0270984 0.613721 
2.36667 0.00462794 -0.0010632 0.0295221 0.625615 
2.4 0.00460615 -0.000999187 0.0302891 0.636361 
2.43333 0.0047096 -0.000949435 0.0307933 0.647053 
2.46667 0.00469107 -0.000890354 0.0301924 0.656608 
2.5 0.00471225 -0.000819912 0.0267559 0.662615 
2.53333 0.00478377 -0.000797193 0.0238331 0.668084 
2.56667 0.00494319 -0.000787721 0.0205523 0.672155 
2.6 0.00496825 -0.000783937 0.016014 0.673649 
2.63333 0.00505941 -0.000822976 0.0134487 0.675959 
2.66667 0.00515748 -0.000912841 0.0132935 0.680258 
2.7 0.0051048 -0.000983228 0.0136931 0.685161 
2.73333 0.00518601 -0.00106007 0.0153062 0.69163 
2.76667 0.00517165 -0.00114363 0.0160894 0.697656 
2.8 0.00517775 -0.00122648 0.0201453 0.707807 
2.83333 0.00515041 -0.00127787 0.0230947 0.718004 
2.86667 0.00508965 -0.00128902 0.0275459 0.730957 
2.9 0.0050424 -0.00126002 0.0301662 0.743232 
2.93333 0.00507591 -0.00121727 0.0321651 0.755647 
2.96667 0.005102 -0.00113952 0.0317661 0.765897 
3 0.00513431 -0.00107028 0.0297785 0.77414 
3.03333 0.00518113 -0.00101422 0.0262401 0.779889 
3.06667 0.00526269 -0.000911933 0.0230005 0.784812 
3.1 0.00537304 -0.000894252 0.0209438 0.790051 
3.13333 0.0054943 -0.000896841 0.0185414 0.794196 
3.16667 0.00548303 -0.000940814 0.0157388 0.797068 
3.2 0.00554675 -0.000962232 0.0134804 0.799648 
3.23333 0.00561962 -0.0010661 0.0146264 0.805495 
3.26667 0.00564672 -0.00115826 0.0153695 0.811247 
3.3 0.00563964 -0.00127819 0.0176166 0.819023 
3.33333 0.0056669 -0.00130591 0.0201601 0.827898 
3.36667 0.00559293 -0.00130921 0.0224137 0.837278 
3.4 0.0056 -0.00127753 0.026366 0.849415 
3.43333 0.00556298 -0.00124658 0.0286485 0.860898 
3.46667 0.00549707 -0.00119559 0.0302799 0.872373 
3.5 0.00551384 -0.00116221 0.0324461 0.885024 
3.53333 0.00557942 -0.00115189 0.0318615 0.895149 
3.56667 0.00565018 -0.00106289 0.0303277 0.903959 
3.6 0.00576589 -0.00101732 0.026625 0.909697 
3.63333 0.00588816 -0.00100725 0.0235664 0.914962 
3.66667 0.00595669 -0.000967006 0.0206516 0.919376 
3.7 0.00605614 -0.000990283 0.0188294 0.924109 
3.73333 0.00611327 -0.0010029 0.0166583 0.927823 
3.76667 0.00610784 -0.00110483 0.0170079 0.933788 
3.8 0.00608714 -0.0012052 0.0180925 0.940738 
3.83333 0.00609008 -0.00125375 0.0191848 0.948058 
3.86667 0.00609724 -0.00137732 0.0214359 0.95711 
3.9 0.00607758 -0.00141188 0.0245285 0.967906 
3.93333 0.00610872 -0.00150735 0.027286 0.979338 
3.96667 0.0061428 -0.00154223 0.0306966 0.992459 
4 0.00614798 -0.00153336 0.034521 1.00721 
4.03333 0.00610198 -0.00135012 0.0353228 1.01966 
4.06667 0.0061434 -0.00129135 0.0349648 1.03101 
4.1 0.00623854 -0.00125682 0.0349361 1.04263 
4.13333 0.00627182 -0.00125149 0.0308244 1.04942 
4.16667 0.00634058 -0.0012214 0.0283552 1.05678 
4.2 0.0063826 -0.00117667 0.0252228 1.06254 
4.23333 0.00648075 -0.00119227 0.0211785 1.06617 
4.26667 0.00641592 -0.00115404 0.0186978 1.0703 
4.3 0.00648187 -0.00126581 0.0176079 1.07525 
4.33333 0.00648029 -0.00132748 0.0178719 1.08143 
4.36667 0.00643264 -0.00137565 0.0191389 1.08888 
4.4 0.00639283 -0.00141473 0.0211007 1.09758 
4.43333 0.00636325 -0.00148432 0.0242999 1.10839 
4.46667 0.00640557 -0.00163776 0.0298599 1.12305 
4.5 0.00643298 -0.00168095 0.0333303 1.1371 
4.53333 0.0064209 -0.00166185 0.0350037 1.15019 
4.56667 0.00642863 -0.00170595 0.0369546 1.16416 
4.6 0.00640029 -0.00162874 0.0371384 1.17669 
4.63333 0.00647688 -0.00157089 0.0367094 1.18857 
4.66667 0.0065051 -0.00149092 0.0348577 1.19862 
4.7 0.00659059 -0.00148957 0.0301995 1.20474 
4.73333 0.00666722 -0.00143143 0.0262282 1.21012 
4.76667 0.00672926 -0.00142603 0.0233304 1.21544 
4.8 0.00671632 -0.0015005 0.0223573 1.22207 
4.83333 0.00678084 -0.00156031 0.0204184 1.22723 
4.86667 0.00675632 -0.00160667 0.0215008 1.23531 
4.9 0.00680798 -0.00174605 0.0227332 1.24393 
4.93333 0.00683613 -0.0018925 0.0246901 1.25382 
4.96667 0.00680839 -0.00196749 0.0280827 1.26606 
5 0.00687776 -0.00205605 0.0314068 1.27934 
5.03333 0.00678906 -0.00204877 0.0354183 1.29455 
5.06667 0.0066896 -0.0020221 0.0376183 1.30895 
5.1 0.00671352 -0.00199022 0.0403687 1.32474 
5.13333 0.00676067 -0.00194172 0.0414019 1.33941 
5.16667 0.00686663 -0.00183861 0.040438 1.35207 
5.2 0.00681078 -0.00170616 0.0363099 1.36068 
5.23333 0.00678836 -0.00159447 0.0336777 1.36968 
5.26667 0.0068644 -0.00157783 0.0309146 1.37764 
5.3 0.00690615 -0.00153907 0.0269177 1.38323 
5.33333 0.00697237 -0.00155368 0.0244255 1.38926 
5.36667 0.00697614 -0.00158011 0.0230482 1.39577 
5.4 0.00696452 -0.00168133 0.02244 1.40274 
5.43333 0.00694243 -0.00167201 0.0247864 1.41299 
5.46667 0.00688699 -0.00179939 0.0268368 1.42367 
5.5 0.0068861 -0.00196675 0.029204 1.43541 
5.53333 0.00694634 -0.00204998 0.0320396 1.44849 
5.56667 0.00682213 -0.00205995 0.0349764 1.46264 
5.6 0.00681551 -0.00207515 0.0371485 1.47686 
5.63333 0.00688189 -0.00201744 0.0395039 1.49203 
5.66667 0.00693604 -0.00197227 0.0405556 1.50644 
5.7 0.00695793 -0.00185149 0.0384869 1.51751 
5.73333 0.00707056 -0.0017292 0.0366669 1.52819 
5.76667 0.00729053 -0.00173972 0.0334142 1.53658 
5.8 0.00750924 -0.00177571 0.0305723 1.54436 
5.83333 0.00765335 -0.0017722 0.0278234 1.5513 
5.86667 0.00767639 -0.00180983 0.0251279 1.5574 
5.9 0.00760231 -0.00193333 0.0231465 1.56343 
5.93333 0.00768291 -0.00204621 0.0244075 1.57264 
5.96667 0.00769667 -0.00213977 0.0253034 1.58183 
6 0.00764261 -0.00225045 0.0267548 1.59198 
6.03333 0.00761652 -0.00229845 0.03068 1.60553 
6.06667 0.00758807 -0.00235362 0.0348528 1.62068 
6.1 0.00749731 -0.00238958 0.037155 1.63502 
6.13333 0.00750297 -0.00233971 0.0421989 1.65336 
6.16667 0.00742709 -0.00229238 0.0425099 1.66779 
6.2 0.00744819 -0.00220017 0.0414275 1.68068 
6.23333 0.00748545 -0.00207518 0.04029 1.69315 
6.26667 0.00750291 -0.00194816 0.0384633 1.70442 
6.3 0.00762523 -0.00195827 0.0354641 1.7137 
6.33333 0.00775251 -0.00195038 0.032624 1.72217 
6.36667 0.0076939 -0.00191085 0.0279388 1.72752 
6.4 0.00767395 -0.00195025 0.0246088 1.7329 
6.43333 0.00771532 -0.00199717 0.025074 1.74165 
6.46667 0.00757887 -0.00210709 0.0254366 1.75044 
6.5 0.00742169 -0.00216298 0.0272187 1.76102 
6.53333 0.00730048 -0.00217501 0.02912 1.77234 
6.56667 0.00720368 -0.00226367 0.030608 1.7838 
6.6 0.00711069 -0.00227484 0.0348364 1.79899 
6.63333 0.00711469 -0.00230264 0.0380505 1.8144 
6.66667 0.00705422 -0.00225312 0.0396284 1.82895 
6.7 0.00714377 -0.00220443 0.0407307 1.84346 
6.73333 0.00718837 -0.00206635 0.0402193 1.85643 
6.76667 0.00722235 -0.00197957 0.0366919 1.86567 
6.8 0.00725785 -0.00191084 0.0337189 1.87439 
6.83333 0.00734863 -0.00191367 0.0310605 1.8825 
6.86667 0.00732482 -0.00188057 0.0262537 1.88718 
6.9 0.00738085 -0.00186784 0.0248476 1.89427 
6.93333 0.00741096 -0.00191992 0.0222523 1.89949 
6.96667 0.00742207 -0.00201116 0.0210355 1.90547 
7 0.00742751 -0.00206227 0.0220043 1.91362 
7.03333 0.00741982 -0.00213678 0.0240516 1.92337 
7.06667 0.00732286 -0.00219938 0.0261488 1.93387 
7.1 0.00731905 -0.00227153 0.0306722 1.94792 
7.13333 0.00729669 -0.00230868 0.0346389 1.96283 
7.16667 0.00722808 -0.00237183 0.0370289 1.9772 
7.2 0.00722271 -0.00231965 0.039176 1.99207 
7.23333 0.00727426 -0.00226637 0.0401236 2.00625 
7.26667 0.00726228 -0.00217258 0.0400551 2.01955 
7.3 0.00724851 -0.00206892 0.0386215 2.0312 
7.33333 0.00737692 -0.00203399 0.0355286 2.04043 
7.36667 0.00733107 -0.0019634 0.0327612 2.049 
7.4 0.00738428 -0.00191444 0.0296665 2.05627 
7.43333 0.00737962 -0.00189565 0.0268746 2.06286 
7.46667 0.00742612 -0.00196813 0.0255892 2.0703 
7.5 0.00742065 -0.00208623 0.0256966 2.07896 
7.53333 0.00740495 -0.00217396 0.0254416 2.08723 
7.56667 0.00738489 -0.00219499 0.026962 2.0975 
7.6 0.00737634 -0.00225769 0.0295732 2.10957 
