0.234 20 -50 
0.297 20 -50 
0.376 20 -50 
0.469 20 -50 
0.531 20 -50 
0.594 20 -50 
0.655 20 -50 
0.718 20 -50 
0.782 20 -50 
0.86 20 -50 
0.937 20 -50 
1 20 -50 
1.062 20 -50 
1.126 20 -50 
1.188 20 -50 
1.251 20 -50 
1.329 20 -50 
1.39 20 -50 
1.454 20 -50 
1.516 20 -50 
1.578 20 -50 
1.641 20 -50 
1.734 20 -50 
1.796 20 -50 
1.859 20 -50 
1.922 20 -50 
1.984 20 -50 
2.048 20 -50 
2.124 20 -50 
2.188 20 -50 
2.25 20 -50 
2.328 20 -50 
2.392 20 -50 
2.454 20 -50 
2.532 20 -50 
2.594 20 -50 
2.656 20 -50 
2.72 20 -50 
2.781 20 -50 
2.844 20 -50 
2.921 20 -50 
2.999 20 -50 
3.062 20 -50 
3.124 20 -50 
3.188 20 -50 
3.251 20 -50 
3.329 20 -50 
3.391 20 -50 
3.453 20 -50 
3.517 20 -50 
3.579 20 -50 
3.656 20 -50 
3.735 20 -50 
3.797 20 -50 
3.86 20 -50 
3.922 20 -50 
3.985 20 -50 
4.048 20 -50 
4.126 20 -50 
4.188 20 -50 
4.266 20 -50 
4.328 20 -50 
4.39 20 -50 
4.454 20 -50 
4.531 20 -50 
4.594 20 -50 
4.656 20 -50 
4.718 20 -50 
4.782 20 -50 
4.843 20 -50 
4.937 20 -50 
4.999 20 -50 
5.062 20 -50 
5.124 20 -50 
5.187 20 -50 
5.25 20 -50 
5.328 20 -50 
5.39 20 -50 
5.454 20 -50 
5.516 20 -50 
5.578 20 -50 
5.641 20 -50 
5.734 20 -50 
5.796 20 -50 
5.86 20 -50 
5.921 20 -50 
5.984 20 -50 
6.046 20 -50 
6.125 20 -50 
6.188 20 -50 
6.265 20 -50 
6.312 20 -50 
6.39 20 -50 
6.453 20 -50 
6.531 20 -50 
6.594 20 -50 
6.657 20 -50 
6.719 20 -50 
6.782 20 -50 
6.845 20 -50 
6.938 20 -50 
6.999 20 -50 
7.062 20 -50 
7.124 20 -50 
7.187 20 -50 
7.249 20 -50 
7.328 20 -50 
7.39 20 -50 
7.453 20 -50 
7.515 20 -50 
7.577 20 -50 
7.656 20 -50 
7.734 20 -50 
7.798 20 -50 
7.86 20 -50 
7.922 20 -50 
7.984 20 -50 
8.047 20 -50 
8.124 20 -50 
8.188 20 -50 
8.251 20 -50 
8.328 20 -50 
8.391 20 -50 
8.452 20 -50 
8.532 20 -50 
8.593 20 -50 
8.657 20 -50 
8.718 20 -50 
8.782 20 -50 
8.859 20 -50 
8.937 20 -50 
9.001 20 -50 
9.063 20 -50 
9.126 20 -50 
9.188 20 -50 
9.251 20 -50 
9.328 20 -50 
9.406 20 -50 
9.484 20 -50 
9.563 20 -50 
9.624 20 -50 
9.704 20 -50 
9.765 20 -50 
9.828 20 -50 
9.891 20 -50 
9.953 20 -50 
10.016 20 -50 
10.094 20 -50 
10.172 20 -50 
10.25 20 -50 
10.312 20 -50 
10.376 20 -50 
10.453 20 -50 
10.532 20 -50 
10.594 20 -50 
10.656 20 -50 
10.72 20 -50 
10.781 20 -50 
10.843 20 -50 
10.922 20 -50 
10.999 20 -50 
11.063 20 -50 
11.124 20 -50 
11.188 20 -50 
11.249 20 -50 
11.329 20 -50 
11.39 20 -50 
11.453 20 -50 
11.532 20 -50 
11.61 20 -50 
11.702 20 -50 
11.765 20 -50 
11.829 20 -50 
11.89 20 -50 
11.953 20 -50 
12.015 20 -50 
12.094 20 -50 
12.172 20 -50 
12.25 20 -50 
12.313 20 -50 
12.391 20 -50 
12.454 20 -50 
12.531 20 -50 
12.594 20 -50 
12.656 20 -50 
12.72 20 -50 
12.796 20 -50 
12.89 20 -50 
12.968 20 -50 
13.031 20 -50 
13.094 20 -50 
13.157 20 -50 
13.219 20 -50 
13.298 20 -50 
13.359 20 -50 
13.421 20 -50 
13.485 20 -50 
13.562 20 -50 
13.609 20 -50 
13.687 20 -50 
13.765 20 -50 
13.828 20 -50 
13.89 20 -50 
13.953 20 -50 
14.016 20 -50 
14.094 20 -50 
14.157 20 -50 
14.218 20 -50 
14.282 20 -50 
14.36 20 -50 
14.422 20 -50 
14.5 20 -50 
14.563 20 -50 
14.626 20 -50 
14.688 20 -50 
14.75 20 -50 
14.813 20 -50 
14.891 20 -50 
14.968 20 -50 
15.032 20 -50 
15.093 20 -50 
15.157 20 -50 
15.218 20 -50 
15.298 20 -50 
15.359 20 -50 
