0.133333 0.011338 -0.022536 0.585393 -0.225827 0.690586 0.227165 
0.166667 0.009432 -0.012941 0.557606 -0.199596 0.690637 0.226205 
0.200000 0.008340 -0.008830 0.492927 -0.188370 0.690654 0.226012 
0.233333 0.016194 -0.002994 0.431202 -0.180825 0.691292 0.225599 
0.266667 0.029819 0.005517 0.225515 -0.155130 0.690959 0.225335 
0.300000 0.035725 0.011653 -0.154214 -0.150987 0.693272 0.225621 
0.333333 0.028107 0.010993 -0.445195 -0.167970 0.694699 0.226052 
0.366667 0.021124 0.005174 -0.428644 -0.193301 0.694990 0.226031 
0.400000 0.027505 -0.002621 -0.260353 -0.204760 0.695198 0.225676 
0.433333 0.038399 -0.012083 -0.243107 -0.195759 0.696712 0.226264 
0.466667 0.039235 -0.018958 -0.372206 -0.212931 0.698079 0.223880 
0.500000 0.032167 -0.019774 -0.333717 -0.222789 0.699735 0.224484 
0.533333 0.031254 -0.011393 0.054810 -0.251684 0.699074 0.222161 
0.566667 0.035193 -0.000439 0.581963 -0.217970 0.700817 0.223092 
0.600000 0.032703 0.005503 0.840423 -0.211632 0.701980 0.221677 
0.633333 0.025759 -0.003138 0.658265 -0.152656 0.704365 0.222624 
0.666667 0.025107 -0.016271 0.361224 -0.144803 0.701983 0.222793 
0.700000 0.027174 -0.019202 0.381821 -0.163996 0.705505 0.220171 
0.733333 0.023045 -0.012366 0.617796 -0.128852 0.705461 0.220422 
0.766667 0.020510 -0.006649 0.611981 -0.101670 0.705512 0.220068 
0.800000 0.023738 -0.006763 0.237812 -0.082176 0.706897 0.220182 
0.833333 0.030919 -0.004834 -0.199586 -0.084257 0.707669 0.219106 
0.866667 0.040614 0.003610 -0.394751 -0.109339 0.708253 0.219385 
0.900000 0.047280 0.011178 -0.326209 -0.109287 0.710299 0.219400 
0.933333 0.044746 0.009387 -0.194022 -0.132979 0.712000 0.219212 
0.966667 0.037561 -0.007752 -0.191983 -0.121156 0.713476 0.220315 
1.000000 0.034319 -0.022208 -0.286491 -0.128162 0.714190 0.219381 
1.033330 0.038254 -0.017179 -0.277998 -0.156216 0.715316 0.216730 
1.066670 0.042653 -0.005247 -0.094247 -0.151010 0.716393 0.217490 
1.100000 0.039947 -0.006306 0.175618 -0.151170 0.718031 0.217511 
1.133330 0.029815 -0.018369 0.429137 -0.150868 0.719990 0.216587 
1.166670 0.022872 -0.024622 0.593258 -0.114180 0.719478 0.215573 
1.200000 0.026322 -0.017979 0.655644 -0.109598 0.720087 0.214402 
1.233330 0.030877 -0.008090 0.653098 -0.078602 0.722018 0.214483 
1.266670 0.032193 -0.001143 0.620444 -0.054643 0.722362 0.213869 
1.300000 0.033591 -0.000004 0.538726 -0.050507 0.723656 0.213879 
1.333330 0.036426 -0.006001 0.328881 -0.016874 0.724708 0.214313 
1.366670 0.039682 -0.009042 0.038663 -0.008917 0.726200 0.213675 
1.400000 0.043902 -0.001996 -0.145826 -0.032625 0.727288 0.212782 
1.433330 0.048222 0.004995 -0.200827 -0.024709 0.728940 0.213440 
1.466670 0.050307 0.002560 -0.260673 -0.031163 0.730699 0.213619 
1.500000 0.048287 -0.007794 -0.362663 -0.049107 0.732182 0.213685 
1.533330 0.043300 -0.016422 -0.415967 -0.050351 0.734123 0.212764 
1.566670 0.040343 -0.017200 -0.319521 -0.077091 0.735024 0.211996 
1.600000 0.041162 -0.018304 -0.081716 -0.084542 0.736238 0.211313 
1.633330 0.043081 -0.021440 0.197973 -0.068191 0.737986 0.211679 
1.666670 0.044129 -0.016824 0.453216 -0.076878 0.739073 0.209007 
1.700000 0.042596 -0.008785 0.635514 -0.042132 0.740501 0.209386 
1.733330 0.040020 -0.005062 0.703381 -0.025118 0.742282 0.209589 
1.766670 0.037562 -0.007279 0.689673 0.001150 0.743104 0.208961 
1.800000 0.035419 -0.008016 0.638392 0.018248 0.744295 0.208334 
1.833330 0.033237 -0.004630 0.531620 0.044356 0.746124 0.209241 
1.866670 0.035512 0.003364 0.358020 0.056307 0.746485 0.207665 
1.900000 0.044080 0.008649 0.163984 0.068858 0.747808 0.209118 
1.933330 0.052528 0.004312 -0.013817 0.062292 0.749673 0.209266 
1.966670 0.057633 -0.006392 -0.175580 0.070112 0.751688 0.209866 
2.000000 0.061545 -0.010207 -0.295420 0.057417 0.753270 0.208617 
2.033330 0.060322 -0.007865 -0.359944 0.035433 0.755083 0.208753 
2.066670 0.050329 -0.010004 -0.396146 0.045802 0.758660 0.209266 
2.100000 0.042451 -0.014427 -0.357205 0.010543 0.758346 0.207997 
2.133330 0.043413 -0.022252 -0.150281 0.012737 0.760103 0.207912 
2.166670 0.047008 -0.027927 0.204717 0.005252 0.762234 0.207287 
2.200000 0.046863 -0.027457 0.540454 0.017876 0.763365 0.205677 
2.233330 0.045559 -0.019883 0.674969 0.047292 0.765017 0.205119 
2.266670 0.044778 -0.011541 0.647588 0.076524 0.766560 0.204833 
2.300000 0.043265 -0.008325 0.692578 0.081518 0.768135 0.204549 
2.333330 0.040739 -0.012638 0.854255 0.106996 0.769440 0.204627 
2.366670 0.038996 -0.016210 0.887095 0.148215 0.770852 0.204373 
2.400000 0.042008 -0.008360 0.612067 0.173425 0.772388 0.203626 
2.433330 0.050945 0.006294 0.127099 0.188178 0.773414 0.203369 
2.466670 0.061121 0.012891 -0.298220 0.183640 0.775739 0.205408 
2.500000 0.066323 0.006941 -0.405308 0.167953 0.777134 0.205659 
2.533330 0.062923 -0.001995 -0.208425 0.140823 0.779962 0.205968 
2.566670 0.054093 -0.011377 -0.069062 0.148133 0.782045 0.205854 
2.600000 0.050059 -0.019690 -0.206860 0.171630 0.783345 0.206400 
2.633330 0.055750 -0.019673 -0.352235 0.125926 0.784584 0.204856 
2.666670 0.059529 -0.018332 -0.202955 0.125965 0.787999 0.204876 
2.700000 0.056573 -0.020624 0.158777 0.123931 0.788876 0.204828 
2.733330 0.050757 -0.025630 0.477416 0.130116 0.791464 0.204494 
2.766670 0.046654 -0.025153 0.632941 0.168114 0.792800 0.202836 
2.800000 0.047534 -0.016520 0.687755 0.169774 0.794454 0.203036 
2.833330 0.049888 -0.012449 0.738628 0.207355 0.796352 0.202869 
2.866670 0.050553 -0.013670 0.791481 0.225285 0.797606 0.202817 
2.900000 0.045924 -0.015512 0.768142 0.250057 0.799905 0.202903 
2.933330 0.039318 -0.010268 0.593564 0.287225 0.801293 0.202595 
2.966670 0.040588 0.002582 0.291958 0.288562 0.802448 0.202423 
3.000000 0.052511 0.008686 -0.024991 0.303532 0.803535 0.203423 
3.033330 0.065772 0.002827 -0.238291 0.293398 0.805249 0.204776 
3.066670 0.069918 -0.007002 -0.303573 0.275554 0.808006 0.204993 
3.100000 0.065483 -0.012030 -0.287416 0.278349 0.810545 0.205017 
3.133330 0.062018 -0.009759 -0.273144 0.259001 0.811939 0.205448 
3.166670 0.062551 -0.008556 -0.266044 0.256716 0.814262 0.205531 
3.200000 0.063700 -0.011028 -0.186736 0.249600 0.816697 0.205954 
3.233330 0.062559 -0.018944 0.050956 0.236371 0.818326 0.205810 
3.266670 0.056710 -0.030608 0.384363 0.247524 0.820695 0.206121 
3.300000 0.048452 -0.035555 0.623559 0.265894 0.823334 0.204689 
3.333330 0.045497 -0.029589 0.710526 0.299072 0.824078 0.204205 
3.366670 0.050374 -0.017125 0.790799 0.310909 0.826228 0.203671 
3.400000 0.053624 -0.008921 0.935859 0.339274 0.828143 0.204244 
3.433330 0.051421 -0.007414 0.974735 0.375233 0.829858 0.204696 
3.466670 0.049696 -0.007528 0.735477 0.412255 0.831498 0.205066 
3.500000 0.055165 -0.003285 0.321905 0.431919 0.832904 0.205229 
3.533330 0.065549 0.004318 0.004824 0.424895 0.834897 0.206161 
3.566670 0.071948 0.006098 -0.100675 0.426878 0.836705 0.207437 
3.600000 0.069561 -0.000671 -0.126801 0.416338 0.839401 0.208808 
3.633330 0.062663 -0.012746 -0.225145 0.426397 0.840924 0.209595 
3.666670 0.057877 -0.016506 -0.347308 0.406216 0.843115 0.209363 
3.700000 0.057361 -0.012800 -0.323877 0.396563 0.845634 0.209662 
3.733330 0.061683 -0.010048 -0.114230 0.381144 0.846590 0.210401 
3.766670 0.066203 -0.017170 0.142369 0.384945 0.849135 0.210425 
3.800000 0.065182 -0.030554 0.337125 0.406622 0.851807 0.211677 
3.833330 0.062891 -0.038070 0.488292 0.395468 0.854064 0.209846 
3.866670 0.059185 -0.039686 0.634660 0.440793 0.855857 0.210664 
3.900000 0.054406 -0.028126 0.802771 0.447645 0.859129 0.209579 
3.933330 0.048725 -0.012303 0.947708 0.473513 0.860895 0.209951 
3.966670 0.050433 -0.003350 0.921121 0.522535 0.861255 0.210663 
4.000000 0.058776 -0.002099 0.696550 0.546229 0.863829 0.211703 
4.033330 0.065990 -0.000940 0.417727 0.555016 0.865050 0.212355 
4.066670 0.066833 0.002861 0.154799 0.575803 0.867544 0.213870 
4.100000 0.060155 0.006009 -0.113535 0.566929 0.868960 0.214653 
4.133330 0.051552 -0.001031 -0.327372 0.573718 0.870664 0.217110 
4.166670 0.051687 -0.011570 -0.373886 0.539905 0.871593 0.216538 
4.200000 0.064077 -0.020837 -0.265576 0.541326 0.874014 0.217323 
4.233330 0.079951 -0.022732 -0.128477 0.530044 0.875698 0.218069 
4.266670 0.085210 -0.021359 -0.008039 0.534683 0.879636 0.218291 
4.300000 0.077192 -0.019569 0.167542 0.529342 0.881893 0.220181 
4.333330 0.065166 -0.022786 0.409335 0.539239 0.884318 0.219966 
4.366670 0.058519 -0.028364 0.580827 0.554015 0.886266 0.220626 
4.400000 0.054998 -0.031561 0.598660 0.591369 0.888285 0.220757 
4.433330 0.050905 -0.024596 0.607337 0.594912 0.890916 0.220670 
4.466670 0.045845 -0.014375 0.748708 0.618450 0.892548 0.221179 
4.500000 0.045844 -0.008327 0.875850 0.640257 0.893144 0.221858 
4.533330 0.054360 -0.008301 0.757231 0.688489 0.895468 0.222925 
4.566670 0.072385 -0.005950 0.451337 0.703194 0.896575 0.223327 
4.600000 0.090479 -0.001358 0.192460 0.699044 0.898636 0.225133 
4.633330 0.092648 -0.002741 0.057083 0.718707 0.901931 0.227673 
4.666670 0.077709 -0.004824 -0.015661 0.709640 0.903525 0.229895 
4.700000 0.062853 -0.006119 -0.092960 0.706998 0.906085 0.230256 
4.733330 0.060561 -0.007817 -0.217150 0.712560 0.906839 0.231614 
4.766670 0.065628 -0.014481 -0.314894 0.696155 0.908818 0.232795 
4.800000 0.069011 -0.027314 -0.225681 0.685962 0.911574 0.234239 
4.833330 0.071378 -0.036332 0.086278 0.676971 0.913223 0.234303 
4.866670 0.073189 -0.034604 0.458341 0.688680 0.916555 0.234648 
4.900000 0.070985 -0.024995 0.706140 0.715988 0.919199 0.235654 
4.933330 0.064620 -0.015906 0.804480 0.736959 0.920876 0.236913 
4.966670 0.058115 -0.012912 0.858038 0.767928 0.922856 0.237782 
5.000000 0.057505 -0.013352 0.940473 0.793262 0.924688 0.238885 
5.033330 0.065075 -0.015063 0.974555 0.822857 0.925714 0.239897 
5.066670 0.074446 -0.015154 0.795886 0.863286 0.928064 0.241105 
5.100000 0.076954 -0.011140 0.396998 0.885801 0.930620 0.242963 
5.133330 0.074238 -0.007670 0.016435 0.888439 0.931683 0.245310 
5.166670 0.075023 -0.008827 -0.131775 0.878449 0.933886 0.246154 
5.200000 0.077244 -0.013046 -0.130522 0.870441 0.934909 0.247936 
5.233330 0.072675 -0.015077 -0.213853 0.881564 0.938095 0.250979 
5.266670 0.067739 -0.010135 -0.419298 0.863243 0.939900 0.250408 
5.300000 0.071729 -0.011288 -0.533035 0.846918 0.940609 0.253171 
5.333330 0.078716 -0.024344 -0.319446 0.834427 0.942846 0.254317 
5.366670 0.078092 -0.033900 0.200100 0.804454 0.945864 0.256318 
5.400000 0.068309 -0.032637 0.687416 0.850819 0.948842 0.256188 
5.433330 0.062236 -0.019721 0.876433 0.869367 0.950351 0.257429 
5.466670 0.060212 -0.015578 0.879321 0.909582 0.952141 0.259336 
5.500000 0.058835 -0.017944 0.882199 0.910906 0.953024 0.260077 
5.533330 0.056895 -0.022230 0.871504 0.972161 0.956386 0.261486 
5.566670 0.063491 -0.019129 0.827480 0.987364 0.956604 0.262656 
5.600000 0.076386 -0.013741 0.731092 0.996883 0.958428 0.263257 
5.633330 0.083347 -0.010515 0.436287 1.049010 0.961243 0.267242 
5.666670 0.082482 -0.003447 -0.007368 1.048600 0.961967 0.268116 
5.700000 0.078929 0.000249 -0.260145 1.030040 0.963538 0.270939 
5.733330 0.075059 -0.002149 -0.212029 1.017150 0.964775 0.273424 
5.766670 0.072756 -0.009773 -0.128827 1.024790 0.966668 0.274958 
5.800000 0.074199 -0.020189 -0.200322 1.019260 0.967471 0.276731 
5.833330 0.077355 -0.031738 -0.290431 1.008610 0.970229 0.278955 
5.866670 0.081232 -0.037883 -0.133519 1.003660 0.972325 0.280237 
5.900000 0.087011 -0.033778 0.311905 0.981112 0.975308 0.281221 
5.933330 0.087661 -0.032917 0.753187 1.023490 0.977454 0.284142 
5.966670 0.082581 -0.032803 0.940804 1.054680 0.979935 0.285633 
6.000000 0.074943 -0.030144 0.968523 1.079170 0.982210 0.287464 
6.033330 0.068517 -0.023477 1.005519 1.111090 0.984266 0.289112 
6.066670 0.062183 -0.015085 0.996524 1.145720 0.985276 0.290463 
6.100000 0.055401 -0.008410 0.775426 1.178550 0.987275 0.293116 
6.133330 0.056332 -0.005900 0.357619 1.208360 0.987221 0.293847 
6.166670 0.071238 -0.005239 0.002508 1.204980 0.988351 0.295599 
6.200000 0.090672 -0.004034 -0.101324 1.186470 0.989490 0.298253 
6.233330 0.099386 -0.009641 -0.057631 1.208780 0.991426 0.301249 
6.266670 0.094020 -0.016732 -0.067578 1.181460 0.991781 0.304664 
6.300000 0.081488 -0.029487 -0.176642 1.208010 0.994842 0.306728 
6.333330 0.075700 -0.030699 -0.252562 1.178880 0.996112 0.308752 
6.366670 0.076934 -0.028146 -0.183751 1.168690 0.998198 0.310019 
6.400000 0.078383 -0.029728 0.014378 1.182840 1.000160 0.313102 
6.433330 0.077261 -0.033941 0.339715 1.169030 1.001700 0.314654 
6.466670 0.071162 -0.038486 0.768003 1.194740 1.003920 0.316146 
6.500000 0.065314 -0.030259 1.095475 1.219200 1.006360 0.318993 
6.533330 0.068521 -0.014671 1.129259 1.279330 1.007880 0.319331 
6.566670 0.078458 -0.003421 0.946655 1.299880 1.007880 0.321378 
6.600000 0.075253 -0.007453 0.740346 1.329920 1.009200 0.325854 
6.633330 0.061515 -0.012047 0.544594 1.348220 1.009620 0.327607 
6.666670 0.059296 -0.006430 0.302904 1.373420 1.011480 0.327564 
6.700000 0.069349 0.002841 0.050549 1.367940 1.011020 0.330769 
6.733330 0.074675 -0.001065 -0.116115 1.373480 1.011470 0.333711 
6.766670 0.074066 -0.013415 -0.154331 1.362800 1.011990 0.335767 
6.800000 0.076317 -0.021712 -0.117000 1.354440 1.013530 0.337324 
6.833330 0.081099 -0.021356 -0.069803 1.365310 1.014980 0.340897 
6.866670 0.083809 -0.015648 -0.011478 1.351030 1.015580 0.342112 
6.900000 0.080496 -0.021255 0.030519 1.346230 1.018170 0.346100 
6.933330 0.072279 -0.042935 0.043755 1.379580 1.016620 0.347619 
6.966670 0.070745 -0.050356 0.185231 1.341300 1.021270 0.350244 
7.000000 0.072687 -0.038154 0.536950 1.376710 1.023710 0.350737 
7.033330 0.075499 -0.018369 0.880670 1.379270 1.023850 0.353871 
7.066670 0.069926 -0.018894 1.028118 1.450860 1.024520 0.357451 
7.100000 0.064441 -0.021078 1.051381 1.448330 1.026130 0.357330 
7.133330 0.064076 -0.020742 0.960881 1.494150 1.027060 0.361084 
7.166670 0.068841 -0.015420 0.631839 1.536790 1.027550 0.362266 
7.200000 0.073433 -0.006744 0.200263 1.548600 1.027980 0.364714 
7.233330 0.072747 0.003836 -0.038971 1.522530 1.028580 0.367873 
7.266670 0.070202 0.003631 -0.081124 1.549020 1.027950 0.369856 
7.300000 0.072888 -0.004265 -0.104126 1.527360 1.027930 0.371739 
7.333330 0.082338 -0.019792 -0.166894 1.537420 1.028470 0.375140 
7.366670 0.094570 -0.027519 -0.225625 1.517490 1.029530 0.377080 
7.400000 0.099885 -0.030552 -0.246628 1.526010 1.030950 0.380575 
