0.200000 0.020469 -0.005613 0.358178 0.345980 0.648227 0.252782 
0.233333 0.034686 0.008109 0.130095 0.346817 0.650213 0.253764 
0.266667 0.034671 0.012459 -0.113899 0.360004 0.651196 0.254757 
0.300000 0.027442 0.006248 -0.324239 0.339904 0.652033 0.256096 
0.333333 0.029584 -0.001311 -0.422840 0.335934 0.652224 0.255346 
0.366667 0.038803 -0.002245 -0.392216 0.310373 0.653421 0.255359 
0.400000 0.042862 -0.001010 -0.311009 0.307611 0.655593 0.257599 
0.433333 0.042462 0.001491 -0.262414 0.292938 0.656484 0.255592 
0.466667 0.041354 0.001280 -0.193335 0.297096 0.657177 0.257941 
0.500000 0.032535 -0.004824 0.026139 0.275298 0.659316 0.257119 
0.533333 0.017724 -0.016596 0.356416 0.283570 0.660556 0.258471 
0.566667 0.014779 -0.022489 0.616042 0.317047 0.660189 0.256658 
0.600000 0.028419 -0.017363 0.732236 0.322339 0.660473 0.255827 
0.633333 0.036343 -0.010931 0.738971 0.358588 0.663523 0.256683 
0.666667 0.028089 -0.009162 0.686742 0.382751 0.663591 0.256943 
0.700000 0.017723 -0.008645 0.640212 0.397870 0.665013 0.256492 
0.733333 0.020536 -0.004113 0.566935 0.418579 0.664845 0.256490 
0.766667 0.033877 0.004008 0.334208 0.440828 0.665776 0.256758 
0.800000 0.043930 0.011243 -0.033627 0.451557 0.667283 0.257526 
0.833333 0.044129 0.013130 -0.283686 0.435741 0.668472 0.259286 
0.866667 0.040293 0.006307 -0.272336 0.420370 0.669191 0.259371 
0.900000 0.038041 -0.005526 -0.212752 0.409671 0.670614 0.260693 
0.933333 0.038714 -0.014274 -0.349066 0.427077 0.671856 0.260604 
0.966667 0.043447 -0.011169 -0.520043 0.395136 0.673313 0.259994 
1.000000 0.047176 -0.005382 -0.381919 0.373245 0.674741 0.260899 
1.033330 0.044561 -0.008606 0.054646 0.362268 0.676510 0.261383 
1.066670 0.036314 -0.018511 0.465017 0.381355 0.677571 0.261843 
1.100000 0.030399 -0.018300 0.676133 0.412979 0.679439 0.261190 
1.133330 0.032959 -0.004424 0.739863 0.405754 0.679880 0.259990 
1.166670 0.036105 0.000729 0.718426 0.469646 0.681255 0.262136 
1.200000 0.030112 -0.006853 0.710211 0.466861 0.682059 0.262708 
1.233330 0.019353 -0.014198 0.767791 0.490985 0.683533 0.262174 
1.266670 0.018817 -0.006946 0.693526 0.522393 0.683986 0.261744 
1.300000 0.032818 0.006311 0.326901 0.555115 0.684057 0.262003 
1.333330 0.047087 0.013329 -0.124159 0.545476 0.685544 0.263782 
1.366670 0.050429 0.009739 -0.369036 0.530389 0.686974 0.264808 
1.400000 0.047566 -0.001578 -0.391688 0.522461 0.687970 0.265829 
1.433330 0.046852 -0.013812 -0.333933 0.507978 0.689481 0.266351 
1.466670 0.047997 -0.020756 -0.272728 0.502928 0.691001 0.266368 
1.500000 0.047651 -0.018360 -0.241662 0.482643 0.693353 0.266641 
1.533330 0.046220 -0.013997 -0.243125 0.493378 0.694676 0.266727 
1.566670 0.046426 -0.012188 -0.138903 0.476254 0.695701 0.267168 
1.600000 0.045716 -0.014278 0.191620 0.465232 0.698070 0.267962 
1.633330 0.045093 -0.015308 0.566280 0.482563 0.699325 0.267509 
1.666670 0.047687 -0.013227 0.724325 0.524002 0.700686 0.267989 
1.700000 0.048570 -0.008077 0.712241 0.532291 0.702211 0.268523 
1.733330 0.040358 -0.004379 0.725399 0.557292 0.704552 0.269377 
1.766670 0.029490 -0.003135 0.804648 0.586073 0.704673 0.269667 
1.800000 0.027925 -0.003319 0.846465 0.609930 0.705763 0.270550 
1.833330 0.037115 -0.000988 0.670162 0.634016 0.706149 0.270073 
1.866670 0.048997 0.002691 0.183740 0.667819 0.708153 0.271612 
1.900000 0.058841 0.003752 -0.338708 0.663352 0.709144 0.273141 
1.933330 0.064898 0.002249 -0.487084 0.619508 0.709643 0.273652 
1.966670 0.062518 -0.002034 -0.303012 0.619245 0.713585 0.275925 
2.000000 0.053757 -0.005015 -0.198955 0.610894 0.713662 0.276227 
2.033330 0.049103 -0.011379 -0.299545 0.627007 0.715681 0.277325 
2.066670 0.053076 -0.016573 -0.334140 0.578714 0.717191 0.277785 
2.100000 0.055541 -0.024016 -0.153611 0.587479 0.718639 0.277928 
2.133330 0.048950 -0.027967 0.136951 0.586302 0.721805 0.278779 
2.166670 0.038866 -0.026251 0.486272 0.596118 0.722759 0.278860 
2.200000 0.039251 -0.017088 0.870362 0.607894 0.724297 0.277865 
2.233330 0.048778 -0.009317 1.101983 0.652673 0.725570 0.278974 
2.266670 0.051998 -0.009598 1.022428 0.696782 0.727034 0.280040 
2.300000 0.042604 -0.010115 0.735675 0.717726 0.728930 0.281415 
2.333330 0.036142 -0.002631 0.474796 0.744190 0.730346 0.280971 
2.366670 0.047001 0.008441 0.335629 0.744227 0.730331 0.281984 
2.400000 0.061731 0.010642 0.188534 0.760418 0.730817 0.283510 
2.433330 0.060042 0.006413 -0.104124 0.767505 0.734329 0.286590 
2.466670 0.051259 0.000461 -0.395917 0.767505 0.734329 0.286590 
2.500000 0.053951 -0.005486 -0.448773 0.718236 0.734791 0.287759 
2.533330 0.061128 -0.014546 -0.329365 0.730234 0.737342 0.289160 
2.566670 0.061905 -0.018327 -0.219965 0.723589 0.740053 0.290349 
2.600000 0.061104 -0.018757 -0.098614 0.700677 0.740378 0.290208 
2.633330 0.061616 -0.021506 0.091196 0.714166 0.743400 0.292272 
2.666670 0.062074 -0.021233 0.294179 0.714101 0.745434 0.292295 
2.700000 0.060162 -0.019848 0.454956 0.727109 0.746793 0.292803 
2.733330 0.053370 -0.020580 0.583041 0.753203 0.749468 0.294879 
2.766670 0.043828 -0.019748 0.724559 0.759592 0.750492 0.294383 
2.800000 0.037366 -0.015760 0.871130 0.802034 0.752354 0.295405 
2.833330 0.038118 -0.007800 0.900933 0.811808 0.753022 0.295427 
2.866670 0.042813 -0.004394 0.712817 0.871262 0.754528 0.296968 
2.900000 0.049485 -0.000584 0.390019 0.866172 0.754673 0.297789 
2.933330 0.056599 0.003152 0.076483 0.881023 0.757095 0.298956 
2.966670 0.063687 0.005889 -0.182443 0.878188 0.757243 0.300954 
3.000000 0.068947 0.002855 -0.310981 0.878116 0.758525 0.302600 
3.033330 0.069724 -0.000241 -0.221011 0.844208 0.760673 0.304595 
3.066670 0.067532 -0.005160 -0.072380 0.852484 0.761768 0.306234 
3.100000 0.065802 -0.009644 -0.116962 0.859485 0.763584 0.307337 
3.133330 0.064074 -0.013762 -0.269748 0.851615 0.765005 0.309388 
3.166670 0.061515 -0.018207 -0.216578 0.830692 0.767504 0.309968 
3.200000 0.060626 -0.026388 0.106533 0.824272 0.768598 0.311486 
3.233330 0.060760 -0.035357 0.449544 0.846853 0.770866 0.311934 
3.266670 0.057794 -0.031148 0.603530 0.856794 0.773146 0.312871 
3.300000 0.050791 -0.013663 0.635883 0.894655 0.776144 0.313295 
3.333330 0.048195 0.004536 0.735484 0.895921 0.775742 0.314920 
3.366670 0.049847 0.007358 0.874487 0.920532 0.776431 0.315937 
3.400000 0.050449 -0.000680 0.877180 0.981111 0.778350 0.318475 
3.433330 0.053134 -0.006575 0.750804 0.979736 0.778801 0.318460 
3.466670 0.062239 -0.013041 0.542732 1.005660 0.779701 0.320651 
3.500000 0.070932 -0.014794 0.184368 1.037900 0.781652 0.321908 
3.533330 0.074087 -0.007107 -0.221513 1.024790 0.784426 0.324112 
3.566670 0.073294 -0.002270 -0.426615 1.005630 0.783721 0.325793 
3.600000 0.071208 -0.005167 -0.387620 0.997505 0.786485 0.328443 
3.633330 0.069120 -0.007166 -0.267454 0.981991 0.787651 0.329754 
3.666670 0.067350 -0.008670 -0.198178 0.978144 0.789011 0.331163 
3.700000 0.062844 -0.016242 -0.125154 0.982312 0.790777 0.333525 
3.733330 0.056723 -0.025195 0.103886 0.959813 0.791726 0.334940 
3.766670 0.054946 -0.028002 0.445836 0.975449 0.794719 0.334987 
3.800000 0.060751 -0.023540 0.668819 1.005380 0.795855 0.336138 
3.833330 0.068125 -0.020907 0.677161 1.020530 0.797176 0.338274 
3.866670 0.071461 -0.024306 0.626312 1.050760 0.800079 0.339674 
3.900000 0.072389 -0.024884 0.749611 1.068200 0.800663 0.341079 
3.933330 0.068386 -0.015045 1.017840 1.075760 0.803462 0.343036 
3.966670 0.057983 0.002224 1.024822 1.135520 0.804698 0.344974 
4.000000 0.053522 0.017314 0.564377 1.181220 0.805396 0.346622 
4.033330 0.061228 0.015304 0.022289 1.168630 0.803640 0.348258 
4.066670 0.072149 -0.000131 -0.231200 1.145660 0.805467 0.350677 
4.100000 0.071779 -0.012690 -0.276827 1.176200 0.806657 0.353324 
4.133330 0.064903 -0.006652 -0.271083 1.130530 0.808683 0.354802 
4.166670 0.062776 -0.005973 -0.255557 1.141660 0.808935 0.356243 
4.200000 0.065664 -0.016308 -0.250489 1.132250 0.809049 0.358524 
4.233330 0.068077 -0.029409 -0.200653 1.117840 0.812971 0.360873 
4.266670 0.069719 -0.032924 -0.041764 1.115670 0.812799 0.360760 
4.300000 0.066437 -0.024362 0.182101 1.114440 0.816368 0.363456 
4.333330 0.056300 -0.013739 0.433752 1.133480 0.817650 0.365614 
4.366670 0.055358 -0.011233 0.773731 1.145960 0.818037 0.366055 
4.400000 0.070692 -0.021578 1.150358 1.169440 0.819045 0.367604 
4.433330 0.081290 -0.034677 1.267486 1.220130 0.821033 0.370062 
4.466670 0.070841 -0.034173 0.989686 1.282410 0.824116 0.372792 
4.500000 0.055558 -0.017137 0.635613 1.284550 0.825335 0.374145 
4.533330 0.053979 -0.002616 0.475945 1.293260 0.824711 0.375068 
4.566670 0.068018 0.001817 0.328188 1.327890 0.826806 0.377601 
4.600000 0.084835 -0.002634 -0.026190 1.326540 0.826412 0.379483 
4.633330 0.093951 -0.016712 -0.410845 1.329410 0.827225 0.383392 
4.666670 0.091192 -0.019992 -0.480141 1.296880 0.828611 0.385422 
4.700000 0.075400 -0.006141 -0.225843 1.270170 0.831910 0.388380 
4.733330 0.058616 0.002184 0.009833 1.299550 0.831118 0.390830 
4.766670 0.057658 -0.007223 0.061727 1.285720 0.830167 0.392166 
4.800000 0.068814 -0.026490 0.104907 1.291480 0.833037 0.392852 
4.833330 0.074797 -0.036731 0.276903 1.289800 0.834770 0.397358 
4.866670 0.072667 -0.039116 0.507197 1.308370 0.835735 0.397506 
4.900000 0.072048 -0.036332 0.695794 1.331330 0.838765 0.400106 
4.933330 0.070942 -0.030101 0.820824 1.349780 0.839365 0.401961 
4.966670 0.060374 -0.022676 0.875927 1.387000 0.841258 0.404324 
5.000000 0.046293 -0.010685 0.849370 1.407940 0.842266 0.406394 
5.033330 0.045372 0.001233 0.773069 1.448940 0.842262 0.406908 
5.066670 0.064049 0.010634 0.663612 1.450350 0.842248 0.408450 
5.100000 0.086464 0.009968 0.450787 1.493250 0.842220 0.411535 
5.133330 0.089437 0.004736 0.125603 1.492320 0.842196 0.414106 
5.166670 0.072349 -0.007293 -0.149979 1.498710 0.841993 0.418926 
5.200000 0.059134 -0.017366 -0.259318 1.471750 0.843182 0.418751 
5.233330 0.064195 -0.024037 -0.271127 1.482460 0.843678 0.420818 
5.266670 0.077144 -0.022250 -0.236921 1.468470 0.844908 0.423782 
5.300000 0.082921 -0.018059 -0.132283 1.450790 0.846201 0.426202 
5.333330 0.081431 -0.021870 0.003323 1.459210 0.846703 0.428850 
5.366670 0.078488 -0.031317 0.188384 1.472760 0.847181 0.431685 
5.400000 0.076070 -0.034210 0.505812 1.450100 0.850254 0.433277 
5.433330 0.069264 -0.035587 0.805524 1.495670 0.850222 0.436885 
5.466670 0.062786 -0.032149 0.870707 1.534560 0.852272 0.437947 
5.500000 0.059160 -0.022629 0.791864 1.544000 0.852865 0.439993 
5.533330 0.059927 -0.013302 0.775790 1.579280 0.854287 0.443136 
5.566670 0.072273 -0.008520 0.829443 1.601020 0.853253 0.443636 
5.600000 0.089119 -0.007710 0.754975 1.621280 0.854261 0.446232 
5.633330 0.094147 -0.006355 0.388430 1.664930 0.854217 0.451394 
5.666670 0.093072 -0.002760 -0.082770 1.666790 0.854199 0.453460 
5.700000 0.102055 -0.008781 -0.302139 1.630680 0.853667 0.455518 
5.733330 0.112994 -0.026171 -0.235085 1.642910 0.853112 0.460160 
5.766670 0.106449 -0.027051 -0.095876 1.633350 0.855653 0.464335 
5.800000 0.082052 -0.014635 -0.014551 1.621590 0.856143 0.467446 
5.833330 0.060261 -0.014909 0.034227 1.646060 0.854890 0.470090 
5.866670 0.058087 -0.027974 0.177253 1.626350 0.855833 0.470604 
5.900000 0.065103 -0.040059 0.414240 1.631530 0.857642 0.473161 
5.933330 0.063153 -0.041887 0.582532 1.674240 0.858643 0.476800 
5.966670 0.059170 -0.032753 0.713855 1.684720 0.859150 0.477843 
6.000000 0.062662 -0.019909 0.935647 1.691720 0.860901 0.479508 
6.033330 0.068069 -0.011897 1.095041 1.748930 0.860144 0.482520 
6.066670 0.069869 -0.008386 0.997290 1.792570 0.860123 0.485111 
6.100000 0.070840 -0.005472 0.668122 1.788140 0.860114 0.486147 
6.133330 0.072063 -0.007964 0.239563 1.853560 0.859425 0.490047 
6.166670 0.074402 -0.001457 -0.059691 1.813210 0.859039 0.491313 
6.200000 0.079054 -0.000941 -0.089328 1.818190 0.859014 0.494424 
6.233330 0.086428 -0.009908 -0.041759 1.818260 0.857467 0.496722 
6.266670 0.091382 -0.025614 -0.137817 1.827300 0.857355 0.499584 
6.300000 0.088499 -0.030638 -0.308686 1.805190 0.858425 0.503234 
6.333330 0.078265 -0.027418 -0.327681 1.807590 0.858395 0.506868 
6.366670 0.072242 -0.021374 -0.055163 1.782490 0.858140 0.507952 
6.400000 0.070089 -0.023181 0.376695 1.785200 0.859473 0.510935 
6.433330 0.065691 -0.032011 0.649227 1.823230 0.858158 0.514389 
6.466670 0.064477 -0.035296 0.648738 1.836210 0.859747 0.515202 
6.500000 0.066811 -0.028695 0.609680 1.866170 0.860885 0.518209 
6.533330 0.065096 -0.015773 0.770411 1.870570 0.859829 0.520921 
6.566670 0.061146 -0.011949 1.013216 1.898250 0.860037 0.523619 
6.600000 0.067745 -0.017895 1.026021 1.960620 0.859168 0.523295 
6.633330 0.082168 -0.016512 0.720402 1.970470 0.859770 0.528202 
6.666670 0.087151 -0.008045 0.236746 1.994250 0.858723 0.529745 
6.700000 0.080282 -0.001018 -0.203713 2.003950 0.857137 0.533882 
6.733330 0.073867 -0.003379 -0.339927 1.977130 0.856327 0.534483 
6.766670 0.074489 -0.013256 -0.171350 1.952270 0.855728 0.537415 
6.800000 0.074302 -0.022500 -0.031015 1.984430 0.855016 0.540094 
6.833330 0.072988 -0.019769 -0.101182 1.966370 0.855507 0.543228 
6.866670 0.074753 -0.019185 -0.241830 1.956510 0.854854 0.544564 
6.900000 0.078760 -0.026260 -0.216568 1.969220 0.853468 0.547565 
6.933330 0.082321 -0.026607 0.130624 1.933010 0.854924 0.551036 
6.966670 0.082092 -0.027327 0.621758 1.949840 0.854371 0.553371 
7.000000 0.077662 -0.034065 0.887150 2.006720 0.853111 0.555928 
7.033330 0.072191 -0.035445 0.917829 2.019730 0.854173 0.559810 
7.066670 0.069185 -0.029971 0.944793 2.038430 0.854470 0.561326 
7.100000 0.068262 -0.024738 0.970455 2.091720 0.853126 0.564053 
7.133330 0.067875 -0.017719 0.895903 2.113140 0.853239 0.566660 
7.166670 0.069561 -0.010026 0.713765 2.139320 0.852528 0.568931 
7.200000 0.074254 -0.002794 0.414404 2.163510 0.850968 0.569752 
7.233330 0.075985 0.002314 0.065789 2.178070 0.850069 0.573915 
7.266670 0.073132 0.002471 -0.129943 2.163030 0.847918 0.574377 
7.300000 0.070523 -0.006553 -0.107463 2.154760 0.846938 0.576471 
7.333330 0.072557 -0.016519 -0.045033 2.163530 0.845357 0.579578 
7.366670 0.081194 -0.019552 -0.086144 2.159140 0.846101 0.580900 
7.400000 0.087987 -0.024412 -0.176708 2.154130 0.843812 0.584180 
7.433330 0.083005 -0.036112 -0.177877 2.149000 0.842696 0.587373 
7.466670 0.073018 -0.042820 0.007053 2.140830 0.842849 0.590081 
7.500000 0.070112 -0.033853 0.346823 2.142710 0.843552 0.592857 
7.533330 0.070966 -0.026419 0.540690 2.166250 0.842626 0.595221 
