0.7 0.00257356 0.00019356 -0.00635317 -0.308998 
0.733333 0.00274711 0.000249421 -0.00529438 -0.312919 
0.766667 0.00294455 0.00029388 -0.00224539 -0.311514 
0.8 0.00307035 0.000345098 0.000846379 -0.308144 
0.833333 0.00317303 0.00041224 0.00242857 -0.305764 
0.866667 0.00320273 0.000573372 0.00204597 -0.305283 
0.9 0.0033435 0.000773968 0.00139945 -0.305316 
0.933333 0.00334024 0.000801987 -0.00292617 -0.309945 
0.966667 0.0034344 0.000751791 -0.00846445 -0.317456 
1 0.00353583 0.000852884 -0.0099552 -0.322046 
1.03333 0.00360973 0.000841682 -0.0123541 -0.328201 
1.06667 0.00367807 0.000762282 -0.0124533 -0.332439 
1.1 0.00371227 0.00070464 -0.0109245 -0.334786 
1.13333 0.00381052 0.000600965 -0.00771558 -0.33464 
1.16667 0.0038924 0.000591975 -0.0044707 -0.333381 
1.2 0.00390424 0.000531812 -0.0019525 -0.331899 
1.23333 0.00390198 0.000439769 -0.00192384 -0.332516 
1.26667 0.00398006 0.000522936 -0.000155909 -0.33107 
1.3 0.00405692 0.000651907 0.000177431 -0.330728 
1.33333 0.00408466 0.000764799 -0.000641392 -0.331636 
1.36667 0.0040804 0.000854722 -0.00335834 -0.335057 
1.4 0.00414725 0.000884952 -0.00891483 -0.342735 
1.43333 0.00409978 0.000877491 -0.0121931 -0.349577 
1.46667 0.00412342 0.00082947 -0.015236 -0.357233 
1.5 0.00404858 0.000781912 -0.0187891 -0.366506 
1.53333 0.00413952 0.000691634 -0.0179344 -0.37176 
1.56667 0.00418528 0.000583805 -0.0164764 -0.376017 
1.6 0.00434227 0.000456118 -0.0132742 -0.377729 
1.63333 0.00440321 0.000386175 -0.00950975 -0.37771 
1.66667 0.00456583 0.000349632 -0.00543822 -0.376074 
1.7 0.0046496 0.000396501 -0.00046707 -0.372019 
1.73333 0.00471881 0.000391461 -0.0013441 -0.37321 
1.76667 0.00468342 0.000447123 -0.00229368 -0.374779 
1.8 0.00465118 0.000581761 -0.00578341 -0.379663 
1.83333 0.00463573 0.000697251 -0.00815617 -0.384391 
1.86667 0.00463625 0.000805127 -0.0118851 -0.391512 
1.9 0.00457041 0.000868557 -0.0153317 -0.399542 
1.93333 0.00463589 0.000887163 -0.0176 -0.40733 
1.96667 0.00474908 0.0008889 -0.0177924 -0.413424 
2 0.00484638 0.000784155 -0.0160521 -0.417301 
2.03333 0.00495482 0.000621194 -0.0149211 -0.421316 
2.06667 0.0049984 0.000547156 -0.0125539 -0.423495 
2.1 0.00510324 0.000514083 -0.0089674 -0.423446 
2.13333 0.00512531 0.000493189 -0.00355696 -0.420049 
2.16667 0.00518958 0.000579047 -0.00103831 -0.418261 
2.2 0.00529635 0.000661133 5.27294e-005 -0.417319 
2.23333 0.00539324 0.000749643 0.000915083 -0.416284 
2.26667 0.0054621 0.000902498 -0.00174056 -0.419114 
2.3 0.00557314 0.00103789 -0.00483208 -0.423343 
2.33333 0.00555757 0.00115433 -0.010305 -0.431415 
2.36667 0.00560808 0.00108673 -0.015158 -0.440578 
2.4 0.00556291 0.00116667 -0.0154543 -0.445981 
2.43333 0.00555785 0.00112399 -0.0181787 -0.454348 
2.46667 0.00554525 0.00101069 -0.0179816 -0.460175 
2.5 0.00561806 0.000958348 -0.01486 -0.462484 
2.53333 0.00570497 0.000911341 -0.00977914 -0.46144 
2.56667 0.00578054 0.000808527 -0.00719704 -0.461651 
2.6 0.00586526 0.000795386 -0.0046347 -0.461026 
2.63333 0.00593188 0.000782811 -0.0025384 -0.460096 
2.66667 0.00601723 0.000870026 -0.00245651 -0.460845 
2.7 0.00597811 0.00104554 -0.00250898 -0.461726 
2.73333 0.0060435 0.00110085 -0.00668818 -0.467496 
2.76667 0.00606428 0.00124134 -0.0110055 -0.474822 
2.8 0.00613926 0.00124505 -0.0141635 -0.482218 
2.83333 0.0061847 0.00125766 -0.0175691 -0.490959 
2.86667 0.00627757 0.00125891 -0.0199165 -0.499587 
2.9 0.00629103 0.00124493 -0.0216059 -0.50822 
2.93333 0.00626189 0.00113349 -0.0192569 -0.512649 
2.96667 0.00632674 0.00106176 -0.0179961 -0.51758 
3 0.006356 0.000945924 -0.0145665 -0.51953 
3.03333 0.00641844 0.000895204 -0.0115426 -0.520816 
3.06667 0.00652303 0.000926082 -0.00635475 -0.518539 
3.1 0.00652408 0.00100693 -0.00443987 -0.518397 
3.13333 0.00658668 0.000973707 -0.00658018 -0.522403 
3.16667 0.00665121 0.00105196 -0.00707631 -0.525182 
3.2 0.00667239 0.00114788 -0.00904785 -0.529869 
3.23333 0.00667902 0.00123192 -0.0142485 -0.539024 
3.26667 0.00664924 0.00123295 -0.0189815 -0.54936 
3.3 0.00669968 0.00130433 -0.0223506 -0.559664 
3.33333 0.00670299 0.00126535 -0.0226145 -0.567426 
3.36667 0.00681693 0.00129738 -0.0227536 -0.575129 
3.4 0.00687681 0.00120274 -0.0204886 -0.58004 
3.43333 0.00695418 0.00110395 -0.0198694 -0.586138 
3.46667 0.00692033 0.00112706 -0.0141479 -0.586007 
3.5 0.00696094 0.001043 -0.00752007 -0.582899 
3.53333 0.00702094 0.00114788 -0.00306362 -0.580145 
3.56667 0.00701261 0.00115488 -0.000743532 -0.578428 
3.6 0.00698363 0.00116579 -0.00226254 -0.580469 
3.63333 0.0069974 0.0011711 -0.00409418 -0.583385 
3.66667 0.00700429 0.00130206 -0.00821178 -0.58961 
3.7 0.00701449 0.00132575 -0.0103127 -0.594828 
3.73333 0.00688534 0.00142132 -0.0145967 -0.603322 
3.76667 0.00681364 0.0014723 -0.0203612 -0.614993 
3.8 0.00670651 0.00139873 -0.0244243 -0.626576 
3.83333 0.00682952 0.00132835 -0.0230449 -0.633089 
3.86667 0.00684338 0.00128531 -0.0215931 -0.639057 
3.9 0.00685572 0.00119365 -0.0201298 -0.644527 
3.93333 0.00688021 0.00110053 -0.0161418 -0.64653 
3.96667 0.00687284 0.00111789 -0.0107739 -0.645574 
4 0.00696013 0.00103409 -0.00769924 -0.645535 
4.03333 0.00701246 0.00104037 -0.00448326 -0.644306 
4.06667 0.00704848 0.00106319 -0.00405257 -0.645292 
4.1 0.00705807 0.00103916 -0.00467613 -0.647378 
4.13333 0.00707945 0.00118893 -0.00825642 -0.653164 
4.16667 0.00716118 0.0011738 -0.0122676 -0.660651 
4.2 0.00717014 0.00119463 -0.0179947 -0.671501 
4.23333 0.00718844 0.00130336 -0.0229874 -0.683393 
4.26667 0.00716602 0.00123465 -0.0262324 -0.694886 
4.3 0.00726662 0.00129767 -0.0273246 -0.704919 
4.33333 0.00743045 0.00128013 -0.0258037 -0.712232 
4.36667 0.00757103 0.00121911 -0.0213922 -0.715626 
4.4 0.00771973 0.00110394 -0.0176844 -0.718379 
4.43333 0.00772323 0.00104659 -0.0139502 -0.719866 
4.46667 0.00798833 0.000996515 -0.0103998 -0.720325 
4.5 0.00809444 0.00103599 -0.00678079 -0.719519 
4.53333 0.00825729 0.00111955 -0.00653333 -0.721488 
4.56667 0.00814173 0.00124509 -0.0108944 -0.728813 
4.6 0.00832482 0.00136217 -0.0145838 -0.7368 
4.63333 0.00847798 0.0014988 -0.0166967 -0.744156 
4.66667 0.00863821 0.0016282 -0.0201236 -0.753766 
4.7 0.00877042 0.00165701 -0.0198901 -0.760199 
4.73333 0.00882504 0.00170074 -0.0215704 -0.768812 
4.76667 0.00877463 0.0016244 -0.0227985 -0.777452 
4.8 0.0088883 0.00153911 -0.0211072 -0.783055 
4.83333 0.00887904 0.0014901 -0.0204995 -0.789373 
4.86667 0.00894097 0.00129822 -0.0167732 -0.791808 
4.9 0.00884445 0.00126127 -0.013892 -0.793998 
4.93333 0.00892502 0.00127136 -0.0125834 -0.797084 
4.96667 0.00901299 0.00126389 -0.0117328 -0.800274 
5 0.00904909 0.00134987 -0.0133306 -0.806071 
5.03333 0.00899004 0.0013711 -0.014717 -0.812151 
5.06667 0.00895551 0.00144459 -0.0163852 -0.819026 
5.1 0.00890472 0.00148012 -0.0205559 -0.829411 
5.13333 0.00881205 0.00153812 -0.0227101 -0.838806 
5.16667 0.00891361 0.0017271 -0.022195 -0.845768 
5.2 0.00878385 0.00166537 -0.0247715 -0.856208 
5.23333 0.00888388 0.00151219 -0.0240128 -0.863569 
5.26667 0.00894358 0.00136344 -0.0203716 -0.867275 
5.3 0.0090701 0.00121928 -0.0152388 -0.868007 
5.33333 0.00896081 0.00114833 -0.0122373 -0.869543 
5.36667 0.00891696 0.00119508 -0.0102358 -0.87126 
5.4 0.00883305 0.00117992 -0.0103337 -0.874788 
5.43333 0.00878417 0.00119267 -0.0141238 -0.882706 
5.46667 0.00877593 0.00128399 -0.0158859 -0.889494 
5.5 0.00880535 0.00140765 -0.0185525 -0.897937 
5.53333 0.00867805 0.00149375 -0.0230136 -0.909388 
5.56667 0.00864234 0.00160132 -0.0262073 -0.920829 
5.6 0.0086265 0.00165054 -0.0289394 -0.93279 
5.63333 0.00877928 0.00156531 -0.02891 -0.942401 
5.66667 0.00881305 0.00145612 -0.0270926 -0.949893 
5.7 0.00881406 0.00145968 -0.0235679 -0.954763 
5.73333 0.00884812 0.00137329 -0.0184294 -0.956553 
5.76667 0.00887975 0.00129835 -0.0153971 -0.959116 
5.8 0.00885266 0.00120761 -0.0126471 -0.961003 
5.83333 0.00889997 0.00131243 -0.00805188 -0.959794 
5.86667 0.00895901 0.00142859 -0.00685527 -0.961065 
5.9 0.00896749 0.00128364 -0.010036 -0.967105 
5.93333 0.00901287 0.00130583 -0.0120393 -0.972815 
5.96667 0.00879677 0.0014391 -0.0157044 -0.981155 
6 0.00870739 0.00147306 -0.0198019 -0.991227 
6.03333 0.0086347 0.00156335 -0.0238988 -1.00266 
6.06667 0.0086458 0.00152643 -0.0254842 -1.0125 
6.1 0.00853689 0.00140224 -0.0269454 -1.02272 
6.13333 0.00855731 0.0013219 -0.0267612 -1.03149 
6.16667 0.00871308 0.00125165 -0.0229882 -1.03595 
