0.32 20 20 
0.413 20 20 
0.507 20 20 
0.617 20 20 
0.71 20 20 
0.788 20 20 
0.882 20 20 
0.977 20 20 
1.086 20 20 
1.164 20 20 
1.273 20 20 
1.352 20 20 
1.43 20 20 
1.507 20 20 
1.601 20 20 
1.695 20 20 
1.757 20 20 
1.821 20 20 
1.883 20 20 
1.96 20 20 
2.04 20 20 
2.132 20 20 
2.194 20 20 
2.258 20 20 
2.336 20 20 
2.414 20 20 
2.492 20 20 
2.569 20 20 
2.664 20 20 
2.757 20 20 
2.82 20 20 
2.899 20 20 
2.961 20 20 
3.024 20 20 
3.086 20 20 
3.164 20 20 
3.242 20 20 
3.32 20 20 
3.398 20 20 
3.477 20 20 
3.554 20 20 
3.618 20 20 
3.696 20 20 
3.757 20 20 
3.821 20 20 
3.897 20 20 
3.991 20 20 
4.117 20 20 
4.194 20 20 
4.258 20 20 
4.32 20 20 
4.383 20 20 
4.445 20 20 
4.523 20 20 
4.585 20 20 
4.664 20 20 
4.758 20 20 
4.82 20 20 
4.898 20 20 
4.961 20 20 
5.024 20 20 
5.118 20 20 
5.18 20 20 
5.242 20 20 
5.335 20 20 
5.398 20 20 
5.46 20 20 
5.524 20 20 
5.617 20 20 
5.711 20 20 
5.788 20 20 
5.85 20 20 
5.929 20 20 
6.023 20 20 
6.101 20 20 
6.195 20 20 
6.289 20 20 
6.352 20 20 
6.444 20 20 
6.524 20 20 
6.601 20 20 
6.68 20 20 
6.757 20 20 
6.82 20 20 
6.898 20 20 
6.961 20 20 
7.024 20 20 
7.118 20 20 
7.18 20 20 
7.258 20 20 
7.321 20 20 
7.382 20 20 
7.461 20 20 
7.523 20 20 
7.616 20 20 
7.695 20 20 
7.757 20 20 
7.819 20 20 
7.883 20 20 
7.961 20 20 
8.055 20 20 
8.132 20 20 
8.194 20 20 
8.258 20 20 
8.336 20 20 
8.414 20 20 
8.492 20 20 
8.555 20 20 
8.632 20 20 
8.71 20 20 
8.79 20 20 
8.852 20 20 
8.946 20 20 
9.023 20 20 
9.087 20 20 
9.164 20 20 
9.257 20 20 
9.351 20 20 
9.444 20 20 
9.726 20 20 
9.804 20 20 
9.898 20 20 
9.991 20 20 
10.055 20 20 
10.149 20 20 
10.226 20 20 
10.304 20 20 
10.383 20 20 
10.46 20 20 
10.539 20 20 
10.632 20 20 
10.726 20 20 
10.79 20 20 
10.851 20 20 
10.945 20 20 
11.039 20 20 
11.1 20 20 
11.195 20 20 
11.272 20 20 
11.367 20 20 
11.43 20 20 
11.508 20 20 
11.57 20 20 
11.664 20 20 
11.758 20 20 
11.835 20 20 
11.913 20 20 
12.008 20 20 
12.102 20 20 
12.179 20 20 
12.258 20 20 
12.335 20 20 
12.398 20 20 
12.54 20 20 
12.631 20 20 
12.71 20 20 
12.788 20 20 
12.882 20 20 
12.961 20 20 
13.054 20 20 
13.132 20 20 
13.242 20 20 
13.352 20 20 
13.43 20 20 
13.491 20 20 
13.555 20 20 
13.617 20 20 
13.695 20 20 
13.789 20 20 
13.898 20 20 
13.992 20 20 
14.055 20 20 
14.164 20 20 
14.258 20 20 
14.337 20 20 
14.428 20 20 
14.508 20 20 
14.586 20 20 
