0.7 0.00625306 0.000825779 -0.021882 -0.677986 
0.733333 0.00667938 0.000897702 -0.0198173 -0.685784 
0.766667 0.00706644 0.00086986 -0.0162413 -0.688644 
0.8 0.00745555 0.000926396 -0.0130159 -0.690298 
0.833333 0.00768226 0.00105525 -0.00931356 -0.689834 
0.866667 0.00782395 0.0013154 -0.00945669 -0.692917 
0.9 0.00798747 0.00146833 -0.0121208 -0.699145 
0.933333 0.00810898 0.00169313 -0.0184628 -0.710668 
0.966667 0.00828905 0.00182826 -0.0250765 -0.724639 
1 0.00841964 0.00189743 -0.0325024 -0.741766 
1.03333 0.00862853 0.0019292 -0.0382856 -0.759434 
1.06667 0.00877711 0.00191474 -0.0415266 -0.776026 
1.1 0.00900674 0.00185045 -0.0403027 -0.788425 
1.13333 0.00924677 0.00163268 -0.0382049 -0.799384 
1.16667 0.00940588 0.00147602 -0.0331151 -0.806111 
1.2 0.00951971 0.00130728 -0.0270965 -0.810044 
1.23333 0.00962297 0.00130524 -0.0204087 -0.811182 
1.26667 0.0098358 0.00131552 -0.0136829 -0.810045 
1.3 0.0101194 0.0014083 -0.0100316 -0.810296 
1.33333 0.0102189 0.00161251 -0.0112241 -0.815047 
1.36667 0.0103473 0.00180114 -0.0147584 -0.822961 
1.4 0.010448 0.00205672 -0.0195751 -0.833566 
1.43333 0.0105402 0.00222672 -0.0255011 -0.847087 
1.46667 0.010566 0.00232507 -0.0330909 -0.864547 
1.5 0.0105802 0.00242415 -0.0390867 -0.882655 
1.53333 0.0107491 0.0023298 -0.0417086 -0.898779 
1.56667 0.0109955 0.00222079 -0.0421035 -0.913148 
1.6 0.0112011 0.00206518 -0.0371756 -0.921365 
1.63333 0.0114589 0.00186938 -0.0329664 -0.928788 
1.66667 0.0116288 0.00171176 -0.0271642 -0.932928 
1.7 0.0117832 0.0016857 -0.0225075 -0.936485 
1.73333 0.0118979 0.00168333 -0.0157744 -0.93604 
1.76667 0.0120414 0.0017492 -0.0144302 -0.939711 
1.8 0.0121571 0.00191439 -0.0163058 -0.946735 
1.83333 0.012167 0.00207046 -0.0198872 -0.956398 
1.86667 0.0122332 0.00233452 -0.0249766 -0.969035 
1.9 0.0123309 0.00256578 -0.0321353 -0.985811 
1.93333 0.0125904 0.00266135 -0.0371827 -1.00248 
1.96667 0.0128453 0.00261535 -0.0407397 -1.01907 
2 0.0129177 0.00259949 -0.0429657 -1.03528 
2.03333 0.0129823 0.00234637 -0.0419381 -1.04839 
2.06667 0.0131427 0.00212173 -0.037965 -1.05768 
2.1 0.013181 0.00192077 -0.0331451 -1.06465 
2.13333 0.0133752 0.00179017 -0.0283026 -1.06998 
2.16667 0.0136243 0.00184542 -0.0232284 -1.07342 
2.2 0.0139007 0.00186032 -0.0183053 -1.07535 
2.23333 0.0141212 0.00194223 -0.0166627 -1.07952 
2.26667 0.0141907 0.00222965 -0.02015 -1.08919 
2.3 0.0142342 0.00239589 -0.0233796 -1.09972 
2.33333 0.0141126 0.00263515 -0.0294534 -1.11468 
2.36667 0.0140162 0.0027954 -0.0369711 -1.13337 
2.4 0.0140016 0.00278952 -0.0440194 -1.15401 
2.43333 0.0141024 0.0027485 -0.0468916 -1.17208 
2.46667 0.0142942 0.00278106 -0.0485597 -1.18968 
2.5 0.0144401 0.00271285 -0.0460566 -1.20291 
2.53333 0.0145905 0.00258362 -0.0410097 -1.2123 
2.56667 0.014718 0.00238002 -0.0356744 -1.21968 
2.6 0.0147315 0.00223514 -0.0280583 -1.22258 
2.63333 0.0149039 0.00208899 -0.0217124 -1.22444 
2.66667 0.0148032 0.00212633 -0.0191965 -1.22871 
2.7 0.0148719 0.00223535 -0.0193681 -1.23531 
2.73333 0.0150308 0.00245391 -0.0204083 -1.24299 
2.76667 0.0151913 0.00269365 -0.0271167 -1.25771 
2.8 0.0153068 0.00298662 -0.0363617 -1.27767 
2.83333 0.0155128 0.00316844 -0.0415589 -1.29592 
2.86667 0.0156176 0.00317548 -0.0456431 -1.3146 
2.9 0.0157193 0.00302598 -0.0475433 -1.33205 
2.93333 0.0158718 0.00289132 -0.0466185 -1.34681 
2.96667 0.0159424 0.00275583 -0.0446103 -1.35998 
3 0.0160906 0.00255158 -0.0385138 -1.36765 
3.03333 0.0162517 0.00249803 -0.0337003 -1.37481 
3.06667 0.0163799 0.00239292 -0.0319153 -1.38393 
3.1 0.0164584 0.00251807 -0.0274345 -1.38928 
3.13333 0.0164747 0.00266219 -0.0247161 -1.39522 
3.16667 0.0164137 0.00287313 -0.0262193 -1.40523 
3.2 0.0163227 0.00296407 -0.0291329 -1.41741 
3.23333 0.0161994 0.00304971 -0.035539 -1.43468 
3.26667 0.0161511 0.00319933 -0.0443367 -1.45692 
3.3 0.0163504 0.00337562 -0.0502293 -1.47865 
3.33333 0.0164905 0.00337367 -0.0552631 -1.50134 
3.36667 0.0165393 0.00334292 -0.0565779 -1.52131 
3.4 0.0167077 0.00327913 -0.0562627 -1.5398 
3.43333 0.0166152 0.00316595 -0.0542747 -1.5562 
3.46667 0.0164662 0.00297291 -0.0531888 -1.57301 
3.5 0.0164846 0.00297334 -0.0466331 -1.583 
3.53333 0.0164318 0.00290611 -0.0395435 -1.59018 
3.56667 0.0163278 0.00296638 -0.0369798 -1.60033 
3.6 0.0160912 0.0032178 -0.0394496 -1.61558 
