0.246 30 30 
0.355 30 30 
0.449 30 30 
0.544 30 30 
0.637 30 30 
0.729 30 30 
0.792 30 30 
0.871 30 30 
0.981 30 30 
1.073 30 30 
1.183 30 30 
1.277 30 30 
1.371 30 30 
1.464 30 30 
1.527 30 30 
1.606 30 30 
1.683 30 30 
1.762 30 30 
1.824 30 30 
1.903 30 30 
1.996 30 30 
2.091 30 30 
2.169 30 30 
2.231 30 30 
2.293 30 30 
2.387 30 30 
2.464 30 30 
2.558 30 30 
2.621 30 30 
2.699 30 30 
2.793 30 30 
2.886 30 30 
2.965 30 30 
3.043 30 30 
3.121 30 30 
3.183 30 30 
3.278 30 30 
3.355 30 30 
3.433 30 30 
3.511 30 30 
3.59 30 30 
3.652 30 30 
3.762 30 30 
3.824 30 30 
3.887 30 30 
3.949 30 30 
4.027 30 30 
4.121 30 30 
4.199 30 30 
4.262 30 30 
4.339 30 30 
4.418 30 30 
4.48 30 30 
4.573 30 30 
4.684 30 30 
4.778 30 30 
4.855 30 30 
4.917 30 30 
4.995 30 30 
5.059 30 30 
5.121 30 30 
5.231 30 30 
5.294 30 30 
5.355 30 30 
5.433 30 30 
5.527 30 30 
5.59 30 30 
5.652 30 30 
5.716 30 30 
5.808 30 30 
5.901 30 30 
6.011 30 30 
6.09 30 30 
6.168 30 30 
6.261 30 30 
6.355 30 30 
6.434 30 30 
6.511 30 30 
6.589 30 30 
6.668 30 30 
6.762 30 30 
6.855 30 30 
6.933 30 30 
7.012 30 30 
7.089 30 30 
7.168 30 30 
7.246 30 30 
7.324 30 30 
7.403 30 30 
7.465 30 30 
7.573 30 30 
7.651 30 30 
7.729 30 30 
7.792 30 30 
7.855 30 30 
7.934 30 30 
8.026 30 30 
8.137 30 30 
8.199 30 30 
8.261 30 30 
8.339 30 30 
8.418 30 30 
8.496 30 30 
8.575 30 30 
8.652 30 30 
8.731 30 30 
8.825 30 30 
