0.066667 0.081356 -0.034725 -0.767813 -0.649403 0.652655 0.642775 
0.100000 0.098900 -0.027701 -0.303156 -0.711466 0.654249 0.639186 
0.133333 0.107766 -0.015542 0.550460 -0.688935 0.658154 0.633580 
0.166667 0.087836 0.003385 1.042491 -0.656980 0.659817 0.634378 
0.200000 0.067764 0.013222 1.021752 -0.611860 0.662624 0.631784 
0.233333 0.060606 0.017167 0.763861 -0.581661 0.663394 0.631860 
0.266667 0.060820 0.020671 0.508918 -0.585885 0.666726 0.630569 
0.300000 0.065640 0.023387 0.125172 -0.548691 0.668280 0.630894 
0.333333 0.073053 0.033732 -0.511239 -0.550070 0.670350 0.629591 
0.366667 0.079742 0.044571 -1.155750 -0.592902 0.673597 0.629346 
0.400000 0.084134 0.039905 -1.512102 -0.634610 0.676992 0.630248 
0.433333 0.083038 0.022646 -1.588292 -0.698999 0.679372 0.628237 
0.466667 0.076983 0.002119 -1.514920 -0.732975 0.682651 0.627335 
0.500000 0.072752 -0.005972 -1.217048 -0.786082 0.683490 0.624912 
0.533333 0.079567 -0.004200 -0.579759 -0.835505 0.684524 0.623036 
0.566667 0.091920 -0.005664 0.168234 -0.836375 0.687258 0.622245 
0.600000 0.095886 -0.012365 0.675127 -0.793520 0.688925 0.617612 
0.633333 0.092211 -0.006323 0.881453 -0.801781 0.691248 0.616376 
0.666667 0.092617 0.004097 0.900213 -0.739949 0.692529 0.613677 
0.700000 0.099965 0.020563 0.806464 -0.729293 0.695103 0.611804 
0.733333 0.103093 0.028583 0.604919 -0.703944 0.699512 0.611325 
0.766667 0.097326 0.033625 0.221017 -0.679295 0.701704 0.608116 
0.800000 0.093488 0.041316 -0.355239 -0.685783 0.705765 0.608069 
0.833333 0.100874 0.042458 -0.960112 -0.701261 0.707537 0.607859 
0.866667 0.108886 0.037039 -1.403669 -0.756757 0.713106 0.605709 
0.900000 0.109750 0.021911 -1.620129 -0.793994 0.715015 0.603914 
0.933333 0.105913 0.007398 -1.599287 -0.865368 0.718923 0.601922 
0.966667 0.104804 -0.006468 -1.236151 -0.889028 0.720417 0.599127 
1.000000 0.107357 -0.002546 -0.468598 -0.962666 0.722084 0.595772 
1.033330 0.115033 -0.001407 0.383891 -0.937383 0.725015 0.592808 
1.066670 0.126200 -0.002392 0.810962 -0.915106 0.725843 0.590445 
1.100000 0.125541 -0.009530 0.755225 -0.865684 0.730369 0.586441 
1.133330 0.106794 -0.001188 0.622209 -0.875700 0.731773 0.582298 
1.166670 0.089433 0.015314 0.615110 -0.846989 0.733953 0.580802 
1.200000 0.097667 0.034267 0.518288 -0.819516 0.736344 0.579006 
1.233330 0.125042 0.046544 0.103603 -0.811107 0.739931 0.578704 
1.266670 0.141731 0.049854 -0.591769 -0.810497 0.743875 0.574737 
1.300000 0.131439 0.047587 -1.261414 -0.841891 0.750326 0.572636 
1.333330 0.111660 0.039681 -1.533721 -0.898053 0.752104 0.571414 
1.366670 0.100256 0.031568 -1.423689 -0.975878 0.755538 0.568560 
1.400000 0.097987 0.016387 -1.293249 -0.973268 0.758518 0.566972 
1.433330 0.100699 0.006184 -1.134016 -1.026740 0.760036 0.563337 
1.466670 0.118767 -0.001656 -0.569076 -1.088060 0.762335 0.561387 
1.500000 0.148412 -0.008106 0.348738 -1.077670 0.763613 0.557978 
1.533330 0.170462 -0.004661 1.086502 -1.040510 0.766076 0.551041 
1.566670 0.173517 0.005978 1.226577 -1.017380 0.768811 0.547192 
1.600000 0.159253 0.002738 0.788606 -0.937540 0.773721 0.543141 
1.633330 0.135766 0.016916 0.213953 -0.957302 0.775169 0.537604 
1.666670 0.119296 0.030316 -0.122972 -0.956438 0.778643 0.535845 
1.700000 0.119016 0.037813 -0.375071 -0.967296 0.782270 0.533640 
1.733330 0.127001 0.034293 -0.780925 -0.952862 0.784878 0.531086 
1.766670 0.127090 0.040607 -1.173430 -1.018150 0.789204 0.526844 
1.800000 0.127795 0.044249 -1.395313 -1.069640 0.791887 0.525012 
1.833330 0.141227 0.033995 -1.503813 -1.078270 0.795007 0.522006 
1.866670 0.159454 0.022040 -1.315085 -1.153710 0.798953 0.517302 
1.900000 0.170064 0.006657 -0.649499 -1.216060 0.801068 0.513676 
1.933330 0.160763 -0.013212 0.128938 -1.186260 0.802833 0.506042 
1.966670 0.142211 -0.017518 0.591725 -1.176150 0.804065 0.501732 
2.000000 0.132603 -0.016740 0.719081 -1.167060 0.805761 0.499500 
2.033330 0.129930 -0.010336 0.617347 -1.130290 0.806431 0.493054 
2.066670 0.133968 0.014370 0.417135 -1.102420 0.809050 0.488954 
2.100000 0.151541 0.053649 0.254531 -1.129110 0.810439 0.487423 
2.133330 0.175845 0.065868 0.006980 -1.090570 0.815863 0.481982 
2.166670 0.177743 0.059301 -0.510666 -1.102520 0.822040 0.477774 
2.200000 0.162907 0.044820 -1.097651 -1.130550 0.824876 0.473300 
2.233330 0.146998 0.039537 -1.324831 -1.169250 0.827270 0.469581 
2.266670 0.128849 0.042803 -1.176673 -1.253270 0.831944 0.465518 
2.300000 0.116556 0.018377 -1.174264 -1.249020 0.832476 0.460929 
2.333330 0.120451 -0.019270 -1.439702 -1.266730 0.836515 0.459856 
2.366670 0.149363 -0.027932 -1.278627 -1.368530 0.834630 0.453678 
2.400000 0.179385 0.000483 -0.374470 -1.410610 0.833650 0.448501 
2.433330 0.192300 0.028993 0.600166 -1.364700 0.836435 0.442194 
2.466670 0.181104 0.036790 1.061427 -1.340050 0.840319 0.436229 
2.500000 0.153960 0.021248 1.126727 -1.309250 0.842047 0.430579 
2.533330 0.133423 0.011849 0.986779 -1.276320 0.843622 0.426996 
2.566670 0.134618 0.017192 0.562171 -1.240450 0.844173 0.422350 
2.600000 0.148660 0.025621 -0.089356 -1.217530 0.848043 0.419949 
2.633330 0.160839 0.038459 -0.633140 -1.257020 0.850437 0.412166 
2.666670 0.175855 0.045405 -0.971605 -1.280140 0.852760 0.410706 
2.700000 0.192470 0.044421 -1.436861 -1.321390 0.855765 0.402963 
2.733330 0.199129 0.021977 -2.056698 -1.336110 0.860961 0.398433 
2.766670 0.187477 0.016601 -2.135125 -1.454170 0.859872 0.390199 
2.800000 0.174992 0.012932 -1.235779 -1.541360 0.861969 0.385095 
2.833330 0.178253 0.001401 -0.004327 -1.530740 0.862524 0.379971 
2.866670 0.190505 -0.003399 0.686677 -1.501410 0.862061 0.373812 
2.900000 0.191788 0.005794 0.761757 -1.486580 0.862632 0.366644 
2.933330 0.181357 0.019213 0.659678 -1.455180 0.864281 0.359601 
2.966670 0.172311 0.039518 0.558005 -1.458970 0.864840 0.356432 
3.000000 0.163884 0.046512 0.230205 -1.422080 0.867901 0.349308 
3.033330 0.145102 0.047256 -0.400295 -1.406440 0.870509 0.343716 
3.066670 0.126201 0.049357 -0.985772 -1.467510 0.871861 0.341177 
3.100000 0.127574 0.041630 -1.242482 -1.486210 0.875178 0.336619 
3.133330 0.138418 0.037471 -1.299089 -1.541190 0.874696 0.332526 
3.166670 0.148311 0.026592 -1.451576 -1.584990 0.877809 0.327458 
3.200000 0.160155 0.009033 -1.679341 -1.607990 0.877851 0.321844 
3.233330 0.182224 0.009593 -1.494508 -1.689260 0.876580 0.317137 
3.266670 0.203658 0.020204 -0.674127 -1.765410 0.876901 0.311735 
3.300000 0.204375 0.005456 0.209272 -1.718620 0.876252 0.301203 
3.333330 0.180972 0.002007 0.557161 -1.716610 0.874957 0.297857 
3.366670 0.149993 0.003440 0.421396 -1.696430 0.873984 0.291230 
3.400000 0.130328 0.013814 0.168085 -1.686860 0.874538 0.285642 
3.433330 0.141579 0.031696 0.055057 -1.682350 0.874046 0.283095 
