0.7 0.00297407 -0.00135424 -0.00338485 -0.24471 
0.733333 0.00320073 -0.00135526 -0.00176119 -0.246076 
0.766667 0.00343835 -0.00141832 -0.000390484 -0.244197 
0.8 0.00365457 -0.00134894 -5.779e-005 -0.243263 
0.833333 0.0037513 -0.00119178 -0.00296623 -0.246637 
0.866667 0.00385546 -0.00103194 -0.0052773 -0.250249 
0.9 0.00397281 -0.000894221 -0.00941894 -0.256885 
0.933333 0.00407902 -0.000865691 -0.0167657 -0.268718 
0.966667 0.00400497 -0.000763535 -0.0227521 -0.281393 
1 0.00412619 -0.000742983 -0.0257451 -0.292515 
1.03333 0.00422449 -0.000677997 -0.027463 -0.303131 
1.06667 0.00426834 -0.00077076 -0.0272141 -0.311996 
1.1 0.00439035 -0.00078162 -0.0238312 -0.317074 
1.13333 0.00462943 -0.000872268 -0.0194887 -0.319891 
1.16667 0.00471572 -0.0010161 -0.01866 -0.325409 
1.2 0.00494917 -0.000919585 -0.0136442 -0.325708 
1.23333 0.00518556 -0.000861733 -0.0105407 -0.326592 
1.26667 0.00544093 -0.000739934 -0.0092061 -0.32853 
1.3 0.00551652 -0.000591993 -0.0119305 -0.334815 
1.33333 0.0056509 -0.000494348 -0.0142274 -0.341503 
1.36667 0.00564107 -0.000307732 -0.0192764 -0.352206 
1.4 0.00568531 -0.000218844 -0.0237171 -0.363873 
1.43333 0.00584024 -0.000119767 -0.026403 -0.37495 
1.46667 0.00588087 -0.000103529 -0.02984 -0.387808 
1.5 0.00590807 -8.16002e-005 -0.0300101 -0.397955 
1.53333 0.00594176 -0.000164999 -0.0280762 -0.405676 
1.56667 0.006056 -0.000294985 -0.0258098 -0.412359 
1.6 0.00620073 -0.000372481 -0.0224057 -0.416944 
1.63333 0.00629076 -0.00043169 -0.0183566 -0.419633 
1.66667 0.00639655 -0.000371892 -0.0125284 -0.418872 
1.7 0.00655771 -0.000420857 -0.00851569 -0.418311 
1.73333 0.0066624 -0.000380509 -0.00598572 -0.418163 
1.76667 0.00676087 -0.000208909 -0.00787518 -0.422389 
1.8 0.00678536 2.094e-005 -0.0105731 -0.428199 
1.83333 0.00690122 0.000112548 -0.0156061 -0.437664 
1.86667 0.0069521 0.000307208 -0.0204551 -0.44859 
1.9 0.00701384 0.000398301 -0.0243734 -0.460034 
1.93333 0.00698655 0.000468697 -0.0271451 -0.47143 
1.96667 0.00702646 0.000344494 -0.0273442 -0.480714 
2 0.00713077 0.000282449 -0.0270747 -0.48951 
2.03333 0.00727853 0.0001768 -0.0246245 -0.495643 
2.06667 0.0073829 0.000209583 -0.0218478 -0.500573 
2.1 0.00754313 0.000156529 -0.0163295 -0.501342 
2.13333 0.00761341 0.000164389 -0.0107586 -0.500209 
2.16667 0.00778238 0.000197229 -0.00792203 -0.500446 
2.2 0.00789202 0.000287058 -0.00728503 -0.502335 
2.23333 0.00801995 0.000469164 -0.00905866 -0.506857 
2.26667 0.00805405 0.000678277 -0.0130656 -0.514607 
2.3 0.00811328 0.000825955 -0.0162021 -0.522664 
2.33333 0.00819849 0.000925532 -0.0207886 -0.533479 
2.36667 0.00830496 0.000969716 -0.0266872 -0.547372 
2.4 0.00839674 0.00101518 -0.0301457 -0.56035 
2.43333 0.00858682 0.000994205 -0.0307896 -0.571159 
2.46667 0.00877925 0.000968657 -0.0309137 -0.581569 
2.5 0.00895984 0.000804398 -0.0267009 -0.5869 
2.53333 0.00913046 0.000702788 -0.0232429 -0.591718 
2.56667 0.00930245 0.000676628 -0.0172097 -0.592344 
2.6 0.00946696 0.00064337 -0.0136169 -0.593839 
2.63333 0.00961825 0.000744577 -0.010949 -0.595229 
2.66667 0.00976401 0.000770617 -0.0123453 -0.600527 
2.7 0.00983656 0.000978618 -0.015908 -0.608848 
2.73333 0.00986118 0.00112784 -0.0199314 -0.6189 
2.76667 0.00994162 0.00126298 -0.0249606 -0.63148 
2.8 0.00999499 0.00139535 -0.0287319 -0.644253 
2.83333 0.0101258 0.00143458 -0.031708 -0.657343 
2.86667 0.010143 0.00139591 -0.0335006 -0.670028 
2.9 0.0102018 0.00133516 -0.034374 -0.682226 
2.93333 0.0103499 0.00121382 -0.031472 -0.690259 
2.96667 0.0104339 0.00109586 -0.0274243 -0.695971 
3 0.0105492 0.000981738 -0.0229181 -0.699793 
3.03333 0.0106826 0.000994891 -0.0191433 -0.702977 
3.06667 0.0107988 0.00104636 -0.0178758 -0.707861 
3.1 0.0108363 0.00117135 -0.0154313 -0.710935 
3.13333 0.0108751 0.00129773 -0.0144746 -0.714949 
3.16667 0.0108615 0.00152724 -0.0167285 -0.722434 
3.2 0.0108091 0.00163113 -0.0209358 -0.732977 
3.23333 0.0107767 0.00174999 -0.0269123 -0.747011 
3.26667 0.0108145 0.00178284 -0.0322576 -0.762291 
3.3 0.0108547 0.00180023 -0.035942 -0.777393 
3.33333 0.0109282 0.00173764 -0.036437 -0.789958 
3.36667 0.0110147 0.00170857 -0.0341432 -0.799396 
3.4 0.0110251 0.00154035 -0.0305972 -0.806591 
3.43333 0.0111044 0.0014338 -0.0251821 -0.810398 
3.46667 0.0111646 0.00138529 -0.0192265 -0.811762 
3.5 0.01128 0.00140211 -0.0146197 -0.812732 
3.53333 0.0113398 0.00138359 -0.0128188 -0.81548 
3.56667 0.0113886 0.00155374 -0.0155425 -0.822968 
3.6 0.0114937 0.00175886 -0.0198672 -0.833254 
3.63333 0.0115533 0.00200556 -0.0239837 -0.844736 
3.66667 0.0115664 0.00222646 -0.0286913 -0.858287 
3.7 0.011586 0.00225873 -0.0343149 -0.87449 
3.73333 0.0116189 0.00226976 -0.0371296 -0.889251 
3.76667 0.0117076 0.00213983 -0.0386432 -0.903414 
3.8 0.0117908 0.00205954 -0.0365492 -0.913823 
3.83333 0.0118528 0.00189109 -0.034549 -0.923645 
3.86667 0.0120111 0.0018195 -0.0320876 -0.932256 
3.9 0.0121388 0.00174051 -0.0285466 -0.938771 
3.93333 0.0123185 0.00168691 -0.024103 -0.943041 
3.96667 0.0124481 0.00172972 -0.0204716 -0.946789 
4 0.0126236 0.00185669 -0.0192135 -0.952128 
4.03333 0.0126908 0.00197456 -0.0206553 -0.960234 
4.06667 0.0126746 0.00215535 -0.024268 -0.971384 
4.1 0.0126831 0.00228465 -0.030276 -0.986566 
4.13333 0.0127244 0.00250116 -0.03443 -1.00156 
4.16667 0.0128052 0.00256791 -0.0377204 -1.01692 
4.2 0.0128457 0.0026009 -0.0410495 -1.03343 
4.23333 0.012896 0.00256614 -0.0399871 -1.04585 
4.26667 0.0129757 0.0024455 -0.038563 -1.0575 
4.3 0.0130963 0.00227064 -0.033895 -1.06485 
4.33333 0.0132597 0.00210312 -0.0293985 -1.07084 
4.36667 0.0132847 0.0020524 -0.0233942 -1.07355 
