0.28 25 30 
0.375 25 30 
0.483 25 30 
0.577 25 30 
0.654 25 30 
0.732 25 30 
0.795 25 30 
0.873 25 30 
0.951 25 30 
1.03 25 30 
1.108 25 30 
1.171 25 30 
1.264 25 30 
1.328 25 30 
1.42 25 30 
1.483 25 30 
1.561 25 30 
1.624 25 30 
1.702 25 30 
1.765 25 30 
1.828 25 30 
1.905 25 30 
1.984 25 30 
2.062 25 30 
2.141 25 30 
2.266 25 30 
2.327 25 30 
2.39 25 30 
2.452 25 30 
2.561 25 30 
2.623 25 30 
2.686 25 30 
2.764 25 30 
2.826 25 30 
2.92 25 30 
2.998 25 30 
3.061 25 30 
3.14 25 30 
3.234 25 30 
3.296 25 30 
3.389 25 30 
3.467 25 30 
3.531 25 30 
3.593 25 30 
3.672 25 30 
3.749 25 30 
3.844 25 30 
3.952 25 30 
4.031 25 30 
4.108 25 30 
4.232 25 30 
4.295 25 30 
4.358 25 30 
4.421 25 30 
4.498 25 30 
4.592 25 30 
4.703 25 30 
4.796 25 30 
4.858 25 30 
4.937 25 30 
5 25 30 
5.062 25 30 
5.125 25 30 
5.186 25 30 
5.25 25 30 
5.327 25 30 
5.405 25 30 
5.499 25 30 
5.561 25 30 
5.625 25 30 
5.703 25 30 
5.765 25 30 
5.826 25 30 
5.89 25 30 
5.982 25 30 
6.062 25 30 
6.14 25 30 
6.201 25 30 
6.264 25 30 
6.327 25 30 
6.42 25 30 
6.498 25 30 
6.562 25 30 
6.64 25 30 
6.733 25 30 
6.827 25 30 
6.905 25 30 
6.968 25 30 
7.046 25 30 
7.125 25 30 
7.186 25 30 
7.265 25 30 
7.327 25 30 
7.405 25 30 
7.5 25 30 
7.562 25 30 
7.624 25 30 
7.701 25 30 
7.78 25 30 
7.859 25 30 
7.921 25 30 
7.998 25 30 
8.109 25 30 
8.202 25 30 
8.264 25 30 
8.343 25 30 
8.452 25 30 
8.546 25 30 
8.624 25 30 
8.717 25 30 
8.797 25 30 
8.905 25 30 
8.969 25 30 
9.03 25 30 
9.109 25 30 
9.172 25 30 
9.25 25 30 
9.327 25 30 
9.39 25 30 
9.482 25 30 
9.545 25 30 
9.609 25 30 
9.687 25 30 
9.765 25 30 
9.843 25 30 
9.921 25 30 
9.983 25 30 
10.061 25 30 
10.139 25 30 
10.218 25 30 
10.295 25 30 
10.375 25 30 
10.484 25 30 
10.562 25 30 
10.625 25 30 
10.703 25 30 
