0.273 25 30 
0.367 25 30 
0.444 25 30 
0.522 25 30 
0.617 25 30 
0.694 25 30 
0.756 25 30 
0.818 25 30 
0.897 25 30 
0.959 25 30 
1.038 25 30 
1.131 25 30 
1.209 25 30 
1.304 25 30 
1.397 25 30 
1.459 25 30 
1.554 25 30 
1.632 25 30 
1.71 25 30 
1.804 25 30 
1.882 25 30 
1.961 25 30 
2.022 25 30 
2.1 25 30 
2.195 25 30 
2.273 25 30 
2.35 25 30 
2.414 25 30 
2.49 25 30 
2.568 25 30 
2.662 25 30 
2.726 25 30 
2.788 25 30 
2.851 25 30 
2.929 25 30 
2.991 25 30 
3.054 25 30 
3.131 25 30 
3.225 25 30 
3.304 25 30 
3.397 25 30 
3.459 25 30 
3.523 25 30 
3.6 25 30 
3.725 25 30 
3.804 25 30 
3.897 25 30 
3.961 25 30 
4.022 25 30 
4.1 25 30 
4.164 25 30 
4.225 25 30 
4.287 25 30 
4.351 25 30 
4.429 25 30 
4.506 25 30 
4.601 25 30 
4.725 25 30 
4.788 25 30 
4.851 25 30 
4.929 25 30 
4.992 25 30 
5.053 25 30 
5.116 25 30 
5.195 25 30 
5.303 25 30 
5.397 25 30 
5.46 25 30 
5.522 25 30 
5.586 25 30 
5.648 25 30 
5.725 25 30 
5.819 25 30 
5.914 25 30 
5.99 25 30 
6.085 25 30 
6.162 25 30 
6.225 25 30 
6.287 25 30 
6.366 25 30 
6.444 25 30 
6.538 25 30 
6.631 25 30 
6.709 25 30 
6.82 25 30 
6.897 25 30 
6.96 25 30 
7.022 25 30 
7.086 25 30 
7.147 25 30 
7.225 25 30 
7.303 25 30 
7.382 25 30 
7.461 25 30 
7.522 25 30 
7.586 25 30 
7.647 25 30 
7.726 25 30 
7.787 25 30 
7.865 25 30 
7.959 25 30 
8.023 25 30 
8.115 25 30 
8.21 25 30 
8.287 25 30 
8.35 25 30 
8.429 25 30 
8.492 25 30 
8.57 25 30 
8.663 25 30 
8.757 25 30 
8.82 25 30 
8.898 25 30 
8.976 25 30 
9.053 25 30 
9.133 25 30 
9.241 25 30 
9.32 25 30 
9.414 25 30 
9.491 25 30 
9.554 25 30 
9.646 25 30 
9.725 25 30 
9.788 25 30 
9.865 25 30 
9.944 25 30 
10.023 25 30 
10.1 25 30 
10.163 25 30 
10.225 25 30 
10.304 25 30 
10.382 25 30 
10.445 25 30 
10.539 25 30 
