0.7 0.00327593 -0.000728122 0.0107572 0.360246 
0.733333 0.00347878 -0.000821217 0.0127629 0.36716 
0.766667 0.00361931 -0.000942802 0.0144297 0.373036 
0.8 0.00373582 -0.00100822 0.0169405 0.380658 
0.833333 0.0037947 -0.00102961 0.0191588 0.388798 
0.866667 0.00381253 -0.00103067 0.0229391 0.399666 
0.9 0.00387885 -0.0010281 0.0264918 0.411541 
0.933333 0.00392102 -0.00098648 0.0287694 0.423095 
0.966667 0.00390913 -0.000883314 0.0290004 0.432971 
1 0.00393492 -0.000804265 0.0288056 0.442414 
1.03333 0.00410612 -0.000781409 0.0272807 0.450217 
1.06667 0.00415722 -0.000777751 0.0249026 0.456504 
1.1 0.00422373 -0.000761672 0.0217791 0.461117 
1.13333 0.00426995 -0.000784825 0.0162647 0.461867 
1.16667 0.00434044 -0.000829182 0.0128642 0.463274 
1.2 0.00440113 -0.000930436 0.0127952 0.46748 
1.23333 0.00446094 -0.00108642 0.0132037 0.472228 
1.26667 0.00452632 -0.0011348 0.0162173 0.480186 
1.3 0.00457741 -0.00115213 0.0198143 0.489838 
1.33333 0.00459174 -0.0011754 0.0240115 0.501398 
1.36667 0.00456101 -0.00116304 0.0279026 0.513995 
1.4 0.00461755 -0.00116257 0.0311932 0.52718 
1.43333 -0.0135976 -0.00207265 -0.107396 0.373979 
1.46667 -0.0181829 -2.24652e-006 -0.299286 0.111661 
1.5 -0.0214742 0.00156637 -0.437755 -0.151557 
1.53333 -0.0238718 0.00264514 -0.538738 -0.416683 
1.56667 -0.0255207 0.00332679 -0.6122 -0.682981 
1.6 -0.026651 0.0037818 -0.667054 -0.9518 
1.63333 -0.0274757 0.00407544 -0.707039 -1.22135 
1.66667 -0.0280636 0.00422958 -0.734248 -1.48915 
1.7 -0.0283657 0.00426786 -0.751004 -1.75368 
1.73333 -0.0285951 0.00433342 -0.762099 -2.01711 
1.76667 -0.0288163 0.00438108 -0.769623 -2.28003 
1.8 -0.0289538 0.00441983 -0.773521 -2.54117 
1.83333 -0.0289809 0.00445676 -0.775426 -2.80126 
1.86667 -0.0290236 0.00453855 -0.773418 -3.05736 
1.9 -0.0290941 0.00465353 -0.774053 -3.31592 
1.93333 -0.029097 0.00481165 -0.776309 -3.5766 
1.96667 -0.0290961 0.00493705 -0.777474 -3.83674 
2 -0.0291268 0.00502605 -0.782203 -4.10148 
2.03333 -0.0291425 0.00506525 -0.787415 -4.36837 
2.06667 -0.0291309 0.00508532 -0.792111 -4.63639 
2.1 -0.0290046 0.00507499 -0.795891 -4.90489 
2.13333 -0.0288755 0.00500007 -0.797052 -5.17155 
2.16667 -0.0105457 0.00589453 -0.658306 -5.27345 
2.2 -0.00586176 0.00380783 -0.466257 -5.26618 
2.23333 -0.00244282 0.00226851 -0.326486 -5.25661 
2.26667 4.36779e-005 0.00121592 -0.225824 -5.24661 
2.3 0.001865 0.000487933 -0.152042 -5.23479 
2.33333 0.00315186 1.53249e-005 -0.0984925 -5.22225 
2.36667 0.00410039 -0.000196019 -0.0601091 -5.20977 
2.4 0.00475979 -0.000400104 -0.0329096 -5.1977 
2.43333 0.00524686 -0.000477477 -0.0152481 -5.18782 
2.46667 0.00567499 -0.000575 -0.00586665 -5.18183 
2.5 0.00599202 -0.000614988 -5.45942e-005 -5.17693 
2.53333 0.00633229 -0.000711422 0.00355277 -5.17269 
2.56667 0.00654884 -0.000790641 0.00606786 -5.16853 
2.6 0.00667605 -0.000928095 0.00794777 -5.16429 
2.63333 0.0067743 -0.00110622 0.0109085 -5.15815 
2.66667 0.00682854 -0.00124986 0.0145611 -5.1502 
2.7 0.00683629 -0.00131852 0.0175854 -5.14178 
2.73333 0.00685982 -0.00137115 0.0214733 -5.13132 
2.76667 0.00696818 -0.0014091 0.0246431 -5.12042 
2.8 0.00712884 -0.0014038 0.0281367 -5.10809 
2.83333 0.00714975 -0.00137113 0.0307066 -5.09567 
2.86667 0.00713796 -0.00122711 0.0309501 -5.08515 
2.9 0.00711275 -0.00111218 0.0296436 -5.07638 
2.93333 0.00706498 -0.000971776 0.0269554 -5.06967 
2.96667 0.00705416 -0.000921918 0.0232964 -5.065 
3 0.00708282 -0.000921315 0.0189569 -5.06236 
3.03333 0.00719662 -0.000963727 0.0168944 -5.05848 
3.06667 0.00722306 -0.00107198 0.0161408 -5.05373 
3.1 0.00721631 -0.00126976 0.0174664 -5.04679 
3.13333 0.00724542 -0.00131775 0.0184367 -5.03982 
3.16667 0.00733414 -0.001357 0.0198612 -5.03199 
3.2 0.00726987 -0.00139099 0.0248062 -5.01954 
3.23333 0.00726247 -0.00147635 0.0294492 -5.00579 
3.26667 0.00722498 -0.00141562 0.0309145 -4.99424 
3.3 0.00727966 -0.00140153 0.0321062 -4.98253 
3.33333 0.00733348 -0.00122244 0.030866 -4.97329 
3.36667 0.00742426 -0.00113242 0.0286711 -4.96559 
3.4 0.00749606 -0.0011117 0.0256014 -4.95966 
3.43333 0.00760134 -0.00107727 0.0207974 -4.9568 
3.46667 0.00767532 -0.00105604 0.0182764 -4.95284 
3.5 0.00771142 -0.00108033 0.0173348 -4.94786 
3.53333 0.0076538 -0.00112792 0.0167626 -4.94276 
3.56667 0.00775458 -0.00123542 0.0181774 -4.9355 
3.6 0.00774526 -0.00138888 0.0208855 -4.92624 
3.63333 0.00783199 -0.00147116 0.0251838 -4.91421 
3.66667 0.00801987 -0.00152697 0.0274256 -4.90317 
3.7 0.00822418 -0.00146878 0.0284937 -4.89276 
3.73333 0.00832558 -0.00144856 0.0321205 -4.87899 
3.76667 0.00817628 -0.00137954 0.0326975 -4.8676 
3.8 0.00811789 -0.00127831 0.0332783 -4.85601 
3.83333 0.00823803 -0.00110152 0.030384 -4.84834 
3.86667 0.00822249 -0.00106751 0.0282918 -4.84068 
3.9 0.00817349 -0.00110631 0.0250717 -4.83505 
3.93333 0.00815689 -0.00112291 0.0213293 -4.83111 
3.96667 0.00821461 -0.00113698 0.0182672 -4.82761 
4 0.0082413 -0.00117897 0.0176882 -4.82221 
4.03333 0.0081732 -0.00128104 0.0184317 -4.81544 
4.06667 0.00818282 -0.00145098 0.0203043 -4.80708 
4.1 0.00812956 -0.00153349 0.0241128 -4.79582 
4.13333 0.00807224 -0.00154902 0.0269523 -4.78443 
4.16667 0.00801518 -0.00159072 0.0329949 -4.76831 
4.2 0.00797502 -0.00160649 0.0351026 -4.75482 
4.23333 0.00800672 -0.00150845 0.0353696 -4.74281 
4.26667 0.00807237 -0.00142582 0.0346954 -4.73181 
4.3 0.00804606 -0.00131201 0.0322753 -4.72311 
4.33333 0.00804902 -0.00122525 0.0286805 -4.71659 
4.36667 0.00801819 -0.00115207 0.024582 -4.71187 
4.4 0.00796365 -0.00120573 0.0218986 -4.70684 
4.43333 0.00793939 -0.00129494 0.0204101 -4.7013 
4.46667 0.0079567 -0.00141249 0.0196064 -4.69545 
4.5 0.00807876 -0.00151121 0.0203089 -4.68808 
4.53333 0.00820241 -0.0015902 0.0201386 -4.68151 
4.56667 0.00803762 -0.00178611 0.0244171 -4.66975 
4.6 0.00813211 -0.00183167 0.0284115 -4.65689 
4.63333 0.00814715 -0.00180469 0.0319299 -4.64327 
4.66667 0.00820582 -0.00173654 0.0338421 -4.63037 
4.7 0.00822465 -0.00164385 0.035579 -4.61704 
4.73333 0.00826881 -0.00157368 0.0357212 -4.60501 
4.76667 0.00838391 -0.00144548 0.034043 -4.59508 
4.8 0.00846215 -0.00132816 0.0309999 -4.58733 
4.83333 0.00858171 -0.00125608 0.0278183 -4.58075 
4.86667 0.00873999 -0.00123012 0.0249735 -4.57484 
4.9 0.00888213 -0.00125201 0.0205175 -4.57177 
4.93333 0.00904518 -0.00134899 0.0200339 -4.56551 
4.96667 0.009143 -0.00165485 0.0224233 -4.55601 
5 0.0090579 -0.00173548 0.0240844 -4.54657 
5.03333 0.00907756 -0.00183271 0.0267333 -4.53542 
5.06667 0.00912782 -0.00187206 0.0306522 -4.52188 
5.1 0.00932037 -0.00196118 0.0340456 -4.50766 
5.13333 0.00938684 -0.0019269 0.0367667 -4.4931 
5.16667 0.00931978 -0.00188762 0.0385295 -4.47876 
5.2 0.00929064 -0.00176763 0.0382988 -4.46619 
5.23333 0.00930962 -0.00167078 0.0371009 -4.45484 
5.26667 0.00931209 -0.00155576 0.0363123 -4.4434 
5.3 0.0094347 -0.00143332 0.032005 -4.43638 
5.33333 0.00947698 -0.00143707 0.0271833 -4.4314 
5.36667 0.00947418 -0.00143108 0.0235237 -4.42666 
5.4 0.00961525 -0.00156087 0.0230002 -4.41944 
5.43333 0.0096597 -0.00172753 0.0233692 -4.41134 
5.46667 0.00965893 -0.00186992 0.025914 -4.40054 
5.5 0.00958432 -0.00194779 0.0278199 -4.38966 
5.53333 0.00960125 -0.0020758 0.0318001 -4.37568 
5.56667 0.00954555 -0.00212282 0.0338909 -4.36262 
5.6 0.00950531 -0.00214128 0.0369946 -4.34766 
5.63333 0.00954351 -0.00205409 0.0386048 -4.33342 
5.66667 0.00952272 -0.00191084 0.0385136 -4.32066 
5.7 0.00937334 -0.00168441 0.0372513 -4.30931 
5.73333 0.00942935 -0.00157325 0.0341447 -4.30056 
5.76667 0.00944167 -0.00152676 0.030598 -4.29337 
5.8 0.00944787 -0.00145137 0.026368 -4.28816 
5.83333 0.00933403 -0.00142246 0.0222791 -4.2842 
5.86667 0.00928718 -0.00152025 0.0203469 -4.27906 
5.9 0.00923939 -0.00162646 0.0219822 -4.27034 
5.93333 0.00922068 -0.00170533 0.0232256 -4.26155 
5.96667 0.00915714 -0.00184341 0.0250395 -4.25167 
6 0.00907924 -0.00189246 0.0278785 -4.23997 
6.03333 0.00909726 -0.00198522 0.0314752 -4.22643 
6.06667 0.0091018 -0.00198352 0.0353708 -4.21134 
6.1 0.00916031 -0.00195879 0.037939 -4.19652 
6.13333 0.00900207 -0.0018194 0.0377376 -4.18411 
6.16667 0.00900119 -0.00167973 0.0358726 -4.17373 
6.2 0.00899229 -0.00156074 0.0341566 -4.1638 
6.23333 0.00899247 -0.00151753 0.0316145 -4.15541 
6.26667 0.00893769 -0.00140371 0.0268687 -4.15048 
6.3 0.00896277 -0.00136785 0.0255155 -4.14312 
6.33333 0.00898944 -0.0013611 0.0213664 -4.13951 
6.36667 0.00891601 -0.00147426 0.0197852 -4.13426 
6.4 0.00887694 -0.00160508 0.0199623 -4.12745 
6.43333 0.00890903 -0.00163467 0.0199069 -4.12086 
6.46667 0.00890511 -0.00179633 0.0234646 -4.11003 
6.5 0.00891546 -0.00186233 0.027417 -4.09754 
6.53333 0.00891319 -0.00199003 0.0305639 -4.08469 
