0.066667 0.036328 -0.004463 0.313992 0.207861 0.627871 0.183249 
0.100000 0.036568 -0.000776 0.161773 0.218410 0.628932 0.183576 
0.133333 0.037703 0.005676 -0.052127 0.220235 0.631383 0.183781 
0.166667 0.039649 0.008328 -0.143456 0.212536 0.630797 0.184240 
0.200000 0.038172 0.005749 -0.258165 0.206065 0.633099 0.185055 
0.233333 0.031900 -0.001172 -0.465366 0.207880 0.634877 0.185315 
0.266667 0.030210 -0.009033 -0.614942 0.178991 0.634457 0.185270 
0.300000 0.034741 -0.016213 -0.518436 0.149286 0.635824 0.184891 
0.333333 0.033550 -0.019677 -0.154031 0.155131 0.638140 0.184948 
0.366667 0.026577 -0.013845 0.357460 0.134145 0.638428 0.183844 
0.400000 0.023659 -0.007526 0.773292 0.167005 0.639557 0.183434 
0.433333 0.029701 -0.012464 0.901204 0.208497 0.640105 0.184116 
0.466667 0.036189 -0.023156 0.841378 0.228148 0.640936 0.184368 
0.500000 0.033240 -0.020009 0.766001 0.245450 0.643500 0.181887 
0.533333 0.021967 -0.002497 0.641226 0.286498 0.644051 0.182765 
0.566667 0.014776 0.012330 0.415417 0.296728 0.644479 0.183398 
0.600000 0.021422 0.014820 0.177425 0.306825 0.644469 0.183899 
0.633333 0.039622 0.009883 0.001386 0.309795 0.645409 0.184035 
0.666667 0.054667 0.004836 -0.155329 0.300812 0.646446 0.185920 
0.700000 0.054253 0.004023 -0.341289 0.309247 0.649477 0.185446 
0.733333 0.042817 0.006946 -0.511045 0.276444 0.650465 0.186457 
0.766667 0.036426 -0.001562 -0.583559 0.268625 0.651407 0.187338 
0.800000 0.041462 -0.019442 -0.457491 0.249177 0.652252 0.187344 
0.833333 0.049901 -0.030995 -0.006216 0.232891 0.654552 0.186630 
0.866667 0.052940 -0.027054 0.671614 0.234263 0.656696 0.185511 
0.900000 0.050314 -0.016726 1.142398 0.273560 0.658040 0.185523 
0.933333 0.043920 -0.010959 1.120727 0.342993 0.660046 0.186043 
0.966667 0.034876 -0.006768 0.817260 0.340664 0.661298 0.185671 
1.000000 0.026816 -0.004548 0.551403 0.381001 0.662484 0.186435 
1.033330 0.026378 0.000507 0.385629 0.387760 0.662739 0.185919 
1.066670 0.035203 0.005477 0.230014 0.399810 0.664321 0.187027 
1.100000 0.049198 0.006410 0.011322 0.405137 0.664570 0.187140 
1.133330 0.059975 0.001668 -0.211734 0.412494 0.666756 0.188800 
1.166670 0.062834 -0.000590 -0.320310 0.379629 0.669168 0.189418 
1.200000 0.059922 0.000175 -0.388290 0.378221 0.669854 0.189508 
1.233330 0.054926 0.000716 -0.521058 0.378127 0.673559 0.190921 
1.266670 0.051619 -0.007019 -0.490216 0.349894 0.673064 0.191174 
1.300000 0.051915 -0.021411 -0.040673 0.316777 0.676098 0.192086 
1.333330 0.050479 -0.030760 0.610237 0.345626 0.677659 0.190845 
1.366670 0.045905 -0.025356 1.028396 0.373087 0.679638 0.190231 
1.400000 0.040661 -0.015088 1.079142 0.417416 0.681617 0.191066 
1.433330 0.041325 -0.007499 0.920375 0.444266 0.682152 0.190756 
1.466670 0.048799 -0.004196 0.693627 0.470502 0.684099 0.191166 
1.500000 0.053471 -0.001813 0.433019 0.494681 0.684906 0.192277 
1.533330 0.047960 0.004257 0.201660 0.505525 0.687879 0.192947 
1.566670 0.042156 0.011158 0.083786 0.498523 0.688485 0.193882 
1.600000 0.049232 0.008569 0.025651 0.508739 0.688505 0.194531 
1.633330 0.063171 0.000107 -0.114197 0.505292 0.690631 0.196855 
1.666670 0.071737 -0.002939 -0.353529 0.506294 0.693410 0.196223 
1.700000 0.074386 0.000960 -0.546155 0.479357 0.695103 0.198272 
1.733330 0.072906 -0.004229 -0.504919 0.469829 0.696843 0.199152 
1.766670 0.063101 -0.017090 -0.145755 0.444523 0.699444 0.200540 
1.800000 0.048423 -0.027895 0.389847 0.445252 0.702435 0.200187 
1.833330 0.043863 -0.029928 0.823164 0.486047 0.702603 0.199474 
1.866670 0.054980 -0.026159 1.008472 0.499167 0.704972 0.199442 
1.900000 0.064807 -0.023957 1.004768 0.555956 0.707243 0.200525 
1.933330 0.066173 -0.011493 0.888718 0.562112 0.709705 0.200466 
1.966670 0.062403 0.005419 0.629358 0.606861 0.711580 0.201365 
2.000000 0.061232 0.017064 0.250713 0.625200 0.713065 0.203389 
2.033330 0.063127 0.015000 -0.039126 0.614858 0.713246 0.205363 
2.066670 0.065140 0.004790 -0.108310 0.611461 0.716098 0.206128 
2.100000 0.066030 -0.004177 -0.107048 0.609750 0.717698 0.208228 
2.133330 0.067579 -0.008521 -0.242421 0.608922 0.718511 0.208555 
2.166670 0.066526 -0.008002 -0.459866 0.602250 0.722273 0.209715 
2.200000 0.060466 -0.009772 -0.448815 0.581421 0.723312 0.210948 
2.233330 0.054595 -0.019541 -0.050602 0.548705 0.724726 0.211831 
2.266670 0.050863 -0.031208 0.493432 0.578432 0.727303 0.211775 
2.300000 0.051192 -0.030843 0.890044 0.605208 0.729335 0.211292 
2.333330 0.058183 -0.022844 1.070254 0.619945 0.731092 0.211982 
2.366670 0.068155 -0.017656 1.036659 0.681432 0.732810 0.212915 
2.400000 0.074533 -0.006946 0.829542 0.697956 0.735380 0.213363 
2.433330 0.073144 0.005622 0.568242 0.727553 0.737950 0.216036 
2.466670 0.070073 0.013248 0.313646 0.735369 0.738368 0.216916 
2.500000 0.067295 0.008113 0.046913 0.750134 0.739852 0.219448 
2.533330 0.061542 -0.001805 -0.196029 0.742797 0.742054 0.221187 
2.566670 0.060079 -0.008391 -0.312058 0.733655 0.743404 0.221924 
2.600000 0.070389 -0.006281 -0.282199 0.719611 0.744363 0.223019 
2.633330 0.080363 0.000794 -0.261434 0.705994 0.747390 0.224057 
2.666670 0.072752 -0.001472 -0.346069 0.719895 0.749218 0.227084 
2.700000 0.052819 -0.013713 -0.310020 0.692423 0.750698 0.228418 
2.733330 0.043485 -0.028226 0.069944 0.670092 0.752493 0.228015 
2.766670 0.053307 -0.031903 0.555227 0.694243 0.753749 0.227937 
2.800000 0.069358 -0.022871 0.782644 0.727368 0.756455 0.228684 
2.833330 0.070123 -0.012097 0.861998 0.759572 0.758915 0.229625 
2.866670 0.050815 -0.008410 1.084079 0.763731 0.760467 0.232255 
2.900000 0.036897 -0.011002 1.249701 0.801633 0.761475 0.232770 
