0.7 0.00158513 -0.000256292 0.0104554 0.292372 
0.733333 0.00167442 -0.000235752 0.00912536 0.295926 
0.766667 0.00178005 -0.000218518 0.00755272 0.297016 
0.8 0.00192561 -0.000236154 0.00617617 0.297802 
0.833333 0.00205965 -0.000281995 0.00690286 0.300602 
0.866667 0.00208134 -0.000359755 0.00774091 0.303786 
0.9 0.00212276 -0.000454684 0.0100547 0.309091 
0.933333 0.002167 -0.00052714 0.0136648 0.316707 
0.966667 0.0021951 -0.000568665 0.0159667 0.323976 
1 0.00221728 -0.000544206 0.018666 0.33249 
1.03333 0.0022616 -0.000517852 0.0217625 0.342374 
1.06667 0.00232243 -0.000516662 0.0227192 0.350759 
1.1 0.00234136 -0.000398532 0.0217353 0.357171 
1.13333 0.00237603 -0.000357482 0.0200167 0.362388 
1.16667 0.00246569 -0.0003154 0.0174084 0.365981 
1.2 0.00252213 -0.000253423 0.0143323 0.368152 
1.23333 0.00255037 -0.000187631 0.0115402 0.369634 
1.26667 0.00257129 -0.000272579 0.0108826 0.372704 
1.3 0.0026138 -0.000340899 0.0101231 0.375435 
1.33333 0.00264561 -0.000407503 0.0113004 0.380199 
1.36667 0.00266301 -0.000476522 0.0136761 0.38677 
1.4 0.00268162 -0.000551973 0.0161434 0.394242 
1.43333 0.00267927 -0.000567563 0.0183692 0.40225 
1.46667 0.00273692 -0.000617543 0.0210903 0.411585 
1.5 0.00273885 -0.000643561 0.0228672 0.420713 
1.53333 0.00276013 -0.000584833 0.0238641 0.429512 
1.56667 0.00274097 -0.000494039 0.0225395 0.435903 
1.6 0.0027574 -0.000388466 0.0205654 0.441086 
1.63333 0.0028358 -0.000320421 0.0190591 0.446163 
1.66667 0.00287905 -0.000255837 0.0161146 0.44904 
1.7 0.00292683 -0.000206445 0.0138253 0.451709 
1.73333 0.00296591 -0.000273607 0.011618 0.453712 
1.76667 0.00298796 -0.000336803 0.00986645 0.455517 
1.8 0.00297662 -0.000387442 0.00981375 0.458744 
1.83333 0.00297415 -0.000477113 0.0103957 0.462702 
1.86667 0.00301885 -0.000535641 0.013233 0.469517 
1.9 0.00301 -0.00059479 0.0165204 0.477808 
1.93333 0.00300142 -0.000611204 0.020813 0.488382 
1.96667 0.00296904 -0.000623159 0.0228435 0.497717 
2 0.00294566 -0.000558857 0.0239754 0.506668 
2.03333 0.00292499 -0.000516216 0.0238985 0.514569 
2.06667 0.00300639 -0.000414453 0.0227305 0.521156 
2.1 0.00306675 -0.000339135 0.0199619 0.525465 
2.13333 0.00314618 -0.000273106 0.017022 0.528648 
2.16667 0.00319555 -0.000263702 0.0146665 0.531542 
2.2 0.00318788 -0.000247297 0.0128008 0.534228 
2.23333 0.00326081 -0.000289867 0.0104446 0.535714 
2.26667 0.00326266 -0.000369179 0.0104945 0.539254 
2.3 0.00327546 -0.000448614 0.0112747 0.543673 
2.33333 0.00332461 -0.000498394 0.012818 0.549253 
2.36667 0.00326118 -0.00051409 0.013756 0.554633 
2.4 0.0032559 -0.000583777 0.0165238 0.562486 
2.43333 0.00326881 -0.000646703 0.0198882 0.571965 
2.46667 0.00332582 -0.000675081 0.0230819 0.582365 
2.5 0.0032685 -0.000621224 0.0246136 0.591867 
2.53333 0.00328818 -0.000529164 0.0243206 0.599725 
2.56667 0.00342682 -0.00046773 0.0235754 0.606953 
2.6 0.0035007 -0.0004333 0.0220011 0.612953 
2.63333 0.00348918 -0.000337295 0.0176811 0.615187 
2.66667 0.00360152 -0.000329146 0.0145371 0.617369 
2.7 0.00374125 -0.000368804 0.0134686 0.620954 
2.73333 0.0038137 -0.000410841 0.0119152 0.623609 
2.76667 0.00386574 -0.000483071 0.0120134 0.627697 
2.8 0.00383875 -0.000588561 0.0132692 0.633184 
2.83333 0.00380087 -0.000648172 0.0150663 0.639728 
2.86667 0.0037665 -0.000659101 0.0174197 0.647528 
2.9 0.0038281 -0.000706547 0.0204047 0.656859 
2.93333 0.00389943 -0.000694473 0.0235081 0.667324 
2.96667 0.00388334 -0.000639525 0.0253149 0.677293 
3 0.00391366 -0.00058243 0.0257371 0.686229 
3.03333 0.00399195 -0.000551165 0.0248873 0.693805 
3.06667 0.00403502 -0.000497783 0.0240373 0.701098 
3.1 0.00418303 -0.000451323 0.0226162 0.707432 
3.13333 0.00418454 -0.000401304 0.0196497 0.711469 
3.16667 0.00418619 -0.000383049 0.0160569 0.713778 
3.2 0.00416631 -0.000340412 0.0129983 0.71552 
3.23333 0.00425318 -0.000413612 0.0114238 0.717994 
3.26667 0.00432278 -0.000540977 0.012207 0.722727 
3.3 0.00423834 -0.000611038 0.0135357 0.728364 
3.33333 0.00416829 -0.00059344 0.0141148 0.73356 
3.36667 0.00416875 -0.000639084 0.0168603 0.741505 
3.4 0.0040842 -0.000682743 0.0194815 0.75022 
3.43333 0.00397727 -0.000648885 0.0214159 0.758997 
3.46667 0.00405919 -0.000577752 0.0229079 0.767897 
3.5 0.00408521 -0.000488913 0.0236087 0.77636 
3.53333 0.00406 -0.000410694 0.0219798 0.782307 
3.56667 0.004214 -0.000370607 0.0210095 0.788488 
3.6 0.00420509 -0.000361185 0.0189974 0.793116 
3.63333 0.00418935 -0.000338912 0.0155509 0.79538 
3.66667 0.0042269 -0.000363984 0.0123851 0.796827 
3.7 0.00421182 -0.000378953 0.0105952 0.798842 
3.73333 0.00421185 -0.000445996 0.00974864 0.801375 
3.76667 0.00424208 -0.000531306 0.0115178 0.806713 
3.8 0.00432585 -0.0006225 0.0133221 0.812682 
3.83333 0.00433517 -0.000693331 0.0151614 0.819294 
3.86667 0.00440195 -0.000716337 0.0174247 0.827019 
3.9 0.00447586 -0.000724678 0.0199015 0.835751 
3.93333 0.00453957 -0.000686105 0.021548 0.844329 
3.96667 0.00464268 -0.000599326 0.022262 0.852354 
4 0.00470338 -0.000532055 0.0217856 0.859212 
4.03333 0.00472307 -0.000466278 0.0205923 0.865066 
4.06667 0.00477375 -0.000451286 0.018766 0.869774 
4.1 0.00495757 -0.000435821 0.0175726 0.87462 
4.13333 0.00499445 -0.000398485 0.0141195 0.876402 
4.16667 0.00509662 -0.000411181 0.0119091 0.878499 
4.2 0.00507202 -0.00047052 0.0115821 0.882083 
4.23333 0.00510128 -0.000554938 0.0121515 0.886616 
4.26667 0.00515518 -0.000661604 0.0140939 0.892959 
4.3 0.00511766 -0.00065952 0.0159506 0.899849 
4.33333 0.00524403 -0.000690039 0.0185339 0.908215 
4.36667 0.00531587 -0.000689471 0.0204604 0.916667 
4.4 0.0052686 -0.000637227 0.0212763 0.92445 
4.43333 0.00544258 -0.00050919 0.0216738 0.932012 
4.46667 0.00545554 -0.000425878 0.0225185 0.940234 
4.5 0.00548926 -0.000328869 0.0206935 0.945585 
4.53333 0.00545831 -0.000292365 0.0183838 0.949757 
4.56667 0.00543559 -0.000271763 0.0168341 0.954055 
4.6 0.00551638 -0.000271155 0.0147053 0.957154 
4.63333 0.00550415 -0.000324978 0.0131503 0.96022 
4.66667 0.00548782 -0.00043835 0.0137952 0.965364 
4.7 0.00543832 -0.000437881 0.0133514 0.969439 
4.73333 0.00537551 -0.000519364 0.0150233 0.975863 
4.76667 0.00545325 -0.000566221 0.0175169 0.983814 
4.8 0.00551335 -0.00063256 0.0204618 0.99313 
4.83333 0.00543617 -0.000650071 0.0224455 1.00229 
4.86667 0.00551788 -0.000591373 0.0233105 1.01079 
4.9 0.00555274 -0.000542438 0.0236812 1.019 
4.93333 0.00555727 -0.000496468 0.0231098 1.02622 
4.96667 0.00556651 -0.000384306 0.0214084 1.03192 
5 0.00558035 -0.000302148 0.0194241 1.03671 
5.03333 0.00556346 -0.000280784 0.0159294 1.03906 
5.06667 0.00557646 -0.000318733 0.0141638 1.04229 
5.1 0.00559145 -0.000373793 0.0124816 1.04502 
5.13333 0.00563832 -0.000458636 0.012209 1.04886 
5.16667 0.00560152 -0.000641757 0.0151225 1.05637 
5.2 0.00567696 -0.000696789 0.0166012 1.06316 
5.23333 0.00571146 -0.000782051 0.0192125 1.07177 
5.26667 0.00581009 -0.000809807 0.0223992 1.08194 
5.3 0.0058649 -0.000776191 0.0237044 1.09094 
5.33333 0.00583163 -0.000696204 0.0248103 1.10015 
5.36667 0.00585504 -0.000582764 0.0256637 1.10943 
5.4 0.00592706 -0.000506695 0.0243719 1.11646 
5.43333 0.00599055 -0.000518122 0.023952 1.12409 
5.46667 0.00601912 -0.000380406 0.02022 1.12767 
5.5 0.00607298 -0.000380767 0.0168684 1.13045 
5.53333 0.00605906 -0.000380564 0.0139845 1.13267 
5.56667 0.00610868 -0.000349168 0.0109917 1.1338 
5.6 0.00610079 -0.000432651 0.0130895 1.13994 
5.63333 0.00606932 -0.000595728 0.0155753 1.14723 
5.66667 0.00606449 -0.00065262 0.0172102 1.15436 
5.7 0.00607012 -0.000774196 0.0195395 1.16284 
5.73333 0.00607788 -0.000776489 0.0214584 1.17162 
5.76667 0.00614253 -0.000849687 0.0250982 1.18307 
5.8 0.00619029 -0.000762075 0.0258714 1.19235 
5.83333 0.00616939 -0.000712118 0.0265756 1.2018 
5.86667 0.00626507 -0.000723651 0.0273313 1.21155 
5.9 0.00623448 -0.000649036 0.0246137 1.21746 
5.93333 0.00624042 -0.000608023 0.0223801 1.22302 
5.96667 0.00623223 -0.000584736 0.0186389 1.22607 
6 0.00619814 -0.000563184 0.015483 1.22856 
6.03333 0.00621404 -0.000626906 0.0148797 1.233 
6.06667 0.00626675 -0.000792739 0.016399 1.23976 
6.1 0.00633271 -0.000884005 0.0182899 1.24746 
6.13333 0.00637123 -0.000952998 0.0199587 1.25552 
6.16667 0.00634139 -0.00102829 0.0220572 1.26465 
6.2 0.00633538 -0.00109607 0.0254736 1.27604 
6.23333 0.00630261 -0.0010843 0.0271003 1.28645 
6.26667 0.00629699 -0.0010078 0.0291344 1.29788 
6.3 0.0063179 -0.00100857 0.0301765 1.30883 
6.33333 0.00631953 -0.000969313 0.028884 1.31736 
6.36667 0.00637421 -0.000811102 0.0260906 1.32369 
6.4 0.00645635 -0.000747045 0.0217096 1.32721 
6.43333 0.00656423 -0.00068983 0.0186859 1.33088 
6.46667 0.00664025 -0.000735741 0.0175383 1.33576 
6.5 0.00661474 -0.000768976 0.0165935 1.34049 
6.53333 0.00665104 -0.000881452 0.017247 1.34679 
6.56667 0.00671291 -0.000950882 0.0189188 1.35451 
6.6 0.0066799 -0.000989471 0.0207769 1.36301 
6.63333 0.00678323 -0.00104902 0.0233513 1.37298 
6.66667 0.00675133 -0.00105617 0.0252922 1.38305 
6.7 0.00672609 -0.000988667 0.0277598 1.39439 
6.73333 0.00672051 -0.000937619 0.0289156 1.40501 
6.76667 0.00676009 -0.000886002 0.0281006 1.41369 
6.8 0.00676322 -0.000769107 0.0256205 1.42013 
6.83333 0.00681037 -0.000690097 0.0228003 1.42534 
6.86667 0.00682128 -0.000648325 0.0191112 1.42858 
6.9 0.00692379 -0.000676957 0.0176862 1.43327 
6.93333 0.00704922 -0.000731953 0.0171852 1.43858 
6.96667 0.00703869 -0.000809384 0.0168864 1.44395 
7 0.00709962 -0.00086341 0.0179413 1.45083 
7.03333 0.00706795 -0.00100204 0.020212 1.45949 
7.06667 0.00701124 -0.00103806 0.0219895 1.46832 
7.1 0.00703276 -0.00114217 0.0244073 1.47851 
7.13333 0.00705397 -0.00114977 0.0272128 1.48995 
7.16667 0.00699742 -0.00112635 0.0283599 1.50038 
7.2 0.00697378 -0.00110393 0.0273164 1.5086 
7.23333 0.00703555 -0.00100218 0.0262061 1.5164 
7.26667 0.00701855 -0.000909681 0.0245961 1.52323 
7.3 0.00697597 -0.000815444 0.0228323 1.52935 
7.33333 0.00699094 -0.000726 0.0208254 1.53459 
7.36667 0.0069635 -0.000654349 0.0190068 1.53938 
7.4 0.00704343 -0.000788083 0.0181409 1.5447 
7.43333 0.00709922 -0.000887577 0.0188021 1.55152 
7.46667 0.00719321 -0.000994064 0.0206297 1.55995 
7.5 0.00713958 -0.00108171 0.0221889 1.56867 
7.53333 0.00711595 -0.00120628 0.0239945 1.57819 
7.56667 0.00704965 -0.00130162 0.0261755 1.58877 
7.6 0.00700947 -0.00126209 0.0286564 1.60042 
7.63333 0.00699626 -0.00115467 0.0289947 1.61037 
7.66667 0.0069297 -0.00107373 0.0283283 1.61925 
7.7 0.00699275 -0.00099553 0.0272285 1.6274 
7.73333 0.00696823 -0.000910943 0.0242315 1.63293 
7.76667 0.0070451 -0.000797869 0.021012 1.63721 
