0.7 0.00133938 -0.00047887 0.011676 0.32766 
0.733333 0.00147016 -0.00049206 0.0115908 0.333225 
0.766667 0.00158447 -0.000496191 0.00910745 0.334266 
0.8 0.00166975 -0.000495585 0.00714942 0.335037 
0.833333 0.0017139 -0.000550344 0.00567031 0.33552 
0.866667 0.00182655 -0.000595596 0.00525105 0.336808 
0.9 0.00188442 -0.000671485 0.00676153 0.340327 
0.933333 0.00196435 -0.00072088 0.00923963 0.345495 
0.966667 0.0020271 -0.000760045 0.0132889 0.35336 
1 0.0020419 -0.000769375 0.016217 0.361246 
1.03333 0.00203829 -0.000783339 0.0183182 0.369131 
1.06667 0.00208467 -0.000776275 0.020726 0.378082 
1.1 0.00212457 -0.000780581 0.021171 0.385516 
1.13333 0.0021592 -0.000729902 0.0215411 0.393011 
1.16667 0.00218754 -0.000674846 0.0203777 0.398818 
1.2 0.00225612 -0.000628018 0.0177613 0.402522 
1.23333 0.0023071 -0.000606462 0.0144284 0.404508 
1.26667 0.00233978 -0.000600443 0.0118273 0.406247 
1.3 0.00234457 -0.000611204 0.0104309 0.408541 
1.33333 0.00237302 -0.000681696 0.0106707 0.412301 
1.36667 0.00247145 -0.000742763 0.0118558 0.417257 
1.4 0.00247551 -0.000762647 0.0135062 0.423157 
1.43333 0.00248523 -0.000742429 0.0158099 0.430379 
1.46667 0.0024891 -0.000785837 0.0182528 0.438533 
1.5 0.00251525 -0.000781284 0.021819 0.448827 
1.53333 0.00252604 -0.000775565 0.0233253 0.457878 
1.56667 0.00259652 -0.000693759 0.0242054 0.466692 
1.6 0.00258815 -0.000660612 0.023489 0.473915 
1.63333 0.00266792 -0.000609868 0.0227474 0.480869 
1.66667 0.00264725 -0.000573245 0.0193925 0.484491 
1.7 0.0026346 -0.000590036 0.0157414 0.486645 
1.73333 0.00265366 -0.000596508 0.0116954 0.487116 
1.76667 0.00270421 -0.000621721 0.00980239 0.48878 
1.8 -0.0158547 -0.00127361 -0.125024 0.33289 
1.83333 -0.0207436 0.000398279 -0.314073 0.068051 
1.86667 -0.0241862 0.00169971 -0.447839 -0.194545 
1.9 -0.0266994 0.00271281 -0.543872 -0.457189 
1.93333 -0.0285097 0.00342733 -0.611564 -0.718388 
1.96667 -0.0297162 0.00396273 -0.657764 -0.976779 
2 -0.030528 0.00437499 -0.692111 -1.23658 
2.03333 -0.0311148 0.004743 -0.717866 -1.49768 
2.06667 -0.0315359 0.00505172 -0.737482 -1.76013 
2.1 -0.0319062 0.00521254 -0.753074 -2.02436 
2.13333 -0.0320739 0.00530985 -0.76484 -2.28928 
2.16667 -0.0322108 0.00534076 -0.774371 -2.55547 
2.2 -0.0322866 0.00540706 -0.782847 -2.8236 
2.23333 -0.0323425 0.00539909 -0.787217 -3.08971 
2.26667 -0.0323526 0.00534405 -0.78962 -3.35495 
2.3 -0.0506208 0.00450241 -0.881971 -3.72718 
2.33333 -0.0552751 0.0066417 -1.03589 -4.20287 
2.36667 -0.0586169 0.00828356 -1.14593 -4.67805 
2.4 -0.0609121 0.00946723 -1.22274 -5.15071 
2.43333 -0.0625051 0.0103552 -1.27818 -5.62373 
2.46667 -0.0635889 0.0110744 -1.31668 -6.09523 
2.5 -0.064435 0.0115942 -1.34545 -6.56809 
2.53333 -0.0464661 0.0125947 -1.2326 -6.88336 
2.56667 -0.0420005 0.0111562 -1.05951 -7.0899 
2.6 -0.038807 0.00996908 -0.936707 -7.2981 
2.63333 -0.0364306 0.0090612 -0.849084 -7.5069 
2.66667 -0.0347407 0.00838546 -0.786658 -7.71624 
2.7 -0.0336074 0.00787503 -0.742926 -7.92684 
2.73333 -0.0328362 0.00741628 -0.710151 -8.13579 
2.76667 -0.03223 0.00706793 -0.685664 -8.3436 
2.8 -0.03175 0.00683162 -0.666021 -8.54897 
2.83333 -0.0314478 0.00673685 -0.65028 -8.75239 
2.86667 -0.031264 0.00664697 -0.640276 -8.95734 
2.9 -0.0310478 0.00661121 -0.631554 -9.16047 
2.93333 -0.0309362 0.00660504 -0.624827 -9.36305 
2.96667 -0.0308433 0.00664936 -0.62266 -9.56877 
3 -0.0307214 0.00670652 -0.620735 -9.77405 
3.03333 -0.0124315 0.00752117 -0.529323 -9.87305 
3.06667 -0.0077341 0.00535014 -0.375905 -9.86839 
3.1 -0.00436212 0.00370608 -0.266846 -9.86495 
3.13333 -0.00196847 0.00251536 -0.189635 -9.86275 
3.16667 -0.000278494 0.00159863 -0.13385 -9.86011 
3.2 0.000834831 0.000848949 -0.0937213 -9.85736 
3.23333 0.00169569 0.000249993 -0.0621311 -9.85131 
3.26667 0.00236014 -0.000110386 -0.0396867 -9.84552 
3.3 0.0028723 -0.000387992 -0.0215232 -9.83731 
3.33333 0.00320769 -0.000547593 -0.0083948 -9.82899 
3.36667 0.00336761 -0.000652129 0.00189759 -9.81964 
3.4 0.00351413 -0.000677986 0.00886018 -9.81079 
3.43333 0.0036568 -0.000614335 0.0132064 -9.8027 
3.46667 0.00378561 -0.000517609 0.0150469 -9.79613 
3.5 0.00392983 -0.00045937 0.0155941 -9.79047 
3.53333 0.00395244 -0.00048686 0.0138316 -9.78735 
3.56667 0.00406226 -0.000507514 0.0113237 -9.7857 
3.6 0.00420218 -0.000548537 0.0105299 -9.78286 
3.63333 0.00426863 -0.000594307 0.00945772 -9.78062 
3.66667 0.0043129 -0.000658165 0.00991017 -9.77693 
3.7 0.00426989 -0.000746158 0.0110174 -9.77232 
3.73333 0.00424913 -0.000799296 0.0134927 -9.76573 
3.76667 0.0042305 -0.000825587 0.0151774 -9.75924 
3.8 0.00430249 -0.000841 0.0182143 -9.75059 
3.83333 0.00433589 -0.000820337 0.0204818 -9.74185 
3.86667 0.00437722 -0.000833623 0.0224841 -9.73266 
3.9 0.00443563 -0.00072785 0.0228024 -9.72479 
3.93333 0.00445525 -0.000621237 0.022733 -9.71727 
3.96667 0.00453424 -0.000512173 0.0201818 -9.7127 
4 0.00457403 -0.000511095 0.0188489 -9.70755 
4.03333 0.00461734 -0.000492986 0.0155814 -9.70512 
4.06667 0.00460506 -0.000460747 0.0116201 -9.7046 
4.1 0.00474225 -0.000521707 0.0100185 -9.70262 
4.13333 0.00482284 -0.000574832 0.00872225 -9.70081 
4.16667 0.00484278 -0.000743409 0.00948526 -9.697 
4.2 0.00477778 -0.000804377 0.0115417 -9.69141 
4.23333 0.00468776 -0.000866837 0.0134376 -9.68533 
4.26667 0.00480927 -0.000848614 0.0158044 -9.67806 
4.3 0.00476064 -0.000836622 0.0192309 -9.66874 
4.33333 0.0047175 -0.000833909 0.0209608 -9.66029 
4.36667 0.00466408 -0.000747884 0.0216371 -9.6525 
4.4 0.00466933 -0.000662837 0.0209824 -9.64606 
4.43333 0.00477982 -0.000602493 0.0203515 -9.63982 
4.46667 0.00475992 -0.000533842 0.0170083 -9.63698 
4.5 0.0048431 -0.000514687 0.0147647 -9.63396 
4.53333 0.00484909 -0.000546065 0.0114096 -9.633 
4.56667 0.00483154 -0.000583522 0.00935611 -9.63162 
4.6 0.00479973 -0.000578629 0.00898522 -9.62894 
4.63333 0.0047266 -0.00067746 0.00938692 -9.62547 
4.66667 0.00484582 -0.000779746 0.0107222 -9.62076 
4.7 0.00486511 -0.000844083 0.0130805 -9.6144 
4.73333 0.00490572 -0.00090263 0.0151718 -9.60758 
4.76667 0.00487373 -0.000912754 0.0188433 -9.59818 
4.8 0.00496732 -0.00089067 0.0219184 -9.58827 
4.83333 0.00491518 -0.000807713 0.0230281 -9.57966 
4.86667 0.00489708 -0.00068404 0.0229458 -9.57208 
4.9 0.0048501 -0.000548388 0.0218277 -9.56575 
4.93333 0.00495108 -0.000512655 0.0202365 -9.56035 
4.96667 0.00504889 -0.000442267 0.0168568 -9.5576 
5 0.00500063 -0.000471996 0.0132736 -9.55621 
5.03333 0.00511871 -0.00052017 0.0112227 -9.5542 
5.06667 0.00520364 -0.000497168 0.0101477 -9.55173 
5.1 0.00528651 -0.000542736 0.00960071 -9.549 
5.13333 0.00523447 -0.00067433 0.0120108 -9.54295 
5.16667 0.00517487 -0.000776378 0.014656 -9.53582 
5.2 0.00521624 -0.000838518 0.018107 -9.52686 
5.23333 0.00525072 -0.000902861 0.0211035 -9.51729 
5.26667 0.00530208 -0.000854176 0.0246747 -9.50604 
5.3 0.00539007 -0.000831148 0.0260669 -9.49617 
5.33333 0.00544701 -0.000774724 0.0246756 -9.48913 
5.36667 0.00548924 -0.000708949 0.0241424 -9.48153 
5.4 0.00542185 -0.000666631 0.0234774 -9.47427 
5.43333 0.00547447 -0.000631903 0.020619 -9.46982 
5.46667 0.00546482 -0.000558471 0.0174778 -9.46665 
5.5 0.00545096 -0.000495816 0.0134499 -9.46558 
5.53333 0.0054716 -0.000511075 0.0124244 -9.46231 
5.56667 0.00555345 -0.000627822 0.0118873 -9.4588 
5.6 0.00560723 -0.00075286 0.0149158 -9.45126 
5.63333 0.00571172 -0.000870265 0.0160796 -9.44492 
5.66667 0.00588728 -0.000967626 0.0173196 -9.43809 
5.7 0.00587415 -0.00100804 0.0206024 -9.42844 
5.73333 0.00580642 -0.000944174 0.0249369 -9.41646 
5.76667 0.0057826 -0.000907699 0.0251209 -9.40793 
5.8 0.00571785 -0.00088891 0.0249493 -9.39976 
5.83333 0.00571943 -0.000821256 0.024452 -9.39203 
5.86667 0.00581834 -0.000715346 0.0226797 -9.38597 
5.9 0.00584402 -0.000619229 0.0201932 -9.38135 
5.93333 0.00590909 -0.000635804 0.0175567 -9.37773 
5.96667 0.00598304 -0.000523594 0.0137472 -9.37637 
6 0.00600654 -0.000591143 0.0116415 -9.37428 
6.03333 0.00594033 -0.000639939 0.0122747 -9.36965 
6.06667 0.00596539 -0.000766064 0.0146537 -9.36275 
6.1 0.00610692 -0.000775193 0.0166673 -9.35549 
6.13333 0.00609466 -0.000870471 0.0195543 -9.34652 
6.16667 0.00602205 -0.000880464 0.0220873 -9.33702 
6.2 0.0061174 -0.000836138 0.0229059 -9.32869 
6.23333 0.00622595 -0.000905763 0.026588 -9.3167 
6.26667 0.00615663 -0.000876674 0.0267713 -9.30763 
6.3 0.00609884 -0.000836328 0.0270602 -9.29836 
6.33333 0.00611669 -0.000736019 0.0227116 -9.29447 
6.36667 0.0061536 -0.000633651 0.0206827 -9.2893 
6.4 0.00608614 -0.00066686 0.0184774 -9.28501 
6.43333 0.00614505 -0.000711936 0.0165789 -9.28109 
6.46667 0.00624321 -0.00086784 0.0168322 -9.27527 
6.5 0.00633066 -0.000940241 0.0172905 -9.26911 
6.53333 0.00633893 -0.00102051 0.0209972 -9.25898 
6.56667 0.00635518 -0.00121647 0.0252101 -9.247 
6.6 0.00640728 -0.00128293 0.0271091 -9.23636 
6.63333 0.00650543 -0.00132177 0.0288821 -9.22523 
6.66667 -0.00824837 -0.00334813 0.0907111 -9.14261 
6.7 -0.00872812 0.000686621 0.0761894 -9.12952 
6.73333 -0.00915618 0.00372334 0.0640639 -9.11844 
6.76667 -0.00939758 0.00588028 0.0535805 -9.10946 
6.8 -0.00961554 0.00748563 0.0457727 -9.10081 
6.83333 -0.00973734 0.00849845 0.0399618 -9.09241 
6.86667 -0.00981963 0.00936311 0.0316124 -9.08895 
6.9 -0.00982043 0.00988239 0.0276962 -9.08304 
6.93333 -0.00996165 0.0101797 0.0264515 -9.07527 
6.96667 -0.0100484 0.0104431 0.0241824 -9.06913 
7 -0.0100149 0.0105303 0.0246294 -9.06055 
7.03333 -0.00990053 0.0105751 0.0258238 -9.05093 
7.06667 -0.00990804 0.0105991 0.0288715 -9.03872 
7.1 -0.0099377 0.010672 0.0313131 -9.02621 
7.13333 -0.00989429 0.0108695 0.0327267 -9.01411 
7.16667 -0.00986129 0.0109263 0.0333416 -9.00247 
7.2 -0.00986433 0.0110667 0.0305752 -8.99463 
7.23333 -0.00988065 0.0111558 0.0294423 -8.98577 
7.26667 -0.00971721 0.0112037 0.0248343 -8.9814 
7.3 -0.00972195 0.0113326 0.0203227 -8.97844 
7.33333 -0.00978111 0.0113801 0.0170036 -8.97559 
7.36667 -0.00986364 0.0113646 0.0154908 -8.97171 
7.4 0.00489971 0.0133703 -0.0450217 -9.03797 
7.43333 0.00529622 0.00918823 -0.0274154 -9.0322 
7.46667 0.0056806 0.00621421 -0.0139386 -9.02543 
7.5 0.00599343 0.00406102 -0.00226616 -9.01629 
7.53333 0.00626463 0.00247967 0.00556781 -9.0078 
7.56667 0.00628255 0.00143804 0.011015 -8.99952 
