0.236 15 -30 
0.33 15 -30 
0.439 15 -30 
0.532 15 -30 
0.626 15 -30 
0.735 15 -30 
0.829 15 -30 
0.923 15 -30 
0.984 15 -30 
1.062 15 -30 
1.141 15 -30 
1.203 15 -30 
1.267 15 -30 
1.36 15 -30 
1.484 15 -30 
1.547 15 -30 
1.609 15 -30 
1.673 15 -30 
1.751 15 -30 
1.844 15 -30 
1.907 15 -30 
1.985 15 -30 
2.094 15 -30 
2.158 15 -30 
2.22 15 -30 
2.298 15 -30 
2.376 15 -30 
2.468 15 -30 
2.578 15 -30 
2.673 15 -30 
2.751 15 -30 
2.844 15 -30 
2.923 15 -30 
2.985 15 -30 
3.048 15 -30 
3.11 15 -30 
3.173 15 -30 
3.234 15 -30 
3.345 15 -30 
3.422 15 -30 
3.486 15 -30 
3.578 15 -30 
3.658 15 -30 
3.735 15 -30 
3.813 15 -30 
3.891 15 -30 
3.985 15 -30 
4.094 15 -30 
4.187 15 -30 
4.266 15 -30 
4.36 15 -30 
4.437 15 -30 
4.515 15 -30 
4.579 15 -30 
4.641 15 -30 
4.719 15 -30 
4.812 15 -30 
4.892 15 -30 
4.953 15 -30 
5.016 15 -30 
5.079 15 -30 
5.142 15 -30 
5.219 15 -30 
5.314 15 -30 
5.392 15 -30 
5.485 15 -30 
5.563 15 -30 
5.658 15 -30 
5.719 15 -30 
5.783 15 -30 
5.843 15 -30 
5.922 15 -30 
6.048 15 -30 
6.126 15 -30 
6.251 15 -30 
6.328 15 -30 
6.423 15 -30 
6.517 15 -30 
6.595 15 -30 
6.704 15 -30 
6.781 15 -30 
6.844 15 -30 
6.922 15 -30 
6.986 15 -30 
7.047 15 -30 
7.126 15 -30 
7.203 15 -30 
7.266 15 -30 
7.36 15 -30 
7.469 15 -30 
7.547 15 -30 
7.641 15 -30 
7.735 15 -30 
7.812 15 -30 
7.906 15 -30 
8.001 15 -30 
8.078 15 -30 
8.157 15 -30 
8.22 15 -30 
8.297 15 -30 
8.376 15 -30 
8.438 15 -30 
8.516 15 -30 
8.61 15 -30 
8.689 15 -30 
8.782 15 -30 
8.845 15 -30 
8.922 15 -30 
9.017 15 -30 
9.08 15 -30 
9.141 15 -30 
9.205 15 -30 
9.283 15 -30 
9.359 15 -30 
9.453 15 -30 
9.516 15 -30 
9.593 15 -30 
9.688 15 -30 
9.751 15 -30 
9.859 15 -30 
9.937 15 -30 
10.001 15 -30 
10.095 15 -30 
10.188 15 -30 
10.251 15 -30 
10.313 15 -30 
10.376 15 -30 
10.47 15 -30 
10.563 15 -30 
10.641 15 -30 
10.767 15 -30 
10.844 15 -30 
10.923 15 -30 
10.985 15 -30 
11.047 15 -30 
11.11 15 -30 
11.188 15 -30 
11.282 15 -30 
11.391 15 -30 
11.484 15 -30 
11.548 15 -30 
11.609 15 -30 
11.703 15 -30 
11.781 15 -30 
11.844 15 -30 
11.922 15 -30 
12.001 15 -30 
12.094 15 -30 
12.157 15 -30 
12.25 15 -30 
12.314 15 -30 
12.375 15 -30 
12.438 15 -30 
12.533 15 -30 
12.625 15 -30 
12.705 15 -30 
12.782 15 -30 
12.844 15 -30 
12.921 15 -30 
12.984 15 -30 
13.063 15 -30 
13.141 15 -30 
13.219 15 -30 
13.297 15 -30 
13.391 15 -30 
13.485 15 -30 
13.578 15 -30 
13.642 15 -30 
13.72 15 -30 
13.782 15 -30 
13.845 15 -30 
13.906 15 -30 
14.001 15 -30 
14.111 15 -30 
14.188 15 -30 
14.283 15 -30 
14.344 15 -30 
14.422 15 -30 
14.485 15 -30 
14.547 15 -30 
14.61 15 -30 
14.672 15 -30 
14.75 15 -30 
14.813 15 -30 
14.891 15 -30 
14.953 15 -30 
15.016 15 -30 
15.079 15 -30 
15.156 15 -30 
15.234 15 -30 
15.312 15 -30 
15.391 15 -30 
15.484 15 -30 
15.548 15 -30 
15.611 15 -30 
15.703 15 -30 
15.798 15 -30 
15.876 15 -30 
15.939 15 -30 
16.016 15 -30 
16.094 15 -30 
16.158 15 -30 
16.252 15 -30 
16.313 15 -30 
16.375 15 -30 
16.438 15 -30 
16.515 15 -30 
16.578 15 -30 
16.656 15 -30 
16.765 15 -30 
16.845 15 -30 
16.922 15 -30 
16.985 15 -30 
17.063 15 -30 
17.157 15 -30 
17.234 15 -30 
17.361 15 -30 
17.438 15 -30 
17.516 15 -30 
17.578 15 -30 
17.641 15 -30 
17.75 15 -30 
17.813 15 -30 
17.891 15 -30 
17.969 15 -30 
18.046 15 -30 
