0.259 15 -30 
0.351 15 -30 
0.445 15 -30 
0.508 15 -30 
0.571 15 -30 
0.634 15 -30 
0.695 15 -30 
0.757 15 -30 
0.82 15 -30 
0.914 15 -30 
1.007 15 -30 
1.102 15 -30 
1.18 15 -30 
1.304 15 -30 
1.367 15 -30 
1.46 15 -30 
1.523 15 -30 
1.586 15 -30 
1.649 15 -30 
1.758 15 -30 
1.837 15 -30 
1.93 15 -30 
2.023 15 -30 
2.102 15 -30 
2.164 15 -30 
2.226 15 -30 
2.321 15 -30 
2.399 15 -30 
2.508 15 -30 
2.602 15 -30 
2.664 15 -30 
2.727 15 -30 
2.789 15 -30 
2.851 15 -30 
2.946 15 -30 
3.024 15 -30 
3.102 15 -30 
3.227 15 -30 
3.304 15 -30 
3.368 15 -30 
3.43 15 -30 
3.508 15 -30 
3.587 15 -30 
3.648 15 -30 
3.743 15 -30 
3.836 15 -30 
3.898 15 -30 
3.962 15 -30 
4.023 15 -30 
4.102 15 -30 
4.164 15 -30 
4.258 15 -30 
4.32 15 -30 
4.399 15 -30 
4.46 15 -30 
4.554 15 -30 
4.617 15 -30 
4.71 15 -30 
4.789 15 -30 
4.851 15 -30 
4.945 15 -30 
5.024 15 -30 
5.118 15 -30 
5.195 15 -30 
5.257 15 -30 
5.336 15 -30 
5.414 15 -30 
5.493 15 -30 
5.587 15 -30 
5.648 15 -30 
5.726 15 -30 
5.806 15 -30 
5.899 15 -30 
6.007 15 -30 
6.102 15 -30 
6.163 15 -30 
6.226 15 -30 
6.288 15 -30 
6.351 15 -30 
6.429 15 -30 
6.508 15 -30 
6.601 15 -30 
6.664 15 -30 
6.743 15 -30 
6.821 15 -30 
6.899 15 -30 
6.976 15 -30 
7.071 15 -30 
7.148 15 -30 
7.227 15 -30 
7.306 15 -30 
7.368 15 -30 
7.431 15 -30 
7.509 15 -30 
7.586 15 -30 
7.664 15 -30 
7.726 15 -30 
7.804 15 -30 
7.898 15 -30 
7.961 15 -30 
8.038 15 -30 
8.102 15 -30 
8.163 15 -30 
8.258 15 -30 
8.336 15 -30 
8.415 15 -30 
8.524 15 -30 
8.602 15 -30 
8.695 15 -30 
8.757 15 -30 
8.821 15 -30 
8.899 15 -30 
8.992 15 -30 
9.071 15 -30 
9.148 15 -30 
9.242 15 -30 
9.305 15 -30 
9.368 15 -30 
9.43 15 -30 
9.507 15 -30 
9.585 15 -30 
9.648 15 -30 
9.727 15 -30 
9.804 15 -30 
9.898 15 -30 
9.96 15 -30 
10.023 15 -30 
10.102 15 -30 
10.164 15 -30 
10.226 15 -30 
10.337 15 -30 
10.415 15 -30 
10.508 15 -30 
10.601 15 -30 
10.665 15 -30 
10.727 15 -30 
10.789 15 -30 
10.868 15 -30 
10.961 15 -30 
11.023 15 -30 
11.103 15 -30 
11.163 15 -30 
11.242 15 -30 
11.336 15 -30 
11.399 15 -30 
11.46 15 -30 
11.523 15 -30 
11.601 15 -30 
11.696 15 -30 
11.774 15 -30 
11.867 15 -30 
11.946 15 -30 
12.023 15 -30 
12.102 15 -30 
12.164 15 -30 
12.243 15 -30 
12.337 15 -30 
12.446 15 -30 
12.523 15 -30 
12.601 15 -30 
12.665 15 -30 
12.727 15 -30 
12.79 15 -30 
12.852 15 -30 
12.93 15 -30 
12.992 15 -30 
13.069 15 -30 
13.18 15 -30 
13.241 15 -30 
13.366 15 -30 
13.46 15 -30 
13.524 15 -30 
13.585 15 -30 
13.665 15 -30 
13.727 15 -30 
13.805 15 -30 
13.898 15 -30 
13.976 15 -30 
14.055 15 -30 
14.133 15 -30 
14.212 15 -30 
14.289 15 -30 
14.351 15 -30 
14.415 15 -30 
14.523 15 -30 
14.617 15 -30 
14.694 15 -30 
14.757 15 -30 
14.852 15 -30 
14.946 15 -30 
15.024 15 -30 
15.102 15 -30 
15.18 15 -30 
15.257 15 -30 
15.351 15 -30 
15.43 15 -30 
15.492 15 -30 
15.586 15 -30 
15.648 15 -30 
15.726 15 -30 
15.804 15 -30 
15.899 15 -30 
15.962 15 -30 
16.024 15 -30 
16.102 15 -30 
16.164 15 -30 
16.242 15 -30 
16.321 15 -30 
16.382 15 -30 
16.46 15 -30 
16.539 15 -30 
16.664 15 -30 
16.741 15 -30 
16.82 15 -30 
16.929 15 -30 
16.993 15 -30 
17.055 15 -30 
17.133 15 -30 
17.227 15 -30 
17.304 15 -30 
17.368 15 -30 
17.461 15 -30 
17.524 15 -30 
17.601 15 -30 
17.695 15 -30 
17.759 15 -30 
17.82 15 -30 
17.898 15 -30 
