0.252 15 -30 
0.346 15 -30 
0.471 15 -30 
0.534 15 -30 
0.596 15 -30 
0.674 15 -30 
0.752 15 -30 
0.829 15 -30 
0.923 15 -30 
1.002 15 -30 
1.111 15 -30 
1.189 15 -30 
1.251 15 -30 
1.33 15 -30 
1.408 15 -30 
1.487 15 -30 
1.565 15 -30 
1.659 15 -30 
1.736 15 -30 
1.799 15 -30 
1.861 15 -30 
1.923 15 -30 
2.001 15 -30 
2.127 15 -30 
2.189 15 -30 
2.267 15 -30 
2.361 15 -30 
2.454 15 -30 
2.533 15 -30 
2.596 15 -30 
2.657 15 -30 
2.721 15 -30 
2.813 15 -30 
2.893 15 -30 
2.954 15 -30 
3.049 15 -30 
3.142 15 -30 
3.221 15 -30 
3.299 15 -30 
3.362 15 -30 
3.424 15 -30 
3.502 15 -30 
3.596 15 -30 
3.706 15 -30 
3.767 15 -30 
3.831 15 -30 
3.892 15 -30 
3.955 15 -30 
4.018 15 -30 
4.095 15 -30 
4.158 15 -30 
4.219 15 -30 
4.298 15 -30 
4.36 15 -30 
4.438 15 -30 
4.517 15 -30 
4.596 15 -30 
4.658 15 -30 
4.721 15 -30 
4.799 15 -30 
4.86 15 -30 
4.94 15 -30 
5.017 15 -30 
5.096 15 -30 
5.159 15 -30 
5.237 15 -30 
5.298 15 -30 
5.362 15 -30 
5.423 15 -30 
5.486 15 -30 
5.548 15 -30 
5.628 15 -30 
5.705 15 -30 
5.784 15 -30 
5.861 15 -30 
5.954 15 -30 
6.048 15 -30 
6.126 15 -30 
6.204 15 -30 
6.298 15 -30 
6.377 15 -30 
6.455 15 -30 
6.532 15 -30 
6.596 15 -30 
6.657 15 -30 
6.721 15 -30 
6.814 15 -30 
6.892 15 -30 
6.971 15 -30 
7.065 15 -30 
7.126 15 -30 
7.189 15 -30 
7.252 15 -30 
7.331 15 -30 
7.393 15 -30 
7.455 15 -30 
7.534 15 -30 
7.626 15 -30 
7.704 15 -30 
7.766 15 -30 
7.83 15 -30 
7.892 15 -30 
7.955 15 -30 
8.017 15 -30 
8.096 15 -30 
8.174 15 -30 
8.267 15 -30 
8.361 15 -30 
8.423 15 -30 
8.501 15 -30 
8.565 15 -30 
8.626 15 -30 
8.721 15 -30 
8.799 15 -30 
8.924 15 -30 
9.018 15 -30 
9.095 15 -30 
9.174 15 -30 
9.253 15 -30 
9.36 15 -30 
9.423 15 -30 
9.486 15 -30 
9.564 15 -30 
9.658 15 -30 
9.736 15 -30 
9.799 15 -30 
9.877 15 -30 
9.954 15 -30 
10.048 15 -30 
10.143 15 -30 
10.237 15 -30 
10.329 15 -30 
10.393 15 -30 
10.455 15 -30 
10.534 15 -30 
10.595 15 -30 
10.659 15 -30 
10.736 15 -30 
10.815 15 -30 
10.909 15 -30 
10.97 15 -30 
11.034 15 -30 
11.11 15 -30 
11.189 15 -30 
11.283 15 -30 
11.36 15 -30 
11.423 15 -30 
11.485 15 -30 
11.563 15 -30 
11.626 15 -30 
11.705 15 -30 
11.798 15 -30 
11.861 15 -30 
11.955 15 -30 
12.048 15 -30 
12.159 15 -30 
12.236 15 -30 
12.345 15 -30 
12.424 15 -30 
12.501 15 -30 
12.564 15 -30 
12.627 15 -30 
12.69 15 -30 
12.767 15 -30 
12.844 15 -30 
12.923 15 -30 
13.001 15 -30 
13.096 15 -30 
13.158 15 -30 
13.22 15 -30 
13.299 15 -30 
13.36 15 -30 
13.454 15 -30 
13.533 15 -30 
13.611 15 -30 
13.69 15 -30 
13.767 15 -30 
13.829 15 -30 
13.94 15 -30 
14.034 15 -30 
14.111 15 -30 
14.206 15 -30 
14.298 15 -30 
14.362 15 -30 
14.423 15 -30 
14.503 15 -30 
14.564 15 -30 
14.626 15 -30 
14.688 15 -30 
14.752 15 -30 
14.86 15 -30 
14.954 15 -30 
15.033 15 -30 
15.127 15 -30 
15.205 15 -30 
15.298 15 -30 
15.376 15 -30 
15.471 15 -30 
15.549 15 -30 
15.627 15 -30 
15.705 15 -30 
15.783 15 -30 
15.877 15 -30 
15.955 15 -30 
16.033 15 -30 
16.111 15 -30 
16.206 15 -30 
16.299 15 -30 
16.361 15 -30 
16.424 15 -30 
16.501 15 -30 
16.563 15 -30 
16.627 15 -30 
16.705 15 -30 
16.783 15 -30 
16.846 15 -30 
16.939 15 -30 
17.033 15 -30 
17.096 15 -30 
17.173 15 -30 
17.252 15 -30 
17.377 15 -30 
17.502 15 -30 
17.564 15 -30 
17.643 15 -30 
17.706 15 -30 
17.768 15 -30 
17.831 15 -30 
17.909 15 -30 
18.003 15 -30 
18.094 15 -30 
18.157 15 -30 
18.236 15 -30 
18.329 15 -30 
