0.201 20 0 
0.279 20 0 
0.373 20 0 
0.451 20 0 
0.528 20 0 
0.607 20 0 
0.701 20 0 
0.796 20 0 
0.858 20 0 
0.936 20 0 
0.999 20 0 
1.059 20 0 
1.123 20 0 
1.185 20 0 
1.263 20 0 
1.327 20 0 
1.389 20 0 
1.451 20 0 
1.53 20 0 
1.593 20 0 
1.67 20 0 
1.732 20 0 
1.795 20 0 
1.857 20 0 
1.92 20 0 
1.982 20 0 
2.061 20 0 
2.122 20 0 
2.2 20 0 
2.263 20 0 
2.325 20 0 
2.388 20 0 
2.466 20 0 
2.528 20 0 
2.591 20 0 
2.653 20 0 
2.732 20 0 
2.795 20 0 
2.873 20 0 
2.934 20 0 
2.998 20 0 
3.06 20 0 
3.122 20 0 
3.185 20 0 
3.262 20 0 
3.325 20 0 
3.403 20 0 
3.45 20 0 
3.529 20 0 
3.591 20 0 
3.669 20 0 
3.731 20 0 
3.794 20 0 
3.856 20 0 
3.919 20 0 
3.983 20 0 
4.06 20 0 
4.123 20 0 
4.201 20 0 
4.264 20 0 
4.326 20 0 
4.388 20 0 
4.467 20 0 
4.529 20 0 
4.592 20 0 
4.669 20 0 
4.733 20 0 
4.826 20 0 
4.904 20 0 
4.966 20 0 
5.029 20 0 
5.091 20 0 
5.155 20 0 
5.217 20 0 
5.295 20 0 
5.357 20 0 
5.419 20 0 
5.482 20 0 
5.561 20 0 
5.624 20 0 
5.701 20 0 
5.763 20 0 
5.826 20 0 
5.888 20 0 
5.951 20 0 
6.014 20 0 
6.108 20 0 
6.2 20 0 
6.264 20 0 
6.325 20 0 
6.388 20 0 
6.466 20 0 
6.528 20 0 
6.591 20 0 
6.654 20 0 
6.717 20 0 
6.794 20 0 
6.873 20 0 
6.935 20 0 
6.998 20 0 
7.059 20 0 
7.122 20 0 
7.186 20 0 
7.263 20 0 
7.326 20 0 
7.389 20 0 
7.467 20 0 
7.529 20 0 
7.592 20 0 
7.67 20 0 
7.733 20 0 
7.795 20 0 
7.873 20 0 
7.951 20 0 
8.03 20 0 
8.622 20 0 
8.685 20 0 
8.747 20 0 
8.842 20 0 
8.921 20 0 
8.997 20 0 
9.075 20 0 
9.154 20 0 
9.217 20 0 
9.31 20 0 
9.403 20 0 
9.466 20 0 
9.529 20 0 
9.637 20 0 
9.732 20 0 
9.794 20 0 
9.856 20 0 
9.92 20 0 
9.983 20 0 
10.061 20 0 
10.123 20 0 
10.185 20 0 
10.264 20 0 
10.326 20 0 
10.388 20 0 
10.466 20 0 
10.528 20 0 
10.591 20 0 
10.654 20 0 
10.717 20 0 
10.779 20 0 
10.858 20 0 
10.935 20 0 
10.997 20 0 
11.061 20 0 
11.122 20 0 
11.186 20 0 
11.264 20 0 
11.326 20 0 
11.388 20 0 
11.451 20 0 
11.53 20 0 
11.577 20 0 
11.669 20 0 
11.731 20 0 
11.795 20 0 
11.856 20 0 
11.92 20 0 
11.981 20 0 
12.061 20 0 
12.123 20 0 
12.186 20 0 
12.247 20 0 
12.327 20 0 
12.388 20 0 
12.467 20 0 
12.529 20 0 
12.591 20 0 
12.655 20 0 
12.716 20 0 
12.779 20 0 
12.857 20 0 
12.934 20 0 
12.998 20 0 
13.06 20 0 
13.122 20 0 
13.185 20 0 
13.264 20 0 
13.326 20 0 
13.389 20 0 
13.466 20 0 
13.529 20 0 
13.593 20 0 
13.67 20 0 
13.732 20 0 
13.795 20 0 
13.857 20 0 
13.919 20 0 
13.981 20 0 
14.075 20 0 
14.122 20 0 
14.202 20 0 
14.263 20 0 
14.326 20 0 
14.388 20 0 
14.467 20 0 
14.529 20 0 
14.607 20 0 
14.685 20 0 
14.763 20 0 
14.825 20 0 
14.905 20 0 
14.967 20 0 
15.029 20 0 
15.093 20 0 
