0.7 0.00348833 0.000195198 -0.011941 -0.421688 
0.733333 0.00369945 0.000218837 -0.00962259 -0.425145 
0.766667 0.00388562 0.000234781 -0.00752796 -0.427818 
0.8 0.00405329 0.000295591 -0.00382013 -0.425374 
0.833333 0.00422324 0.000364767 -0.00121195 -0.423202 
0.866667 0.00436869 0.00039469 -0.00127442 -0.423475 
0.9 0.00444171 0.000364018 -0.00436361 -0.427466 
0.933333 0.00445094 0.000311362 -0.00967908 -0.435197 
0.966667 0.00440835 0.000290409 -0.015667 -0.445494 
1 0.00444226 0.000241815 -0.021971 -0.458169 
1.03333 0.00451039 0.000204315 -0.0268178 -0.471221 
1.06667 0.00458663 0.000177894 -0.0282084 -0.481805 
1.1 0.00470373 0.000138501 -0.0270443 -0.489835 
1.13333 0.00479096 0.000100638 -0.0237881 -0.495006 
1.16667 0.00487546 0.000106079 -0.0182743 -0.496427 
1.2 0.00499145 0.000114788 -0.0120188 -0.495134 
1.23333 0.00504104 0.000204762 -0.00583788 -0.491844 
1.26667 0.00518079 0.000341503 -0.00257752 -0.489941 
1.3 0.0052098 0.000451768 -0.00225972 -0.490425 
1.33333 0.00525314 0.000554634 -0.00443259 -0.493743 
1.36667 0.00523479 0.000634906 -0.00882604 -0.500407 
1.4 0.00525852 0.000746559 -0.0144736 -0.510016 
1.43333 0.00528716 0.00077653 -0.0221646 -0.523919 
1.46667 0.0053075 0.000780746 -0.0287338 -0.539062 
1.5 0.00532051 0.000742788 -0.0351076 -0.556164 
1.53333 0.00541924 0.000651035 -0.0375142 -0.570707 
1.56667 0.00556047 0.000577098 -0.0375335 -0.583235 
1.6 0.00575309 0.000529182 -0.0352458 -0.593046 
1.63333 0.0059484 0.000575621 -0.0303589 -0.599025 
1.66667 0.00612293 0.000607467 -0.0243868 -0.602095 
1.7 0.0063517 0.00063509 -0.0197225 -0.604718 
1.73333 0.00650399 0.000778614 -0.015272 -0.606039 
1.76667 0.00661043 0.000995528 -0.0142763 -0.609954 
1.8 0.00669608 0.00119218 -0.0163439 -0.617154 
1.83333 0.00669512 0.0013544 -0.019241 -0.626021 
1.86667 0.00679204 0.0015437 -0.0252646 -0.639546 
1.9 0.00681634 0.00157831 -0.0341525 -0.658459 
1.93333 0.00690486 0.00164336 -0.0415505 -0.678576 
1.96667 0.00699399 0.00164781 -0.0467905 -0.698612 
2 0.00705128 0.00152993 -0.0489289 -0.716733 
2.03333 0.00724918 0.00137061 -0.0476012 -0.731476 
2.06667 0.00741189 0.00128672 -0.0445423 -0.743732 
2.1 0.00758555 0.0012217 -0.0424107 -0.756063 
2.13333 0.00784625 0.00119905 -0.0365858 -0.763324 
2.16667 0.00798364 0.00123137 -0.0305356 -0.768377 
2.2 0.00821802 0.00135264 -0.0263256 -0.773586 
2.23333 0.00846881 0.00156701 -0.0245664 -0.780284 
2.26667 0.0086111 0.00185203 -0.0254345 -0.789498 
2.3 0.0087002 0.00205516 -0.0286936 -0.801823 
2.33333 0.0086525 0.00218558 -0.0328896 -0.816341 
2.36667 0.00866744 0.00228529 -0.039438 -0.835034 
2.4 0.00863399 0.00235087 -0.048053 -0.85835 
2.43333 0.00869795 0.00234228 -0.0511951 -0.878077 
2.46667 0.0089075 0.00221116 -0.0552427 -0.89992 
2.5 0.00908697 0.00206209 -0.0546407 -0.917624 
2.53333 0.00930863 0.001976 -0.0507669 -0.931264 
2.56667 0.00952753 0.00189446 -0.0454401 -0.941899 
2.6 0.009715 0.00188575 -0.0389862 -0.949427 
2.63333 0.0098718 0.00195744 -0.0337027 -0.956185 
2.66667 0.00991098 0.00203046 -0.0293028 -0.962225 
2.7 0.0101592 0.00213819 -0.0286751 -0.971252 
2.73333 0.010288 0.00241334 -0.0305349 -0.983006 
2.76667 0.0102884 0.00264296 -0.0343556 -0.997694 
2.8 0.0103803 0.00282604 -0.0416253 -1.01773 
2.83333 0.01047 0.00297554 -0.0440539 -1.03447 
2.86667 0.0104002 0.00307845 -0.0498926 -1.05605 
2.9 0.0104307 0.00303412 -0.0537568 -1.07724 
2.93333 0.0105077 0.00291581 -0.0542227 -1.09571 
2.96667 0.0105342 0.00266246 -0.0514878 -1.11055 
3 0.0106861 0.0024438 -0.0482261 -1.12387 
3.03333 0.010736 0.00227545 -0.0429075 -1.13366 
3.06667 0.0110294 0.0022366 -0.037855 -1.142 
3.1 0.0111391 0.00224615 -0.0329843 -1.14887 
3.13333 0.0113312 0.00234617 -0.0277832 -1.15373 
3.16667 0.0113438 0.00250423 -0.0284831 -1.16381 
3.2 0.0112275 0.00268465 -0.0284333 -1.17325 
3.23333 0.0111521 0.00285029 -0.0310496 -1.18581 
3.26667 0.0110561 0.00292895 -0.036521 -1.20262 
3.3 0.0109911 0.00304209 -0.0454151 -1.2253 
3.33333 0.0109018 0.00304278 -0.0498273 -1.24564 
3.36667 0.011085 0.00294024 -0.0495542 -1.26193 
3.4 0.0113522 0.00275757 -0.0500604 -1.27904 
3.43333 0.0113598 0.00272021 -0.0448981 -1.28964 
3.46667 0.0115064 0.00252317 -0.0412343 -1.30028 
3.5 0.0116721 0.00243209 -0.0379388 -1.31013 
3.53333 0.0117925 0.00228999 -0.0298009 -1.31317 
3.56667 0.0118594 0.00214562 -0.0259715 -1.31859 
3.6 0.0120666 0.00221376 -0.0234868 -1.32431 
3.63333 0.0122398 0.00233812 -0.0245929 -1.33344 
3.66667 0.0123065 0.00254004 -0.0284219 -1.34616 
3.7 0.0123398 0.00276509 -0.0330558 -1.36111 
3.73333 0.0122658 0.00292754 -0.0389497 -1.37908 
3.76667 0.0123222 0.00310429 -0.045103 -1.39933 
3.8 0.0122097 0.00315822 -0.0491842 -1.41918 
3.83333 0.0123086 0.00309518 -0.0490483 -1.43542 
3.86667 0.0124813 0.00292201 -0.0494794 -1.45227 
3.9 0.0125696 0.00285294 -0.0462809 -1.46499 
3.93333 0.0128785 0.00276068 -0.0415914 -1.47488 
3.96667 0.0131397 0.00265216 -0.036901 -1.48321 
4 0.0134149 0.00258197 -0.0340525 -1.49215 
4.03333 0.0135492 0.00257132 -0.0295216 -1.49815 
4.06667 0.0136699 0.00263311 -0.0287769 -1.50711 
4.1 0.0136544 0.00284079 -0.0323984 -1.52098 
4.13333 0.013603 0.00315569 -0.0365674 -1.5367 
4.16667 0.0135405 0.00319375 -0.0442416 -1.55795 
4.2 0.0135225 0.00327605 -0.0509385 -1.5806 
4.23333 0.0135341 0.00338279 -0.0518706 -1.59868 
4.26667 0.0135017 0.00338189 -0.0571229 -1.62217 
4.3 0.0135313 0.00350582 -0.0563213 -1.64027 
4.33333 0.0135475 0.00337032 -0.0566715 -1.65945 
4.36667 0.0134987 0.00323753 -0.0538972 -1.67507 
4.4 0.0135563 0.00308429 -0.049649 -1.68802 
4.43333 0.0136604 0.00303848 -0.0445185 -1.69851 
4.46667 0.0137491 0.00300906 -0.039298 -1.70719 
4.5 0.0138263 0.00311987 -0.0381153 -1.71889 
4.53333 0.0137741 0.00328185 -0.0361187 -1.72924 
4.56667 0.0136945 0.0033965 -0.0397615 -1.74558 
4.6 0.0134934 0.003642 -0.0428802 -1.76252 
4.63333 0.0135011 0.00370204 -0.0478366 -1.78266 
4.66667 0.0132283 0.00379357 -0.0554862 -1.80764 
4.7 0.0130731 0.00387107 -0.0611238 -1.83279 
4.73333 0.0128775 0.00386354 -0.0622911 -1.85454 
4.76667 0.0128752 0.00379859 -0.0618889 -1.87483 
4.8 0.0130177 0.00367806 -0.0592904 -1.89239 
4.83333 0.0129879 0.00363356 -0.0539405 -1.90584 
4.86667 0.0130026 0.00338231 -0.0480813 -1.9169 
4.9 0.0131315 0.00337949 -0.0410253 -1.9246 
4.93333 0.0131054 0.00341408 -0.0330528 -1.92886 
4.96667 0.0130761 0.00342539 -0.0318494 -1.93846 
5 0.0132097 0.00360655 -0.031776 -1.94899 
5.03333 0.0132448 0.00369801 -0.0374482 -1.96628 
5.06667 0.0132874 0.00390958 -0.041545 -1.9836 
5.1 0.0134074 0.00412848 -0.0475535 -2.00454 
5.13333 0.0132904 0.00437546 -0.0518905 -2.02551 
5.16667 0.0132792 0.00442749 -0.0560027 -2.04766 
5.2 0.0132977 0.00444441 -0.0575854 -2.0682 
5.23333 0.0134119 0.00426262 -0.0550817 -2.08444 
5.26667 0.0135592 0.0040625 -0.0546508 -2.10229 
5.3 0.0136346 0.0039821 -0.050877 -2.11605 
5.33333 0.0138704 0.00387629 -0.0447432 -2.12577 
5.36667 0.0139445 0.00387111 -0.0386945 -2.13354 
5.4 0.0140593 0.00395199 -0.0336582 -2.1405 
5.43333 0.0141558 0.00397432 -0.0307387 -2.14827 
5.46667 0.0141566 0.00412075 -0.0302174 -2.1579 
5.5 0.0141124 0.00424842 -0.0328568 -2.17109 
5.53333 0.0138782 0.00441508 -0.0373131 -2.1873 
5.56667 0.013693 0.00446821 -0.0429994 -2.20645 
5.6 0.0136238 0.00461999 -0.0474143 -2.22599 
5.63333 0.0135741 0.00463349 -0.0545145 -2.25018 
5.66667 0.0135297 0.00465366 -0.0600784 -2.27492 
5.7 0.0135566 0.00455844 -0.0634944 -2.29898 
5.73333 0.0135466 0.0044047 -0.0616337 -2.31795 
5.76667 0.0136141 0.00422527 -0.058535 -2.33483 
5.8 0.0135052 0.00407154 -0.051631 -2.3462 
5.83333 0.0134156 0.00398842 -0.0433157 -2.35359 
5.86667 0.0136191 0.00391174 -0.0369828 -2.36055 
5.9 0.0136782 0.00395985 -0.0329593 -2.36813 
5.93333 0.0136876 0.00407488 -0.0316302 -2.37755 
5.96667 0.0135306 0.00433519 -0.0347543 -2.39178 
6 0.013448 0.00450529 -0.0377741 -2.40693 
6.03333 0.0133676 0.00460665 -0.0415465 -2.42397 
6.06667 0.0131831 0.00468796 -0.0508131 -2.44876 
6.1 0.0131146 0.00467582 -0.0576071 -2.47372 
6.13333 0.013066 0.00458406 -0.0603691 -2.49618 
6.16667 0.0130841 0.00449499 -0.0608907 -2.51692 
6.2 0.0131268 0.00430815 -0.0608135 -2.53713 
6.23333 0.0133249 0.00415143 -0.0587134 -2.55492 
6.26667 0.0135148 0.00406405 -0.0546033 -2.56964 
