0.249 25 40 
0.343 25 40 
0.436 25 40 
0.547 25 40 
0.656 25 40 
0.734 25 40 
0.826 25 40 
0.889 25 40 
0.967 25 40 
1.029 25 40 
1.107 25 40 
1.201 25 40 
1.28 25 40 
1.359 25 40 
1.436 25 40 
1.531 25 40 
1.639 25 40 
1.733 25 40 
1.796 25 40 
1.858 25 40 
1.937 25 40 
2.015 25 40 
2.077 25 40 
2.172 25 40 
2.264 25 40 
2.327 25 40 
2.389 25 40 
2.469 25 40 
2.53 25 40 
2.592 25 40 
2.671 25 40 
2.765 25 40 
2.858 25 40 
2.936 25 40 
2.999 25 40 
3.061 25 40 
3.14 25 40 
3.217 25 40 
3.281 25 40 
3.374 25 40 
3.468 25 40 
3.562 25 40 
3.655 25 40 
3.734 25 40 
3.827 25 40 
3.906 25 40 
3.984 25 40 
4.046 25 40 
4.155 25 40 
4.234 25 40 
4.326 25 40 
4.389 25 40 
4.452 25 40 
4.53 25 40 
4.592 25 40 
4.654 25 40 
4.718 25 40 
4.796 25 40 
4.859 25 40 
4.937 25 40 
5.031 25 40 
5.124 25 40 
5.217 25 40 
5.295 25 40 
5.358 25 40 
5.468 25 40 
5.561 25 40 
5.625 25 40 
5.687 25 40 
5.765 25 40 
5.828 25 40 
5.921 25 40 
5.983 25 40 
6.06 25 40 
6.139 25 40 
6.218 25 40 
6.327 25 40 
6.42 25 40 
6.484 25 40 
6.562 25 40 
6.623 25 40 
6.702 25 40 
6.812 25 40 
6.89 25 40 
6.998 25 40 
7.077 25 40 
7.156 25 40 
7.218 25 40 
7.297 25 40 
7.375 25 40 
7.469 25 40 
7.561 25 40 
7.624 25 40 
7.718 25 40 
7.796 25 40 
7.857 25 40 
7.92 25 40 
7.982 25 40 
8.061 25 40 
8.17 25 40 
8.264 25 40 
8.326 25 40 
8.405 25 40 
8.484 25 40 
8.578 25 40 
8.655 25 40 
8.734 25 40 
8.828 25 40 
8.936 25 40 
9 25 40 
9.062 25 40 
9.124 25 40 
9.187 25 40 
9.25 25 40 
9.343 25 40 
9.422 25 40 
9.498 25 40 
9.593 25 40 
9.655 25 40 
9.732 25 40 
9.795 25 40 
9.858 25 40 
9.921 25 40 
10.014 25 40 
10.109 25 40 
10.202 25 40 
10.265 25 40 
10.342 25 40 
10.437 25 40 
10.531 25 40 
10.592 25 40 
