0.304 25 40 
0.428 25 40 
0.539 25 40 
0.631 25 40 
0.709 25 40 
0.787 25 40 
0.866 25 40 
0.96 25 40 
1.054 25 40 
1.116 25 40 
1.178 25 40 
1.256 25 40 
1.335 25 40 
1.428 25 40 
1.523 25 40 
1.616 25 40 
1.694 25 40 
1.756 25 40 
1.819 25 40 
1.897 25 40 
1.975 25 40 
2.039 25 40 
2.131 25 40 
2.258 25 40 
2.365 25 40 
2.444 25 40 
2.521 25 40 
2.585 25 40 
2.646 25 40 
2.71 25 40 
2.788 25 40 
2.897 25 40 
2.96 25 40 
3.023 25 40 
3.116 25 40 
3.194 25 40 
3.287 25 40 
3.366 25 40 
3.445 25 40 
3.522 25 40 
3.616 25 40 
3.694 25 40 
3.772 25 40 
3.867 25 40 
3.945 25 40 
4.022 25 40 
4.116 25 40 
4.194 25 40 
4.287 25 40 
4.365 25 40 
4.443 25 40 
4.521 25 40 
4.584 25 40 
4.648 25 40 
4.726 25 40 
4.819 25 40 
4.897 25 40 
4.99 25 40 
5.07 25 40 
5.179 25 40 
5.241 25 40 
5.334 25 40 
5.428 25 40 
5.522 25 40 
5.616 25 40 
5.694 25 40 
5.757 25 40 
5.819 25 40 
5.897 25 40 
5.99 25 40 
6.101 25 40 
6.194 25 40 
6.287 25 40 
6.35 25 40 
6.444 25 40 
6.523 25 40 
6.585 25 40 
6.662 25 40 
6.741 25 40 
6.819 25 40 
6.928 25 40 
6.991 25 40 
7.054 25 40 
7.132 25 40 
7.21 25 40 
7.304 25 40 
7.382 25 40 
7.461 25 40 
7.553 25 40 
7.647 25 40 
7.725 25 40 
7.788 25 40 
7.866 25 40 
7.959 25 40 
8.037 25 40 
8.131 25 40 
8.226 25 40 
8.32 25 40 
8.46 25 40 
8.523 25 40 
8.584 25 40 
8.662 25 40 
8.742 25 40 
8.803 25 40 
8.881 25 40 
8.961 25 40 
9.023 25 40 
9.085 25 40 
9.147 25 40 
9.225 25 40 
9.288 25 40 
9.35 25 40 
9.413 25 40 
9.474 25 40 
9.538 25 40 
9.615 25 40 
9.694 25 40 
9.756 25 40 
9.819 25 40 
9.881 25 40 
9.96 25 40 
10.037 25 40 
10.132 25 40 
10.225 25 40 
10.287 25 40 
10.35 25 40 
10.412 25 40 
10.491 25 40 
10.553 25 40 
