0.133333 0.053672 0.019551 0.623573 -0.460426 0.552268 0.680173 
0.166667 0.066571 0.028844 1.236775 -0.428626 0.554648 0.680439 
0.200000 0.058531 0.016112 1.197824 -0.373150 0.557100 0.680418 
0.233333 0.041244 0.001587 0.863401 -0.358634 0.558957 0.679787 
0.266667 0.032133 -0.005198 0.373881 -0.322535 0.559429 0.679380 
0.300000 0.034968 -0.001725 -0.220553 -0.318565 0.559841 0.678865 
0.333333 0.039685 0.004448 -0.766956 -0.343904 0.562320 0.678346 
0.366667 0.040590 0.006460 -1.117900 -0.372040 0.562990 0.678516 
0.400000 0.038653 0.003262 -1.284233 -0.423798 0.563981 0.677710 
0.433333 0.034034 -0.007998 -1.293753 -0.447706 0.566023 0.677495 
0.466667 0.031720 -0.019537 -1.026992 -0.504555 0.566316 0.676717 
0.500000 0.038510 -0.019259 -0.437044 -0.537553 0.566768 0.675228 
0.533333 0.051356 -0.005100 0.212337 -0.531664 0.566949 0.673756 
0.566667 0.061458 0.006761 0.623543 -0.508453 0.570125 0.673081 
0.600000 0.063557 0.006879 0.802475 -0.489660 0.571329 0.672991 
0.633333 0.059865 0.005238 0.899815 -0.460661 0.574042 0.671707 
0.666667 0.054198 0.012597 0.903799 -0.437204 0.574330 0.670227 
0.700000 0.048670 0.019090 0.680527 -0.392354 0.577934 0.671386 
0.733333 0.043177 0.019085 0.232472 -0.386564 0.578241 0.670909 
0.766667 0.041968 0.013401 -0.261994 -0.378688 0.580745 0.670795 
0.800000 0.047136 0.007231 -0.669219 -0.411589 0.581259 0.670806 
0.833333 0.053387 -0.001390 -0.988771 -0.422123 0.583159 0.670429 
0.866667 0.050605 -0.006296 -1.201438 -0.466417 0.585282 0.669053 
0.900000 0.040195 -0.007578 -1.239293 -0.516435 0.586084 0.668040 
0.933333 0.034929 -0.010460 -1.091696 -0.543234 0.586991 0.667253 
0.966667 0.043439 -0.014344 -0.761984 -0.585168 0.587734 0.667111 
1.000000 0.059742 -0.013551 -0.256178 -0.601377 0.588889 0.664741 
1.033330 0.071676 -0.004925 0.288692 -0.605719 0.590020 0.663403 
1.066670 0.071843 0.003166 0.680213 -0.576752 0.593033 0.662094 
1.100000 0.064182 0.010264 0.885406 -0.548704 0.594960 0.661061 
1.133330 0.056820 0.018394 0.939932 -0.537563 0.595883 0.660096 
1.166670 0.053330 0.021305 0.765022 -0.478962 0.598996 0.660606 
1.200000 0.052308 0.023627 0.322773 -0.476108 0.600702 0.659507 
1.233330 0.056489 0.024430 -0.242787 -0.465168 0.601510 0.660535 
1.266670 0.058947 0.025415 -0.750419 -0.489801 0.604993 0.659341 
1.300000 0.056333 0.020784 -1.104845 -0.519102 0.606613 0.659625 
1.333330 0.055591 0.011718 -1.296393 -0.562660 0.608547 0.659374 
1.366670 0.060363 0.004256 -1.363263 -0.607265 0.609985 0.658264 
1.400000 0.061745 -0.000321 -1.324180 -0.648596 0.611440 0.657015 
1.433330 0.056343 -0.007438 -1.131967 -0.698230 0.614370 0.655517 
1.466670 0.056928 -0.018270 -0.704732 -0.719709 0.614137 0.654494 
1.500000 0.074960 -0.018599 -0.072177 -0.754930 0.615557 0.652572 
1.533330 0.100186 -0.007288 0.525969 -0.731544 0.616805 0.649839 
1.566670 0.113989 0.010904 0.864426 -0.697730 0.619953 0.647779 
1.600000 0.106432 0.025678 0.927231 -0.682249 0.623796 0.644826 
1.633330 0.089302 0.026807 0.727567 -0.647990 0.627195 0.644914 
1.666670 0.077762 0.025744 0.264342 -0.610771 0.628948 0.643877 
1.700000 0.071918 0.037957 -0.322600 -0.642871 0.631883 0.642116 
1.733330 0.070966 0.047039 -0.818198 -0.630428 0.634683 0.642619 
1.766670 0.068481 0.047155 -1.110599 -0.691855 0.637383 0.643117 
1.800000 0.069452 0.031752 -1.332048 -0.735141 0.640886 0.641616 
1.833330 0.073730 0.010008 -1.634265 -0.743799 0.641631 0.641565 
1.866670 0.077084 0.000097 -1.737443 -0.835097 0.645130 0.639201 
1.900000 0.076536 -0.004468 -1.248622 -0.895056 0.644984 0.637139 
1.933330 0.076946 -0.011063 -0.326404 -0.918687 0.647911 0.634461 
1.966670 0.087957 -0.019707 0.477037 -0.905955 0.648642 0.633877 
2.000000 0.103400 -0.015981 0.751823 -0.888468 0.648955 0.629739 
2.033330 0.109226 -0.001434 0.525645 -0.843432 0.652174 0.625456 
2.066670 0.108036 0.016407 0.285766 -0.832296 0.655091 0.625088 
2.100000 0.105895 0.035654 0.349296 -0.878552 0.656869 0.622370 
2.133330 0.108743 0.042877 0.298184 -0.808334 0.661478 0.619340 
2.166670 0.110855 0.054891 -0.288996 -0.809401 0.664360 0.619525 
2.200000 0.111154 0.058303 -1.026348 -0.834304 0.668220 0.617563 
2.233330 0.101503 0.050188 -1.327744 -0.902296 0.673045 0.615404 
2.266670 0.089680 0.026897 -1.251786 -0.934241 0.675628 0.614931 
2.300000 0.082366 0.008818 -1.240408 -0.968889 0.677584 0.611994 
2.333330 0.081620 0.001781 -1.355451 -1.001640 0.678156 0.609922 
2.366670 0.091689 -0.004290 -1.217193 -1.059240 0.681525 0.607161 
2.400000 0.117265 -0.012697 -0.690747 -1.123720 0.681292 0.605796 
2.433330 0.139765 -0.020297 -0.062696 -1.076860 0.683438 0.600616 
2.466670 0.142021 0.008582 0.524423 -1.110980 0.684802 0.594308 
2.500000 0.127934 0.038552 1.027408 -1.081330 0.687169 0.592859 
2.533330 0.113459 0.053223 1.072767 -1.035240 0.692281 0.589084 
2.566670 0.101226 0.048262 0.441305 -0.977753 0.693944 0.587769 
2.600000 0.090327 0.041628 -0.400496 -1.000710 0.698601 0.585241 
2.633330 0.094314 0.036943 -0.906860 -1.043740 0.700123 0.583774 
2.666670 0.110793 0.034796 -1.089628 -1.051570 0.702261 0.582709 
2.700000 0.117529 0.038167 -1.220182 -1.104540 0.706370 0.577145 
2.733330 0.114424 0.033392 -1.389610 -1.147050 0.709362 0.575970 
2.766670 0.113250 0.023173 -1.427702 -1.166580 0.710473 0.573193 
2.800000 0.107983 0.024577 -1.126250 -1.273030 0.713285 0.568842 
2.833330 0.102041 0.008990 -0.572415 -1.246880 0.715134 0.565546 
2.866670 0.106121 -0.002779 -0.019736 -1.283030 0.715936 0.563684 
2.900000 0.122311 -0.013666 0.379065 -1.275630 0.716328 0.559696 
2.933330 0.132253 -0.016044 0.558260 -1.240620 0.717884 0.554542 
2.966670 0.131874 -0.002113 0.592704 -1.228900 0.717979 0.550623 
3.000000 0.133221 0.021948 0.563899 -1.227110 0.720830 0.546089 
3.033330 0.138821 0.041629 0.332332 -1.184420 0.721881 0.544548 
3.066670 0.130503 0.058193 -0.185950 -1.185080 0.726753 0.537214 
3.100000 0.107549 0.058094 -0.770372 -1.210350 0.729708 0.536892 
3.133330 0.090575 0.040158 -1.134339 -1.230530 0.732838 0.533831 
3.166670 0.087182 0.027520 -1.229100 -1.298780 0.734232 0.531427 
3.200000 0.094285 0.023199 -1.281154 -1.318560 0.735268 0.528545 
3.233330 0.100848 0.026412 -1.395558 -1.357790 0.737500 0.526255 
3.266670 0.107792 0.024384 -1.222003 -1.405030 0.738929 0.521467 
3.300000 0.127650 0.016628 -0.500352 -1.476550 0.739997 0.519090 
3.333330 0.156777 -0.001749 0.355329 -1.448340 0.741318 0.515818 
3.366670 0.162846 -0.004612 0.795555 -1.402050 0.741433 0.507530 
3.400000 0.143075 0.020899 0.738930 -1.428120 0.740485 0.501818 
3.433330 0.130820 0.020317 0.424060 -1.337590 0.745927 0.501109 
3.466670 0.131175 0.019795 0.202172 -1.381150 0.744891 0.494861 
3.500000 0.133594 0.015743 0.151408 -1.383380 0.747084 0.490721 
3.533330 0.136843 0.019996 -0.129902 -1.339910 0.748913 0.486436 
3.566670 0.145237 0.039840 -0.803471 -1.365970 0.748668 0.482971 
3.600000 0.148588 0.050402 -1.428236 -1.408960 0.754165 0.477734 
3.633330 0.135293 0.045147 -1.652178 -1.476600 0.754935 0.472904 
3.666670 0.115748 0.028861 -1.584868 -1.520410 0.757043 0.468911 
3.700000 0.106633 0.018853 -1.340290 -1.557670 0.757407 0.465393 
3.733330 0.116152 0.020932 -0.801297 -1.622590 0.757740 0.462428 
3.766670 0.138765 0.018406 -0.064804 -1.629850 0.758882 0.457651 
3.800000 0.156677 0.012163 0.416093 -1.621830 0.758595 0.453034 
3.833330 0.159144 0.005088 0.478451 -1.567510 0.759527 0.447185 
3.866670 0.155886 0.022244 0.466951 -1.601410 0.757732 0.440658 
3.900000 0.163995 0.028034 0.474963 -1.578560 0.760827 0.439160 
3.933330 0.171004 0.020200 0.164863 -1.536170 0.760947 0.429901 
3.966670 0.153767 0.022960 -0.421872 -1.540980 0.761917 0.426311 
4.000000 0.122949 0.043661 -0.859220 -1.601660 0.762111 0.419123 
4.033330 0.114540 0.056371 -1.119522 -1.608600 0.764505 0.418452 
4.066670 0.127213 0.057432 -1.445831 -1.645500 0.766273 0.414046 
4.100000 0.132199 0.040671 -1.732625 -1.707130 0.767376 0.407901 
4.133330 0.126744 0.013637 -1.633346 -1.773970 0.768464 0.402785 
4.166670 0.130729 -0.001706 -1.015480 -1.805050 0.766942 0.401737 
4.200000 0.139298 0.015852 -0.184900 -1.879510 0.763935 0.395573 
4.233330 0.141258 0.015300 0.336144 -1.781130 0.766580 0.389941 
4.266670 0.136717 0.027133 0.332158 -1.856690 0.762999 0.386949 
4.300000 0.140208 0.005289 0.054051 -1.764050 0.765662 0.381734 
4.333330 0.144301 0.010024 -0.063461 -1.831070 0.762607 0.376228 
4.366670 0.148188 0.020885 0.097203 -1.820140 0.762182 0.373237 
4.400000 0.147056 0.042662 0.120283 -1.805330 0.761765 0.366846 
4.433330 0.137708 0.061433 -0.266941 -1.788530 0.763246 0.361438 
4.466670 0.121965 0.074333 -0.697284 -1.813480 0.763410 0.358181 
4.500000 0.107907 0.074152 -0.870653 -1.887330 0.765667 0.351895 
4.533330 0.112792 0.045602 -1.047687 -1.849490 0.767568 0.349626 
4.566670 0.119088 0.027675 -1.399993 -1.926980 0.765297 0.344790 
4.600000 0.122960 0.012331 -1.653193 -1.973990 0.766487 0.341051 
4.633330 0.120230 0.003936 -1.510859 -2.021740 0.763416 0.336219 
4.666670 0.120912 0.006629 -0.920062 -2.085630 0.762189 0.334188 
4.700000 0.132264 0.012831 -0.112969 -2.094290 0.760848 0.329547 
4.733330 0.148779 0.024855 0.513230 -2.080210 0.758224 0.325480 
4.766670 0.156981 0.038003 0.735123 -2.054960 0.757408 0.321267 
4.800000 0.149037 0.041807 0.653218 -2.031860 0.754648 0.313892 
4.833330 0.133449 0.035136 0.543822 -2.002990 0.757406 0.310209 
4.866670 0.121692 0.040204 0.518585 -2.017370 0.752363 0.306592 
4.900000 0.125675 0.045943 0.287492 -1.974400 0.754592 0.301022 
4.933330 0.144179 0.048237 -0.449697 -1.973320 0.753842 0.297615 
4.966670 0.167201 0.039758 -1.437178 -1.992270 0.753749 0.292292 
5.000000 0.175874 0.041167 -2.098838 -2.088350 0.751285 0.284485 
5.033330 0.170159 0.041610 -2.159366 -2.144380 0.750162 0.281194 
5.066670 0.150598 0.050180 -1.689737 -2.212090 0.747935 0.274521 
5.100000 0.128758 0.053131 -0.917319 -2.280840 0.744987 0.269487 
5.133330 0.129412 0.033355 -0.200307 -2.266690 0.746997 0.266529 
5.166670 0.147694 0.014945 0.205243 -2.275850 0.741792 0.261863 
5.200000 0.161079 0.006610 0.342355 -2.265270 0.740079 0.258474 
5.233330 0.157331 0.014765 0.405342 -2.244600 0.735439 0.252472 
5.266670 0.149474 0.038603 0.522619 -2.242230 0.733412 0.249548 
5.300000 0.147096 0.058891 0.553121 -2.229750 0.732571 0.245055 
5.333330 0.143488 0.058616 0.213712 -2.187790 0.730172 0.237702 
5.366670 0.132989 0.049091 -0.406143 -2.192770 0.729702 0.234376 
5.400000 0.124817 0.041807 -0.888430 -2.238600 0.729062 0.229922 
5.433330 0.116691 0.040709 -1.098563 -2.265300 0.725770 0.225955 
5.466670 0.101417 0.046249 -1.207867 -2.292090 0.725635 0.221827 
5.500000 0.089289 0.049906 -1.258822 -2.345100 0.724079 0.218807 
5.533330 0.098607 0.041834 -1.209833 -2.388550 0.723451 0.215352 
5.566670 0.124466 0.027038 -1.146486 -2.424290 0.723032 0.212833 
5.600000 0.142890 0.013804 -1.078069 -2.447360 0.717499 0.208294 
5.633330 0.148722 0.010999 -0.837687 -2.506500 0.714249 0.205113 
5.666670 0.160129 0.003841 -0.410607 -2.517590 0.712076 0.202580 
5.700000 0.170471 0.002577 0.007959 -2.521560 0.706541 0.199355 
5.733330 0.157407 0.014744 0.360286 -2.505650 0.701503 0.194708 
5.766670 0.133153 0.048891 0.700754 -2.515890 0.697210 0.192025 
5.800000 0.137987 0.075304 0.873963 -2.462050 0.697404 0.188243 
5.833330 0.161707 0.085994 0.627242 -2.443520 0.695404 0.182852 
5.866670 0.166779 0.077076 -0.042084 -2.419870 0.691492 0.175300 
5.900000 0.141623 0.071373 -0.828609 -2.442570 0.688851 0.171103 
5.933330 0.119026 0.061351 -1.333187 -2.472450 0.687974 0.167330 
5.966670 0.113750 0.046943 -1.484747 -2.557680 0.686667 0.162244 
6.000000 0.123217 0.022178 -1.627126 -2.575520 0.682670 0.160209 
6.033330 0.130776 0.006592 -1.776910 -2.604730 0.680053 0.157397 
6.066670 0.133129 0.012798 -1.425152 -2.733120 0.675886 0.154794 
6.100000 0.136363 0.006899 -0.582238 -2.741840 0.671479 0.153253 
6.133330 0.146736 -0.001626 0.016667 -2.732780 0.668372 0.151094 
6.166670 0.165929 -0.006766 0.041348 -2.721550 0.662478 0.148653 
6.200000 0.177407 -0.003459 -0.065195 -2.736620 0.658729 0.147520 
