0.7 0.00163616 -0.000388634 0.0153593 0.214246 
0.733333 0.00172674 -0.000376146 0.0161571 0.221638 
0.766667 0.00181021 -0.000395741 0.016066 0.227422 
0.8 0.00190493 -0.000398563 0.0157665 0.232508 
0.833333 0.00199657 -0.000288324 0.0159984 0.238156 
0.866667 0.00203787 -0.00026403 0.0134043 0.240429 
0.9 0.00208667 -0.000259414 0.0104485 0.241354 
0.933333 0.00220689 -0.000274918 0.00831878 0.242294 
0.966667 0.00218353 -0.00030468 0.00672641 0.243183 
1 0.00221422 -0.000403241 0.00601956 0.244588 
1.03333 0.00222663 -0.000512232 0.00652574 0.24719 
1.06667 0.00214553 -0.000558605 0.00741848 0.250418 
1.1 0.00216034 -0.000607279 0.0104323 0.25645 
1.13333 0.00218968 -0.000690652 0.0124567 0.262317 
1.16667 0.00219618 -0.000694051 0.0151254 0.26962 
1.2 0.00219278 -0.000671095 0.0167638 0.276596 
1.23333 0.00214939 -0.000596676 0.0173504 0.282876 
1.26667 0.00209328 -0.000492172 0.0174075 0.288727 
1.3 0.00214538 -0.000437954 0.0170772 0.29414 
1.33333 0.00221939 -0.000403973 0.0156909 0.298196 
1.36667 0.00222887 -0.000377285 0.0127549 0.29996 
1.4 0.00228377 -0.000363011 0.0112412 0.302425 
1.43333 0.00235544 -0.00037596 0.00902778 0.303559 
1.46667 0.00238961 -0.000423383 0.0069826 0.304154 
1.5 0.00242808 -0.000469876 0.00574822 0.305024 
1.53333 0.00240668 -0.000514737 0.00477629 0.305793 
1.56667 0.00239806 -0.00063293 0.00458331 0.307157 
1.6 0.00238238 -0.000671754 0.00603031 0.310393 
1.63333 0.00241214 -0.000717691 0.00831226 0.315097 
1.66667 0.00238882 -0.000755578 0.0105861 0.320552 
1.7 0.00241136 -0.000721098 0.0139068 0.328001 
1.73333 0.00238174 -0.000673739 0.0168345 0.336092 
1.76667 0.00239222 -0.000607725 0.0182952 0.343428 
1.8 0.00244287 -0.00057426 0.0187689 0.350086 
1.83333 0.00244711 -0.000508367 0.0168176 0.354039 
1.86667 0.00247648 -0.000419996 0.0152933 0.357845 
1.9 0.00252227 -0.000394709 0.0132408 0.36052 
1.93333 0.00258494 -0.000355936 0.011354 0.362706 
1.96667 0.00265841 -0.000361026 0.00966299 0.364495 
2 0.00275234 -0.000434924 0.00774439 0.365451 
2.03333 0.00279591 -0.000471825 0.00642776 0.366478 
2.06667 -0.0147772 -0.000854272 -0.123108 0.215709 
2.1 -0.0194899 0.000177505 -0.313839 -0.0504775 
2.13333 -0.0229009 0.000880327 -0.451052 -0.317065 
2.16667 -0.0253894 0.0014071 -0.548275 -0.582184 
2.2 -0.0271293 0.00191152 -0.615827 -0.844685 
2.23333 -0.0283333 0.00232396 -0.663926 -1.10674 
2.26667 -0.0291864 0.00259753 -0.697719 -1.36794 
2.3 -0.0297741 0.00286959 -0.723219 -1.63061 
2.33333 -0.0301938 0.00307668 -0.742293 -1.8942 
2.36667 -0.0305209 0.00322392 -0.757289 -2.15934 
2.4 -0.0307145 0.00333439 -0.768814 -2.42537 
2.43333 -0.0308352 0.00342252 -0.778133 -2.69264 
2.46667 -0.0308994 0.00350958 -0.785578 -2.96081 
2.5 -0.030957 0.00349181 -0.79164 -3.22982 
2.53333 -0.0309378 0.0035043 -0.796224 -3.49912 
2.56667 -0.0309158 0.0034776 -0.798743 -3.7675 
2.6 -0.0309223 0.00339002 -0.800238 -4.03551 
2.63333 -0.030954 0.00331909 -0.801013 -4.30317 
2.66667 -0.0309766 0.00326888 -0.799787 -4.56873 
2.7 -0.0309956 0.0032274 -0.797392 -4.83249 
2.73333 -0.0309711 0.00322085 -0.794502 -5.09488 
2.76667 -0.031023 0.00320826 -0.792193 -5.35699 
2.8 -0.0134071 0.00353964 -0.661168 -5.46638 
2.83333 -0.00867996 0.0024792 -0.468364 -5.45918 
2.86667 -0.00528539 0.00175709 -0.330103 -5.45209 
2.9 -0.00274853 0.00123919 -0.232005 -5.44632 
2.93333 -0.000944592 0.000754166 -0.163206 -5.44244 
2.96667 0.000287097 0.000479173 -0.113973 -5.43872 
3 0.00115987 0.000212177 -0.0803923 -5.43707 
3.03333 0.00177908 -3.38009e-006 -0.0567088 -5.43591 
3.06667 0.00230442 -0.000144752 -0.0382072 -5.43298 
3.1 0.00266294 -0.000279591 -0.0251662 -5.43032 
3.13333 0.00291003 -0.000412114 -0.0152734 -5.42703 
3.16667 0.00306991 -0.000563693 -0.00733216 -5.42275 
3.2 0.00316478 -0.000698563 -0.00115485 -5.4179 
3.23333 0.00328579 -0.000751975 0.00435956 -5.41177 
3.26667 0.00332833 -0.000850631 0.00951555 -5.40423 
3.3 0.00338378 -0.000896446 0.0142928 -5.39542 
3.33333 0.00343962 -0.000866712 0.0175727 -5.38679 
3.36667 0.00348066 -0.000835043 0.0203246 -5.37768 
3.4 0.00354293 -0.000758512 0.0204866 -5.37071 
3.43333 0.00360179 -0.000719763 0.0203107 -5.36409 
3.46667 0.0035782 -0.000660642 0.018128 -5.3599 
3.5 0.00363868 -0.000595459 0.0165 -5.35578 
3.53333 0.00362062 -0.000523674 0.0147822 -5.35231 
3.56667 0.00364269 -0.000532338 0.0125299 -5.35004 
3.6 0.00369666 -0.000544324 0.0106986 -5.34802 
3.63333 0.00369453 -0.000564768 0.0100457 -5.34523 
3.66667 0.00372776 -0.000543753 0.00962298 -5.34238 
3.7 0.00382525 -0.000697069 0.0101597 -5.33854 
3.73333 0.0039069 -0.000736601 0.0119495 -5.33304 
3.76667 0.00392926 -0.000870148 0.0144863 -5.32606 
3.8 0.00394611 -0.000964074 0.0167183 -5.3186 
3.83333 0.0039649 -0.000968105 0.0195317 -5.3097 
3.86667 0.0039271 -0.000977124 0.0215821 -5.30077 
3.9 0.00391952 -0.000925966 0.0227699 -5.29218 
3.93333 0.00399633 -0.000835474 0.0227982 -5.28455 
3.96667 0.00410305 -0.000753977 0.0214798 -5.27851 
4 0.00409252 -0.000629473 0.0200773 -5.273 
4.03333 0.00411066 -0.000580024 0.0184759 -5.2682 
4.06667 0.00411455 -0.000563885 0.0167677 -5.26406 
4.1 0.00412409 -0.000547112 0.0145552 -5.26108 
4.13333 0.00413165 -0.00061103 0.013906 -5.257 
4.16667 0.00413505 -0.000618959 0.010854 -5.25596 
4.2 0.00418967 -0.00068096 0.0103035 -5.253 
4.23333 0.00416224 -0.00077157 0.011282 -5.24841 
4.26667 0.00418665 -0.000900315 0.0121808 -5.24359 
4.3 0.00419994 -0.000964994 0.0138484 -5.23756 
4.33333 0.00427344 -0.000993944 0.0171352 -5.22906 
4.36667 0.00426492 -0.00104338 0.0192607 -5.22084 
4.4 0.00426111 -0.0011229 0.0224874 -5.21061 
4.43333 0.00417362 -0.00107588 0.0240803 -5.20123 
4.46667 0.00413339 -0.00106212 0.0226408 -5.19491 
4.5 0.00420428 -0.000937886 0.0216514 -5.18853 
4.53333 0.00418186 -0.000825992 0.01952 -5.18383 
4.56667 0.00421202 -0.000801852 0.0177734 -5.17938 
4.6 0.00428781 -0.00069002 0.0158299 -5.17575 
4.63333 0.00438533 -0.000668073 0.0134927 -5.17323 
4.66667 0.00444055 -0.000722202 0.0119516 -5.17056 
4.7 0.00434422 -0.000760609 0.0110965 -5.16758 
4.73333 0.00438433 -0.000827775 0.0112979 -5.16365 
4.76667 0.0044321 -0.000885899 0.0118754 -5.1592 
4.8 0.00447784 -0.000945634 0.0134379 -5.15339 
4.83333 0.00448311 -0.00102276 0.0154306 -5.14656 
4.86667 0.00448355 -0.00105493 0.0172961 -5.13922 
4.9 0.00445089 -0.0011354 0.0212671 -5.12877 
4.93333 0.00440577 -0.00113098 0.023658 -5.11885 
4.96667 0.00456053 -0.00105773 0.0250156 -5.10937 
5 0.00455291 -0.000938304 0.0246275 -5.10148 
5.03333 0.00461258 -0.000881547 0.0238264 -5.09422 
5.06667 0.00455959 -0.000842095 0.0214086 -5.08913 
5.1 0.00458885 -0.000779844 0.0192885 -5.0845 
5.13333 0.00463202 -0.000733953 0.0171402 -5.08061 
5.16667 0.00462559 -0.000709284 0.0153054 -5.07706 
5.2 0.00473234 -0.00068859 0.0144546 -5.07296 
5.23333 0.00467579 -0.000696985 0.0125113 -5.07044 
5.26667 0.00472341 -0.000794545 0.0133919 -5.06523 
5.3 0.00474213 -0.000840703 0.013387 -5.06077 
5.33333 0.00471418 -0.0010012 0.014256 -5.05528 
5.36667 0.00474117 -0.00107217 0.0163257 -5.04809 
5.4 0.0046629 -0.00111674 0.0180565 -5.0406 
5.43333 0.00468666 -0.00116902 0.0216454 -5.03035 
5.46667 0.00469862 -0.00117773 0.0229608 -5.02158 
5.5 0.00466021 -0.00111119 0.0239427 -5.01276 
5.53333 0.00460859 -0.00102717 0.0225567 -5.00642 
5.56667 0.00472022 -0.000924399 0.0212197 -5.00048 
5.6 0.00473558 -0.00090631 0.0199136 -4.99495 
5.63333 0.00479229 -0.000829433 0.018085 -4.99047 
5.66667 0.00486944 -0.000828907 0.0161406 -4.98674 
5.7 0.00484519 -0.000853095 0.0139822 -4.9839 
5.73333 0.00489673 -0.000869362 0.011778 -4.98184 
5.76667 0.00492939 -0.000869571 0.0115296 -4.97821 
5.8 0.00496466 -0.000875129 0.0116185 -4.97426 
5.83333 0.00495359 -0.000965935 0.0131508 -4.96858 
5.86667 0.00489779 -0.00102297 0.0144029 -4.96272 
5.9 0.00492027 -0.00108897 0.0156659 -4.95643 
5.93333 0.00484599 -0.00114948 0.0185893 -4.94776 
5.96667 0.00487889 -0.00117314 0.0210788 -4.93862 
6 0.00486049 -0.00115167 0.0227414 -4.92963 
6.03333 0.00481289 -0.00109958 0.0235472 -4.9211 
6.06667 0.00482032 -0.000997662 0.0236455 -4.91313 
6.1 0.00477776 -0.000972733 0.0225609 -4.90653 
6.13333 0.00479276 -0.00087587 0.0206832 -4.90123 
6.16667 0.00479548 -0.000803534 0.0181656 -4.89731 
6.2 0.00481686 -0.000766746 0.0162673 -4.89349 
6.23333 0.00485836 -0.000789508 0.0140408 -4.8907 
6.26667 0.00492898 -0.000802047 0.0142797 -4.88574 
6.3 0.00490305 -0.000855791 0.0132834 -4.88215 
6.33333 0.00494418 -0.000839797 0.0120487 -4.87918 
6.36667 0.00499421 -0.000936518 0.0127054 -4.87439 
6.4 0.00493713 -0.000964017 0.0136042 -4.86909 
6.43333 0.00484603 -0.000993618 0.0157051 -4.86208 
6.46667 0.00487357 -0.00109792 0.0198748 -4.85192 
6.5 0.00488693 -0.00112089 0.0227091 -4.84195 
6.53333 0.00482878 -0.00116405 0.0243362 -4.83246 
6.56667 0.00495154 -0.00113286 0.0255637 -4.8229 
6.6 0.00501481 -0.00107356 0.0248372 -4.81524 
6.63333 0.00501581 -0.000977189 0.0235732 -4.80845 
6.66667 0.00508546 -0.00094892 0.0222592 -4.80214 
6.7 0.0050854 -0.000952834 0.0216889 -4.7954 
6.73333 0.0051065 -0.000930988 0.0185689 -4.79185 
6.76667 0.00518949 -0.000920085 0.0156646 -4.78909 
6.8 0.00529193 -0.000847526 0.0140071 -4.78582 
6.83333 0.00532833 -0.000874135 0.0138858 -4.7813 
6.86667 0.00534729 -0.000996003 0.0148838 -4.77549 
6.9 0.00538608 -0.00111662 0.0152361 -4.77011 
6.93333 0.00542403 -0.00119787 0.0169553 -4.76301 
6.96667 0.00544765 -0.00129805 0.0197748 -4.75403 
7 0.00545802 -0.00137965 0.021466 -4.74544 
7.03333 0.00534515 -0.00141512 0.0248708 -4.73426 
7.06667 0.00532818 -0.00145771 0.028159 -4.72209 
7.1 0.00537549 -0.00137874 0.0285121 -4.71229 
7.13333 0.00539103 -0.00127094 0.026728 -4.70489 
7.16667 0.00544649 -0.00128047 0.0257102 -4.69718 
7.2 0.00543671 -0.00118018 0.0239811 -4.69065 
7.23333 0.00540348 -0.00112293 0.0218175 -4.68521 
