0.273 15 -40 
0.367 15 -40 
0.461 15 -40 
0.538 15 -40 
0.649 15 -40 
0.741 15 -40 
0.835 15 -40 
0.912 15 -40 
1.007 15 -40 
1.101 15 -40 
1.194 15 -40 
1.304 15 -40 
1.397 15 -40 
1.506 15 -40 
1.585 15 -40 
1.648 15 -40 
1.726 15 -40 
1.788 15 -40 
1.851 15 -40 
1.913 15 -40 
1.976 15 -40 
2.038 15 -40 
2.116 15 -40 
2.179 15 -40 
2.241 15 -40 
2.305 15 -40 
2.367 15 -40 
2.445 15 -40 
2.523 15 -40 
2.585 15 -40 
2.647 15 -40 
2.709 15 -40 
2.773 15 -40 
2.835 15 -40 
2.913 15 -40 
2.975 15 -40 
3.055 15 -40 
3.117 15 -40 
3.179 15 -40 
3.242 15 -40 
3.334 15 -40 
3.412 15 -40 
3.476 15 -40 
3.538 15 -40 
3.601 15 -40 
3.678 15 -40 
3.757 15 -40 
3.819 15 -40 
3.881 15 -40 
3.945 15 -40 
4.007 15 -40 
4.085 15 -40 
4.147 15 -40 
4.209 15 -40 
4.272 15 -40 
4.35 15 -40 
4.413 15 -40 
4.491 15 -40 
4.553 15 -40 
4.616 15 -40 
4.679 15 -40 
4.742 15 -40 
4.804 15 -40 
4.883 15 -40 
4.945 15 -40 
5.023 15 -40 
5.085 15 -40 
5.148 15 -40 
5.21 15 -40 
5.289 15 -40 
5.351 15 -40 
5.413 15 -40 
5.475 15 -40 
5.538 15 -40 
5.601 15 -40 
5.695 15 -40 
5.757 15 -40 
5.819 15 -40 
5.882 15 -40 
5.944 15 -40 
6.007 15 -40 
6.101 15 -40 
6.179 15 -40 
6.241 15 -40 
6.319 15 -40 
6.381 15 -40 
6.445 15 -40 
6.523 15 -40 
6.584 15 -40 
6.648 15 -40 
6.709 15 -40 
6.772 15 -40 
6.835 15 -40 
6.928 15 -40 
6.976 15 -40 
7.054 15 -40 
7.116 15 -40 
7.179 15 -40 
7.241 15 -40 
7.319 15 -40 
7.383 15 -40 
7.445 15 -40 
7.507 15 -40 
7.569 15 -40 
7.632 15 -40 
7.726 15 -40 
7.788 15 -40 
7.85 15 -40 
7.913 15 -40 
7.975 15 -40 
8.038 15 -40 
8.117 15 -40 
8.18 15 -40 
8.241 15 -40 
8.32 15 -40 
8.382 15 -40 
8.444 15 -40 
8.522 15 -40 
8.586 15 -40 
8.647 15 -40 
8.709 15 -40 
8.773 15 -40 
8.851 15 -40 
8.93 15 -40 
8.991 15 -40 
9.054 15 -40 
9.117 15 -40 
9.179 15 -40 
9.241 15 -40 
9.32 15 -40 
9.382 15 -40 
9.444 15 -40 
9.508 15 -40 
9.585 15 -40 
9.647 15 -40 
9.725 15 -40 
9.787 15 -40 
9.85 15 -40 
9.913 15 -40 
9.976 15 -40 
10.038 15 -40 
10.116 15 -40 
10.18 15 -40 
10.257 15 -40 
10.319 15 -40 
10.383 15 -40 
10.444 15 -40 
10.524 15 -40 
10.585 15 -40 
10.648 15 -40 
10.71 15 -40 
10.773 15 -40 
10.835 15 -40 
10.928 15 -40 
10.975 15 -40 
11.055 15 -40 
11.116 15 -40 
11.179 15 -40 
11.241 15 -40 
11.319 15 -40 
11.382 15 -40 
11.445 15 -40 
11.507 15 -40 
11.57 15 -40 
11.647 15 -40 
11.725 15 -40 
11.789 15 -40 
11.851 15 -40 
11.914 15 -40 
11.977 15 -40 
12.038 15 -40 
12.116 15 -40 
12.18 15 -40 
12.241 15 -40 
12.303 15 -40 
12.381 15 -40 
12.444 15 -40 
12.522 15 -40 
12.585 15 -40 
12.647 15 -40 
12.711 15 -40 
12.772 15 -40 
12.834 15 -40 
12.928 15 -40 
12.991 15 -40 
13.054 15 -40 
13.116 15 -40 
13.179 15 -40 
13.241 15 -40 
13.319 15 -40 
13.382 15 -40 
13.445 15 -40 
13.507 15 -40 
13.584 15 -40 
13.648 15 -40 
13.726 15 -40 
13.789 15 -40 
13.85 15 -40 
13.914 15 -40 
13.975 15 -40 
14.038 15 -40 
14.117 15 -40 
14.18 15 -40 
14.241 15 -40 
14.32 15 -40 
14.383 15 -40 
14.444 15 -40 
14.522 15 -40 
14.586 15 -40 
14.648 15 -40 
14.71 15 -40 
14.772 15 -40 
14.851 15 -40 
14.913 15 -40 
14.976 15 -40 
15.038 15 -40 
15.117 15 -40 
15.178 15 -40 
15.241 15 -40 
15.319 15 -40 
15.383 15 -40 
