0.133333 0.004970 -0.004056 0.192144 -0.122866 0.627044 0.657691 
0.166667 0.024737 0.003151 0.498952 -0.088892 0.626266 0.659136 
0.200000 0.036192 0.003870 0.464307 -0.083436 0.628773 0.657829 
0.233333 0.029854 0.006146 0.386927 -0.074746 0.629489 0.658365 
0.266667 0.014205 0.008731 0.268057 -0.067077 0.630696 0.658159 
0.300000 0.004830 0.010728 -0.017879 -0.034518 0.630374 0.659744 
0.333333 0.004691 0.018171 -0.349561 -0.070711 0.630359 0.658343 
0.366667 0.007709 0.027188 -0.502839 -0.068846 0.631069 0.660139 
0.400000 0.008770 0.025324 -0.457408 -0.100865 0.631539 0.660863 
0.433333 0.012650 0.012489 -0.376472 -0.107691 0.631354 0.662385 
0.466667 0.018593 0.003158 -0.374068 -0.109653 0.632361 0.661325 
0.500000 0.023592 0.001267 -0.387525 -0.137997 0.633000 0.660976 
0.533333 0.025017 -0.002025 -0.301598 -0.139174 0.633404 0.662951 
0.566667 0.020226 -0.003991 -0.088950 -0.155070 0.634999 0.660361 
0.600000 0.013707 -0.000697 0.180974 -0.150606 0.635208 0.661414 
0.633333 0.015292 0.002748 0.386794 -0.141957 0.635157 0.660808 
0.666667 0.023327 0.002097 0.461390 -0.116795 0.635999 0.661955 
0.700000 0.025783 0.002526 0.427185 -0.117803 0.637065 0.660313 
0.733333 0.017962 0.004524 0.326807 -0.087680 0.638070 0.661472 
0.766667 0.006026 0.008162 0.194462 -0.087680 0.638070 0.661472 
0.800000 0.000039 0.013088 -0.000542 -0.095910 0.638734 0.661126 
0.833333 0.005683 0.016391 -0.308971 -0.064733 0.637783 0.662610 
0.866667 0.014730 0.014173 -0.638514 -0.120228 0.638593 0.662161 
0.900000 0.021092 0.008643 -0.837471 -0.119629 0.640081 0.664136 
0.933333 0.024708 0.007823 -0.825697 -0.160631 0.639693 0.661669 
0.966667 0.028419 0.007299 -0.580475 -0.187010 0.641112 0.664156 
1.000000 0.028020 0.000837 -0.224017 -0.202470 0.642273 0.662899 
1.033330 0.021513 -0.007033 0.009876 -0.198635 0.643008 0.663277 
1.066670 0.015900 -0.006842 0.065805 -0.188400 0.643683 0.662078 
1.100000 0.019327 0.003464 0.139056 -0.199920 0.643717 0.662635 
1.133330 0.028629 0.015561 0.360476 -0.187022 0.644365 0.661882 
1.166670 0.032404 0.019363 0.574440 -0.182720 0.646284 0.663212 
1.200000 0.028087 0.013483 0.562655 -0.133448 0.647305 0.663757 
1.233330 0.023138 0.012720 0.310110 -0.143445 0.648070 0.663163 
1.266670 0.024384 0.018935 -0.081845 -0.128200 0.648174 0.663899 
1.300000 0.024398 0.024783 -0.464026 -0.124732 0.650049 0.664823 
1.333330 0.016867 0.022196 -0.651142 -0.174420 0.650656 0.664915 
1.366670 0.011033 0.008318 -0.662602 -0.183368 0.651210 0.666460 
1.400000 0.013661 -0.005126 -0.654467 -0.195751 0.651252 0.665878 
1.433330 0.024333 -0.006526 -0.554905 -0.222092 0.652047 0.665097 
1.466670 0.035461 -0.001387 -0.256567 -0.258085 0.652364 0.664543 
1.500000 0.038154 -0.005747 0.063149 -0.234285 0.654494 0.665477 
1.533330 0.030132 -0.013106 0.233474 -0.231504 0.655604 0.663958 
1.566670 0.019758 -0.011313 0.304970 -0.239373 0.655572 0.662875 
1.600000 0.017764 0.000170 0.341499 -0.204193 0.656863 0.663558 
1.633330 0.028575 0.015897 0.340551 -0.212021 0.656561 0.662527 
1.666670 0.043538 0.026773 0.238448 -0.197635 0.658400 0.664032 
1.700000 0.046138 0.029186 -0.046029 -0.181281 0.660062 0.664260 
1.733330 0.031541 0.027589 -0.403684 -0.193027 0.662754 0.665120 
1.766670 0.016672 0.023845 -0.617323 -0.222621 0.662328 0.665167 
1.800000 0.014831 0.016439 -0.676781 -0.239865 0.662962 0.667131 
1.833330 0.017290 0.005866 -0.685395 -0.253107 0.663928 0.665803 
1.866670 0.012332 -0.002820 -0.576662 -0.286500 0.664781 0.667261 
1.900000 0.004692 -0.004822 -0.254584 -0.297142 0.664579 0.665439 
1.933330 0.011360 -0.001565 0.101911 -0.320588 0.665324 0.665697 
1.966670 0.036432 -0.001592 0.239006 -0.264397 0.663918 0.666824 
2.000000 0.056737 -0.000592 0.222347 -0.300099 0.667406 0.664689 
2.033330 0.052214 -0.001974 0.248158 -0.273103 0.669395 0.664441 
2.066670 0.036513 0.000887 0.293518 -0.272430 0.670616 0.664754 
2.100000 0.033170 0.009818 0.255191 -0.253657 0.670784 0.663693 
2.133330 0.043155 0.021016 0.153889 -0.251586 0.672539 0.663711 
2.166670 0.048672 0.023455 0.018655 -0.249614 0.674095 0.665875 
2.200000 0.037904 0.020206 -0.254857 -0.257351 0.676923 0.664277 
2.233330 0.021552 0.017238 -0.722065 -0.248494 0.677076 0.665148 
2.266670 0.014751 0.014604 -1.129554 -0.303100 0.677622 0.666129 
2.300000 0.019672 0.011810 -1.107371 -0.333592 0.678346 0.666399 
2.333330 0.029171 0.011276 -0.619186 -0.388928 0.679624 0.664587 
2.366670 0.043412 0.004567 -0.021247 -0.374500 0.680263 0.667576 
2.400000 0.053340 -0.004692 0.346511 -0.375895 0.681598 0.664714 
2.433330 0.048906 -0.008843 0.485173 -0.349116 0.684692 0.664135 
2.466670 0.039995 0.000041 0.587622 -0.347229 0.684906 0.663961 
2.500000 0.039410 0.018427 0.685252 -0.321511 0.685324 0.663149 
2.533330 0.042137 0.036498 0.564474 -0.295862 0.688650 0.664003 
2.566670 0.037444 0.034436 0.039401 -0.283925 0.688679 0.663862 
2.600000 0.026733 0.007904 -0.693018 -0.271191 0.692140 0.667817 
2.633330 0.022281 -0.012154 -1.106920 -0.338101 0.691175 0.663595 
2.666670 0.030762 -0.004658 -0.964685 -0.372190 0.691691 0.664346 
2.700000 0.038948 0.014570 -0.623177 -0.402186 0.692442 0.663555 
2.733330 0.031032 0.018062 -0.392692 -0.382731 0.695807 0.664739 
2.766670 0.011968 0.011812 -0.099092 -0.424904 0.696126 0.663895 
2.800000 0.006685 0.006473 0.255367 -0.446432 0.694846 0.664444 
2.833330 0.022039 0.000469 0.273095 -0.366278 0.696698 0.664382 
2.866670 0.043921 -0.006569 0.036864 -0.391304 0.696840 0.664760 
2.900000 0.058481 -0.008703 0.035761 -0.421508 0.698948 0.662176 
2.933330 0.058558 -0.007639 0.220796 -0.392078 0.700271 0.662111 
2.966670 0.046987 0.001341 0.259488 -0.366057 0.702722 0.661431 
3.000000 0.033857 0.022541 0.165196 -0.392804 0.703230 0.660062 
3.033330 0.034217 0.038958 -0.049090 -0.374530 0.705048 0.661066 
3.066670 0.045960 0.031584 -0.510560 -0.370042 0.705455 0.663293 
3.100000 0.049565 0.008616 -0.995234 -0.398029 0.709610 0.662981 
3.133330 0.038742 -0.001712 -1.072883 -0.454686 0.709710 0.660818 
3.166670 0.028817 0.002832 -0.759279 -0.494417 0.710508 0.660481 
3.200000 0.032962 0.001474 -0.377324 -0.470000 0.711357 0.661901 
3.233330 0.042546 -0.004774 -0.003996 -0.521427 0.712931 0.660357 
3.266670 0.045951 -0.004969 0.338436 -0.497392 0.714232 0.658868 
3.300000 0.045361 0.005187 0.420922 -0.482107 0.714321 0.657915 
3.333330 0.044312 0.008133 0.242801 -0.450882 0.717607 0.658876 
3.366670 0.039613 0.002921 0.151471 -0.475551 0.717540 0.657561 
3.400000 0.032623 -0.003454 0.209894 -0.469998 0.719706 0.656817 
3.433330 0.030413 -0.001723 0.086191 -0.445741 0.720015 0.656907 
3.466670 0.036812 0.009533 -0.233447 -0.426750 0.720238 0.655777 
3.500000 0.042627 0.026794 -0.416063 -0.503852 0.722984 0.656005 
3.533330 0.045785 0.030744 -0.465602 -0.460488 0.723849 0.656375 
3.566670 0.044113 0.029808 -0.599892 -0.501756 0.726848 0.656680 
3.600000 0.046517 0.025569 -0.729977 -0.515068 0.727312 0.656605 
3.633330 0.049142 0.016193 -0.639217 -0.550491 0.729102 0.655827 
3.666670 0.045186 -0.006211 -0.314669 -0.565276 0.732096 0.657092 
3.700000 0.035935 -0.023726 0.104906 -0.563475 0.732121 0.654206 
3.733330 0.038573 -0.014914 0.445772 -0.565523 0.732156 0.652278 
3.766670 0.060249 0.008065 0.586432 -0.530385 0.733038 0.653007 
3.800000 0.075532 0.025140 0.539500 -0.508441 0.735286 0.652402 
3.833330 0.058433 0.031226 0.294527 -0.533949 0.740502 0.649355 
3.866670 0.034952 0.020193 -0.176504 -0.450885 0.740451 0.653030 
3.900000 0.028572 0.013846 -0.608484 -0.540201 0.740554 0.651228 
3.933330 0.034810 0.011106 -0.723196 -0.531050 0.742730 0.651144 
3.966670 0.031972 0.012239 -0.679575 -0.571959 0.744159 0.651003 
4.000000 0.029263 0.010129 -0.702067 -0.568538 0.745379 0.650574 
4.033330 0.038021 0.010715 -0.686348 -0.610846 0.744705 0.651014 
4.066670 0.048366 0.011104 -0.505484 -0.639768 0.747760 0.649562 
4.100000 0.045522 0.004148 -0.259484 -0.631747 0.748871 0.649524 
4.133330 0.035030 -0.007251 -0.046017 -0.648490 0.750475 0.647639 
4.166670 0.030605 -0.017877 0.123524 -0.650869 0.749904 0.648360 
4.200000 0.030186 -0.017274 0.209333 -0.632309 0.750824 0.645999 
4.233330 0.031537 0.000234 0.257903 -0.626194 0.752307 0.644708 
4.266670 0.041837 0.020106 0.382003 -0.629496 0.750897 0.644651 
4.300000 0.058602 0.021043 0.488886 -0.607619 0.755205 0.645893 
4.333330 0.067391 0.010442 0.352089 -0.583300 0.757282 0.643435 
4.366670 0.066404 0.011510 -0.070455 -0.582757 0.757384 0.642712 
4.400000 0.060758 0.022766 -0.571603 -0.589558 0.761331 0.641938 
4.433330 0.051288 0.029227 -0.828708 -0.611154 0.762546 0.642016 
4.466670 0.039904 0.024854 -0.692157 -0.665722 0.764592 0.641468 
4.500000 0.031528 0.011592 -0.447083 -0.667903 0.766059 0.642120 
4.533330 0.028013 0.001709 -0.448821 -0.668093 0.766903 0.640427 
4.566670 0.035054 -0.000726 -0.538984 -0.686069 0.767016 0.640430 
4.600000 0.048776 0.002068 -0.322376 -0.728953 0.768435 0.640292 
4.633330 0.057311 0.004658 0.142293 -0.720404 0.770066 0.637685 
4.666670 0.059993 0.005721 0.457607 -0.701034 0.771720 0.636848 
4.700000 0.062028 0.003664 0.489939 -0.679335 0.772749 0.637393 
4.733330 0.059688 0.006506 0.395168 -0.681955 0.775558 0.633904 
4.766670 0.053746 0.014323 0.240023 -0.654074 0.776203 0.633661 
4.800000 0.051008 0.021672 -0.024119 -0.662556 0.778260 0.634006 
4.833330 0.051603 0.020081 -0.329064 -0.646950 0.780334 0.632754 
4.866670 0.050107 0.019187 -0.529027 -0.694173 0.782083 0.632446 
4.900000 0.050792 0.014808 -0.636466 -0.689811 0.782947 0.631426 
4.933330 0.052146 0.009978 -0.763518 -0.724000 0.785763 0.631875 
4.966670 0.052227 0.005821 -0.854695 -0.738891 0.786312 0.629262 
5.000000 0.052511 0.005757 -0.703908 -0.783095 0.787825 0.629063 
5.033330 0.057036 0.000178 -0.254457 -0.794327 0.789582 0.627816 
5.066670 0.061227 -0.007645 0.227539 -0.808134 0.790354 0.626955 
5.100000 0.056333 -0.010443 0.422410 -0.765711 0.792139 0.623740 
5.133330 0.046588 0.000498 0.368525 -0.761700 0.792702 0.623359 
5.166670 0.043512 0.012580 0.321877 -0.768642 0.793802 0.621904 
5.200000 0.052471 0.015291 0.317944 -0.733913 0.796038 0.622516 
5.233330 0.062804 0.019097 0.195494 -0.747393 0.796639 0.620783 
5.266670 0.063985 0.025363 -0.087542 -0.714708 0.799888 0.619450 
5.300000 0.053527 0.033511 -0.375407 -0.747850 0.801369 0.619085 
5.333330 0.045492 0.027961 -0.542038 -0.757676 0.803918 0.619390 
5.366670 0.048197 0.014298 -0.634591 -0.776237 0.805236 0.618453 
5.400000 0.058862 0.002994 -0.680351 -0.792076 0.806030 0.617732 
5.433330 0.064313 0.000667 -0.582556 -0.828040 0.808297 0.616022 
5.466670 0.057135 0.001811 -0.313916 -0.835326 0.809422 0.613824 
5.500000 0.047213 0.004064 -0.015296 -0.847962 0.810901 0.613219 
5.533330 0.047667 0.003882 0.147234 -0.835663 0.811659 0.612450 
5.566670 0.055116 0.001781 0.170922 -0.828517 0.812415 0.610890 
5.600000 0.057966 -0.001692 0.202281 -0.827378 0.815064 0.609719 
5.633330 0.054857 -0.000640 0.277522 -0.828522 0.815556 0.607806 
5.666670 0.050813 0.007989 0.256657 -0.801999 0.815934 0.607181 
5.700000 0.047543 0.020274 0.092512 -0.797511 0.819105 0.605254 
5.733330 0.046791 0.028073 -0.128910 -0.813695 0.819528 0.606222 
5.766670 0.049378 0.027997 -0.373083 -0.800448 0.821636 0.604838 
5.800000 0.048411 0.021607 -0.605719 -0.828863 0.823549 0.604121 
5.833330 0.050022 0.007298 -0.734389 -0.855942 0.825723 0.603902 
5.866670 0.063516 -0.003438 -0.691543 -0.866077 0.825762 0.602412 
5.900000 0.079934 0.000420 -0.479500 -0.908177 0.826770 0.600284 
5.933330 0.079105 0.002551 -0.237620 -0.909243 0.829822 0.597883 
5.966670 0.062031 -0.001617 -0.118116 -0.906395 0.831734 0.596066 
6.000000 0.052298 -0.001553 -0.014991 -0.910208 0.831512 0.594587 
6.033330 0.060661 0.008313 0.234710 -0.927823 0.832272 0.593983 
6.066670 0.073510 0.015348 0.461244 -0.899853 0.835193 0.591326 
6.100000 0.078445 0.018224 0.369367 -0.878153 0.837126 0.590592 
6.133330 0.077188 0.023265 -0.017362 -0.874578 0.838542 0.588343 
6.166670 0.072857 0.028748 -0.383762 -0.877981 0.841318 0.587119 
6.200000 0.064812 0.031455 -0.496313 -0.910326 0.844024 0.586447 
6.233330 0.056633 0.029777 -0.445965 -0.919417 0.845310 0.584806 
6.266670 0.051054 0.025121 -0.477918 -0.928907 0.847260 0.584229 
6.300000 0.052901 0.010972 -0.589991 -0.942877 0.849469 0.583313 
6.333330 0.062898 -0.010953 -0.494754 -0.965556 0.849823 0.582361 
6.366670 0.071150 -0.027264 -0.097077 -1.004540 0.850633 0.579755 
6.400000 0.068148 -0.032445 0.307330 -0.963600 0.852123 0.576043 
6.433330 0.068175 -0.016614 0.491277 -0.957847 0.850360 0.574978 
6.466670 0.076824 0.006171 0.491011 -0.957726 0.853135 0.572495 
6.500000 0.085426 0.020770 0.305637 -0.917121 0.855128 0.570807 
6.533330 0.084508 0.033081 -0.085102 -0.930597 0.856925 0.568678 
6.566670 0.077533 0.034792 -0.512950 -0.921504 0.860296 0.567037 
6.600000 0.065228 0.032061 -0.757333 -0.970735 0.862472 0.567288 
6.633330 0.052998 0.025608 -0.781578 -0.978363 0.864142 0.563721 
6.666670 0.043840 0.024134 -0.702538 -1.017120 0.865809 0.564942 
6.700000 0.042760 0.020606 -0.600497 -1.023380 0.866775 0.563169 
6.733330 0.043573 0.014330 -0.434118 -1.057810 0.868813 0.562760 
6.766670 0.045898 -0.000032 -0.142636 -1.047320 0.868829 0.560672 
6.800000 0.056751 -0.015735 0.135001 -1.091130 0.870905 0.560187 
6.833330 0.070037 -0.029025 0.158443 -1.019600 0.869363 0.558593 
6.866670 0.074394 -0.014450 0.034923 -1.056000 0.871057 0.553491 
6.900000 0.064378 0.006142 0.085648 -1.054570 0.871209 0.552645 
6.933330 0.055362 0.015061 0.284132 -1.048530 0.873776 0.552025 
6.966670 0.055905 0.012294 0.377160 -1.019080 0.874542 0.549459 
7.000000 0.063431 0.016757 0.270495 -1.029860 0.875830 0.548959 
7.033330 0.068179 0.028001 -0.005127 -1.006440 0.876877 0.547413 
7.066670 0.057385 0.036574 -0.324927 -1.008170 0.880284 0.544509 
7.100000 0.039895 0.031298 -0.546681 -1.052250 0.882078 0.545606 
7.133330 0.041138 0.016396 -0.706513 -1.047970 0.883242 0.544658 
7.166670 0.062208 0.006087 -0.792543 -1.066100 0.882887 0.542692 
7.200000 0.084053 -0.001368 -0.606128 -1.127100 0.885890 0.542190 
7.233330 0.087338 -0.016630 -0.194831 -1.117930 0.886779 0.537384 
7.266670 0.076041 -0.021728 0.108698 -1.124420 0.886631 0.534907 
7.300000 0.068374 -0.015810 0.174973 -1.100500 0.887160 0.533354 
7.333330 0.068798 -0.000241 0.132380 -1.126710 0.887926 0.531049 
7.366670 0.065965 0.009210 0.103296 -1.086580 0.889020 0.528192 
7.400000 0.059139 0.017154 0.140268 -1.114440 0.891050 0.527278 
7.433330 0.057889 0.020225 0.143339 -1.100530 0.891869 0.526143 
7.466670 0.062550 0.026712 -0.073818 -1.086990 0.893291 0.523942 
7.500000 0.067434 0.031748 -0.389021 -1.084620 0.895241 0.522977 
7.533330 0.068037 0.031808 -0.507194 -1.142110 0.898113 0.521564 
7.566670 0.069182 0.024731 -0.517751 -1.133510 0.899162 0.519500 
7.600000 0.069637 0.021246 -0.631240 -1.133990 0.900513 0.517869 
7.633330 0.070087 0.015289 -0.666293 -1.188230 0.902544 0.515821 
7.666670 0.073890 -0.003912 -0.446417 -1.199930 0.904372 0.514385 
7.700000 0.075783 -0.017666 -0.195539 -1.212090 0.903688 0.511421 
7.733330 0.067839 -0.015242 -0.096342 -1.194640 0.904026 0.508794 
7.766670 0.058010 -0.000584 0.031401 -1.218190 0.905214 0.505511 
7.800000 0.061748 0.006801 0.298331 -1.218870 0.904937 0.506595 
7.833330 0.075454 0.005471 0.462950 -1.190690 0.907503 0.502988 
7.866670 0.078659 0.007320 0.374495 -1.164380 0.906978 0.500273 
7.900000 0.066883 0.018017 0.208685 -1.179510 0.909765 0.498549 
7.933330 0.057080 0.022606 0.041287 -1.163550 0.909942 0.496187 
7.966670 0.060108 0.021711 -0.290099 -1.168070 0.913053 0.496702 
8.000000 0.066127 0.024405 -0.729539 -1.164760 0.912653 0.494107 
8.033330 0.059902 0.035122 -0.912671 -1.223020 0.915174 0.490552 
8.066670 0.055706 0.030230 -0.723923 -1.256730 0.917445 0.491735 
8.100000 0.068319 0.006666 -0.438094 -1.248910 0.918578 0.489619 
8.133330 0.081920 -0.010902 -0.220218 -1.274050 0.918534 0.486947 
8.166670 0.078244 -0.011789 -0.047775 -1.287600 0.919636 0.483270 
8.200000 0.065342 -0.003146 0.044133 -1.265560 0.919113 0.481006 
8.233330 0.064438 0.005914 0.089800 -1.270730 0.920611 0.480370 
8.266670 0.078204 0.006551 0.174299 -1.284510 0.921035 0.477053 
8.300000 0.089682 -0.000589 0.183334 -1.253510 0.922704 0.475737 
8.333330 0.080442 0.001796 -0.020805 -1.260210 0.922503 0.471204 
8.366670 0.069145 0.005225 -0.179607 -1.256730 0.924808 0.469032 
