0.066667 0.016595 -0.024430 -0.376901 -0.128867 0.689399 0.645718 
0.100000 0.024344 -0.019179 -0.181652 -0.130937 0.691742 0.644779 
0.133333 0.035540 -0.004516 0.121200 -0.127984 0.691812 0.644623 
0.166667 0.039412 0.010675 0.290918 -0.141581 0.693301 0.644209 
0.200000 0.038973 0.013936 0.391132 -0.096114 0.695083 0.645307 
0.233333 0.033051 0.013182 0.466254 -0.114793 0.695770 0.645258 
0.266667 0.020993 0.008146 0.482228 -0.085694 0.696758 0.644856 
0.300000 0.007203 0.001482 0.356064 -0.054596 0.698769 0.646483 
0.333333 0.007791 -0.000420 0.101885 -0.077652 0.696565 0.645370 
0.366667 0.026619 0.006582 -0.218006 -0.048603 0.697937 0.645033 
0.400000 0.045039 0.018313 -0.505061 -0.075147 0.699196 0.646437 
0.433333 0.048316 0.027700 -0.624653 -0.102315 0.701540 0.646395 
0.466667 0.039337 0.032824 -0.564300 -0.111130 0.702379 0.647245 
0.500000 0.024310 0.032021 -0.397491 -0.138422 0.704142 0.648539 
0.533333 0.010843 0.020268 -0.160138 -0.134489 0.704689 0.649316 
0.566667 0.004370 0.001206 0.056932 -0.163814 0.704826 0.649696 
0.600000 0.008561 -0.018653 0.122336 -0.115119 0.704929 0.649604 
0.633333 0.020639 -0.029716 0.070242 -0.153244 0.704850 0.648122 
0.666667 0.030012 -0.028093 0.070337 -0.118237 0.706497 0.647686 
0.700000 0.038672 -0.012144 0.196479 -0.147105 0.706618 0.645331 
0.733333 0.045710 0.003981 0.345460 -0.112366 0.708634 0.646619 
0.766667 0.047230 0.019024 0.313560 -0.117527 0.709607 0.646244 
0.800000 0.037137 0.031612 -0.025087 -0.096523 0.712061 0.646660 
0.833333 0.021015 0.037819 -0.460321 -0.092446 0.713039 0.647415 
0.866667 0.015088 0.032009 -0.566558 -0.142697 0.713158 0.650721 
0.900000 0.027590 0.024335 -0.332239 -0.163543 0.713978 0.649028 
0.933333 0.037642 0.021929 -0.224703 -0.139195 0.713951 0.651117 
0.966667 0.029517 0.017307 -0.440858 -0.159990 0.719290 0.649983 
1.000000 0.023405 0.003385 -0.668637 -0.182792 0.716238 0.653153 
1.033330 0.032458 -0.006417 -0.592221 -0.206185 0.717767 0.649899 
1.066670 0.036588 -0.004588 -0.202410 -0.228968 0.719791 0.651043 
1.100000 0.026794 -0.001989 0.275292 -0.217610 0.721455 0.649557 
1.133330 0.024065 -0.003361 0.558202 -0.213657 0.720833 0.650539 
1.166670 0.034792 -0.003274 0.544125 -0.165741 0.721341 0.650125 
1.200000 0.038913 0.007329 0.380410 -0.176396 0.723964 0.648502 
1.233330 0.028427 0.015067 0.193582 -0.162968 0.725095 0.649572 
1.266670 0.021970 0.011060 0.005892 -0.140113 0.725658 0.651012 
1.300000 0.030328 0.008489 -0.096909 -0.164469 0.725757 0.650098 
1.333330 0.039171 0.016330 -0.146491 -0.174932 0.727132 0.649499 
1.366670 0.034363 0.022175 -0.355085 -0.148470 0.730217 0.651488 
1.400000 0.022224 0.019818 -0.698575 -0.190387 0.729595 0.651112 
1.433330 0.018366 0.012262 -0.877347 -0.210457 0.730632 0.652309 
1.466670 0.021315 0.009611 -0.728982 -0.244941 0.731818 0.651622 
1.500000 0.024094 0.012201 -0.399226 -0.273066 0.731666 0.652330 
1.533330 0.025740 0.011236 -0.124851 -0.258561 0.733832 0.651903 
1.566670 0.032366 0.000128 0.064018 -0.270706 0.734166 0.652562 
1.600000 0.047370 -0.017522 0.249685 -0.273058 0.734768 0.652392 
1.633330 0.056045 -0.025777 0.358462 -0.254027 0.736957 0.650390 
1.666670 0.045747 -0.014557 0.342444 -0.229774 0.738576 0.648463 
1.700000 0.028312 0.008367 0.341760 -0.238632 0.740321 0.649182 
1.733330 0.024929 0.025476 0.340425 -0.230324 0.739684 0.648732 
1.766670 0.038589 0.029964 0.126414 -0.193250 0.741695 0.650853 
1.800000 0.048469 0.028360 -0.255058 -0.209497 0.743094 0.650405 
1.833330 0.044655 0.024093 -0.537057 -0.233984 0.745653 0.651033 
1.866670 0.036337 0.017434 -0.638985 -0.239257 0.746674 0.652104 
1.900000 0.035651 0.013237 -0.645485 -0.274968 0.747669 0.651370 
1.933330 0.041805 0.010201 -0.586862 -0.281498 0.748741 0.651895 
1.966670 0.040601 0.008972 -0.448802 -0.313778 0.750814 0.652186 
2.000000 0.029236 0.007168 -0.259033 -0.318611 0.752407 0.650733 
2.033330 0.022244 0.002881 -0.045234 -0.318402 0.752370 0.651585 
2.066670 0.030580 -0.005060 0.188141 -0.330635 0.753402 0.652238 
2.100000 0.044966 -0.013121 0.365039 -0.311424 0.754015 0.649314 
2.133330 0.050517 -0.016852 0.398741 -0.290447 0.756344 0.650626 
2.166670 0.044712 -0.011473 0.310212 -0.294192 0.757416 0.647946 
2.200000 0.034903 0.001822 0.134390 -0.270790 0.758555 0.647832 
2.233330 0.029354 0.016240 -0.123802 -0.279898 0.759457 0.647730 
2.266670 0.031680 0.024013 -0.398360 -0.280144 0.761208 0.649241 
2.300000 0.041420 0.033734 -0.579570 -0.306120 0.761800 0.648395 
2.333330 0.052791 0.045172 -0.639352 -0.323249 0.763633 0.649587 
2.366670 0.053917 0.045105 -0.670048 -0.352951 0.766702 0.650757 
2.400000 0.044489 0.026850 -0.661093 -0.352750 0.768738 0.651769 
2.433330 0.033577 0.009063 -0.343746 -0.389664 0.769962 0.651068 
2.466670 0.034327 0.001192 0.294412 -0.412438 0.770510 0.651002 
2.500000 0.045524 -0.007053 0.592587 -0.384285 0.771559 0.649972 
2.533330 0.052980 -0.026177 0.163004 -0.300587 0.773720 0.650530 
2.566670 0.052268 -0.028272 -0.276532 -0.372475 0.774946 0.647827 
2.600000 0.042490 -0.006589 -0.049682 -0.399166 0.775997 0.645410 
2.633330 0.036049 0.022244 0.410972 -0.346080 0.776838 0.646334 
2.666670 0.031941 0.030309 0.432215 -0.350891 0.778385 0.647069 
2.700000 0.024369 0.009655 0.023417 -0.316956 0.780909 0.648056 
2.733330 0.019622 -0.006357 -0.405760 -0.351614 0.780572 0.647407 
2.766670 0.027833 0.002431 -0.594653 -0.354524 0.779904 0.645409 
2.800000 0.038552 0.025596 -0.588566 -0.393216 0.782614 0.647437 
2.833330 0.040870 0.038341 -0.538023 -0.386803 0.784314 0.646817 
2.866670 0.036346 0.035513 -0.484853 -0.425427 0.785432 0.647620 
2.900000 0.037484 0.016791 -0.415023 -0.430579 0.787596 0.649078 
2.933330 0.042286 -0.002023 -0.336017 -0.441185 0.788165 0.648200 
2.966670 0.045015 -0.007954 -0.220265 -0.458126 0.789770 0.645907 
3.000000 0.045013 -0.006022 0.000670 -0.455781 0.790974 0.647093 
3.033330 0.045415 -0.003782 0.337613 -0.453643 0.792203 0.644827 
3.066670 0.046708 -0.004591 0.605111 -0.456471 0.793240 0.644439 
3.100000 0.048651 -0.011271 0.563223 -0.389313 0.795574 0.644367 
3.133330 0.054161 -0.006137 0.255991 -0.406879 0.795580 0.642241 
3.166670 0.060277 0.016364 -0.155242 -0.408629 0.798560 0.642323 
3.200000 0.060883 0.044226 -0.618021 -0.389152 0.799250 0.640975 
3.233330 0.047862 0.054351 -0.921259 -0.442246 0.803801 0.643248 
3.266670 0.034242 0.034413 -0.842137 -0.477782 0.805062 0.645164 
3.300000 0.030671 0.012665 -0.600712 -0.507591 0.805583 0.643391 
3.333330 0.039466 0.003660 -0.478266 -0.481204 0.807062 0.643128 
3.366670 0.054973 0.000523 -0.313526 -0.543314 0.808122 0.643913 
3.400000 0.064419 -0.010218 0.042299 -0.536028 0.810018 0.641800 
3.433330 0.058448 -0.012828 0.337310 -0.521568 0.812628 0.640275 
3.466670 0.048725 0.000174 0.400885 -0.502495 0.812601 0.638612 
3.500000 0.048193 0.012905 0.426704 -0.493645 0.813988 0.638537 
3.533330 0.050456 0.010417 0.489398 -0.500080 0.817087 0.639551 
3.566670 0.047016 0.001779 0.299171 -0.456038 0.817864 0.637174 
3.600000 0.040985 0.006475 -0.228341 -0.447256 0.818862 0.636796 
3.633330 0.038626 0.015800 -0.652622 -0.481029 0.820643 0.637084 
3.666670 0.040432 0.016910 -0.651701 -0.517576 0.822085 0.637053 
3.700000 0.042905 0.013834 -0.493543 -0.523254 0.823042 0.636801 
3.733330 0.043088 0.017366 -0.534068 -0.528798 0.825647 0.635801 
3.766670 0.044151 0.027391 -0.674553 -0.556302 0.825641 0.636326 
3.800000 0.049844 0.031895 -0.582991 -0.582885 0.828760 0.635862 
3.833330 0.059596 0.023049 -0.186719 -0.605619 0.830378 0.636547 
3.866670 0.068336 0.004955 0.251465 -0.592110 0.832399 0.635407 
3.900000 0.067524 -0.006572 0.431342 -0.584830 0.834396 0.633696 
3.933330 0.059487 -0.007565 0.319025 -0.556635 0.836494 0.632076 
3.966670 0.055411 -0.002081 0.183205 -0.553516 0.836791 0.631329 
4.000000 0.056515 -0.000566 0.221534 -0.572241 0.839188 0.630539 
4.033330 0.056143 -0.004989 0.221592 -0.535946 0.841051 0.629345 
4.066670 0.055200 0.003822 -0.118820 -0.546931 0.842178 0.628236 
4.100000 0.055796 0.021877 -0.650228 -0.523259 0.842863 0.626682 
4.133330 0.047363 0.040098 -0.943217 -0.611447 0.846839 0.628551 
4.166670 0.035522 0.038814 -0.885791 -0.602950 0.848135 0.627058 
4.200000 0.026641 0.032522 -0.679505 -0.644507 0.849350 0.628930 
4.233330 0.030224 0.024496 -0.444255 -0.661405 0.850593 0.628321 
4.266670 0.040253 0.010797 -0.181349 -0.668677 0.851929 0.628191 
4.300000 0.047964 -0.010730 0.097329 -0.674470 0.853495 0.628132 
4.333330 0.048415 -0.027479 0.316221 -0.666412 0.854336 0.625731 
4.366670 0.045798 -0.022031 0.353263 -0.654307 0.854750 0.623788 
4.400000 0.051017 0.000305 0.246483 -0.626577 0.855059 0.622349 
4.433330 0.064729 0.020286 0.222408 -0.641618 0.857786 0.622533 
4.466670 0.070555 0.022665 0.301940 -0.641843 0.859004 0.621742 
4.500000 0.058059 0.010872 0.249535 -0.592316 0.863656 0.619640 
4.533330 0.039568 0.005330 -0.011455 -0.624221 0.862965 0.620183 
4.566670 0.033195 0.008541 -0.371262 -0.610229 0.864193 0.619583 
4.600000 0.035428 0.022620 -0.706642 -0.628500 0.865827 0.618077 
4.633330 0.040872 0.033206 -0.857280 -0.666164 0.867092 0.619294 
4.666670 0.052361 0.029830 -0.776861 -0.696327 0.869249 0.619432 
4.700000 0.066886 0.018934 -0.620745 -0.713626 0.871400 0.618138 
4.733330 0.076530 0.009494 -0.465916 -0.723543 0.872793 0.617188 
4.766670 0.078403 0.002769 -0.232374 -0.756286 0.876074 0.614956 
4.800000 0.075072 -0.005932 0.085071 -0.746106 0.876937 0.614458 
4.833330 0.069190 -0.004386 0.413203 -0.731153 0.879349 0.611107 
4.866670 0.063049 0.011510 0.645601 -0.740280 0.879745 0.610302 
4.900000 0.058311 0.023684 0.568002 -0.686145 0.882827 0.609619 
4.933330 0.053798 0.026880 0.125329 -0.676894 0.884500 0.608710 
4.966670 0.053497 0.021480 -0.369792 -0.686737 0.886638 0.609146 
5.000000 0.058621 0.019352 -0.631249 -0.717572 0.887909 0.607971 
5.033330 0.063475 0.021791 -0.690931 -0.721522 0.890009 0.606480 
5.066670 0.060749 0.023265 -0.702776 -0.762123 0.892373 0.606631 
5.100000 0.052324 0.013749 -0.755017 -0.773757 0.894383 0.605315 
5.133330 0.044752 0.000963 -0.774878 -0.796747 0.895542 0.604245 
5.166670 0.051209 -0.009093 -0.542315 -0.830056 0.896197 0.602990 
5.200000 0.074668 -0.009977 -0.023152 -0.852603 0.897599 0.602533 
5.233330 0.094814 0.001781 0.460507 -0.826129 0.898078 0.598915 
5.266670 0.090848 0.022020 0.621975 -0.807432 0.902029 0.596045 
5.300000 0.069461 0.029424 0.514318 -0.783415 0.904755 0.595915 
5.333330 0.054009 0.020958 0.286694 -0.786278 0.906294 0.595395 
5.366670 0.055808 0.008863 -0.040007 -0.760173 0.907810 0.594429 
5.400000 0.066804 0.008056 -0.411494 -0.777258 0.909098 0.592261 
5.433330 0.078289 0.013347 -0.685839 -0.800115 0.911663 0.592089 
5.466670 0.080972 0.021936 -0.821194 -0.825442 0.913437 0.589852 
5.500000 0.067955 0.032013 -0.833402 -0.844366 0.916182 0.588026 
5.533330 0.046498 0.034816 -0.685023 -0.882994 0.918281 0.587418 
5.566670 0.038078 0.021612 -0.459090 -0.909142 0.920416 0.588195 
5.600000 0.050464 0.002880 -0.307233 -0.892721 0.920568 0.586708 
5.633330 0.068610 -0.003697 -0.118385 -0.916723 0.921967 0.585307 
5.666670 0.075540 0.000506 0.257901 -0.935769 0.923709 0.582575 
5.700000 0.070102 0.004192 0.594755 -0.891004 0.925277 0.581032 
5.733330 0.063226 0.010530 0.584937 -0.881905 0.926559 0.579378 
5.766670 0.060988 0.013105 0.279166 -0.851753 0.928539 0.578482 
5.800000 0.057572 0.013935 -0.061853 -0.863459 0.929457 0.576919 
5.833330 0.050780 0.012349 -0.327162 -0.872417 0.932614 0.575833 
5.866670 0.049166 0.015492 -0.539741 -0.869413 0.932516 0.575011 
5.900000 0.057182 0.025897 -0.633776 -0.904158 0.933632 0.573853 
5.933330 0.065485 0.029792 -0.600939 -0.935907 0.937274 0.573395 
5.966670 0.062955 0.020699 -0.616683 -0.932813 0.938467 0.571911 
6.000000 0.050194 0.010362 -0.653895 -0.953326 0.940451 0.569684 
6.033330 0.042862 0.002125 -0.430858 -0.997826 0.940930 0.569797 
6.066670 0.049176 -0.004382 0.018449 -0.998411 0.942159 0.568431 
6.100000 0.059438 -0.002184 0.278508 -0.983689 0.942190 0.566582 
6.133330 0.063347 0.007069 0.200176 -0.962148 0.944075 0.564098 
6.166670 0.061650 0.013755 0.112171 -0.967974 0.945353 0.563862 
6.200000 0.060591 0.010734 0.222339 -0.991523 0.947205 0.561539 
6.233330 0.063133 -0.000513 0.319477 -0.932740 0.948503 0.560625 
6.266670 0.062153 0.003134 0.217984 -0.958284 0.948952 0.559121 
6.300000 0.053061 0.016285 -0.035473 -0.937509 0.951200 0.555661 
6.333330 0.046050 0.032287 -0.345379 -0.944614 0.952423 0.556925 
6.366670 0.052764 0.039180 -0.585182 -0.965518 0.953987 0.555907 
6.400000 0.067467 0.035131 -0.636747 -0.987152 0.956887 0.555106 
6.433330 0.078250 0.023575 -0.546403 -1.010480 0.958678 0.552853 
6.466670 0.078619 0.010002 -0.490139 -1.027250 0.960760 0.552367 
6.500000 0.064523 0.001718 -0.501477 -1.024690 0.962233 0.548447 
6.533330 0.045627 0.003017 -0.385985 -1.064300 0.962858 0.547178 
6.566670 0.042430 0.002998 -0.087866 -1.074520 0.963898 0.547196 
6.600000 0.054969 0.003327 0.170917 -1.054910 0.964421 0.546160 
6.633330 0.063198 0.010237 0.276340 -1.049580 0.965472 0.542522 
6.666670 0.062245 0.014629 0.320361 -1.056240 0.967109 0.541939 
6.700000 0.065261 0.005064 0.344438 -1.018260 0.969637 0.541028 
6.733330 0.070319 -0.000653 0.303418 -1.036370 0.968603 0.538921 
6.766670 0.063456 0.000671 0.154768 -1.001000 0.971395 0.535518 
6.800000 0.046832 0.013344 -0.079445 -1.015430 0.972713 0.535235 
6.833330 0.040151 0.028809 -0.311329 -1.013400 0.972584 0.534021 
6.866670 0.050396 0.041294 -0.514949 -1.040930 0.975164 0.533720 
6.900000 0.067709 0.037401 -0.701823 -1.040370 0.977458 0.533331 
6.933330 0.075932 0.023537 -0.765326 -1.079530 0.979847 0.530611 
6.966670 0.075010 0.010594 -0.641856 -1.113450 0.981451 0.529135 
7.000000 0.067662 0.004359 -0.491616 -1.117510 0.981633 0.527141 
7.033330 0.055118 0.003046 -0.414607 -1.125990 0.984138 0.524409 
7.066670 0.044076 0.002067 -0.270419 -1.159850 0.983941 0.524205 
7.100000 0.043540 -0.001637 0.047206 -1.145800 0.984765 0.521978 
7.133330 0.053111 -0.004568 0.426804 -1.154880 0.985052 0.521553 
7.166670 0.065150 -0.008227 0.634926 -1.127210 0.986331 0.518876 
7.200000 0.075525 -0.005057 0.549404 -1.091440 0.986486 0.516767 
7.233330 0.082865 0.012466 0.295035 -1.095130 0.987536 0.514751 
7.266670 0.083619 0.036558 0.007434 -1.084130 0.990503 0.512171 
7.300000 0.077828 0.058362 -0.347287 -1.090410 0.991717 0.510084 
7.333330 0.071423 0.058929 -0.711139 -1.093750 0.996225 0.510181 
7.366670 0.064458 0.035115 -0.834735 -1.141330 0.998418 0.507929 
7.400000 0.061060 0.001368 -0.692758 -1.174980 1.000170 0.506970 
7.433330 0.059214 -0.015376 -0.582298 -1.175390 0.999873 0.504512 
7.466670 0.058742 -0.005619 -0.554401 -1.184590 0.999527 0.502091 
7.500000 0.060810 0.013668 -0.305830 -1.236550 1.001440 0.500893 
7.533330 0.066082 0.016900 0.177126 -1.221030 1.002380 0.499509 
7.566670 0.069874 0.005702 0.489392 -1.213010 1.003520 0.496243 
7.600000 0.068792 -0.012272 0.432451 -1.171300 1.005080 0.495748 
7.633330 0.063631 -0.012437 0.264362 -1.185320 1.004570 0.492098 
7.666670 0.058658 0.006971 0.232355 -1.173840 1.004780 0.489910 
7.700000 0.061029 0.031107 0.232864 -1.165470 1.006480 0.489788 
7.733330 0.068526 0.042135 0.062486 -1.151490 1.009250 0.487492 
7.766670 0.073345 0.042809 -0.242147 -1.157090 1.010810 0.485958 
7.800000 0.077243 0.037062 -0.454670 -1.165520 1.013240 0.484120 
7.833330 0.081248 0.028802 -0.511386 -1.207460 1.015740 0.482823 
7.866670 0.081055 0.015672 -0.607770 -1.194400 1.016600 0.479782 
7.900000 0.068479 0.009885 -0.770072 -1.222670 1.018730 0.477532 
7.933330 0.052797 0.007447 -0.678259 -1.259120 1.018960 0.475384 
7.966670 0.045815 0.007269 -0.183930 -1.283570 1.020170 0.475192 
8.000000 0.046563 0.008604 0.320026 -1.275130 1.020090 0.472996 
8.033330 0.052262 0.004432 0.325727 -1.253760 1.021210 0.470534 
8.066670 0.064663 -0.009111 -0.062995 -1.216000 1.022770 0.471597 
8.100000 0.076943 -0.009678 -0.237971 -1.281700 1.021730 0.466908 
8.133330 0.077444 -0.002747 -0.020185 -1.271170 1.022250 0.463802 
8.166670 0.074526 0.004447 0.219111 -1.244110 1.024430 0.463458 
8.200000 0.075307 0.013281 0.323437 -1.250370 1.024330 0.459683 
8.233330 0.072431 0.026947 0.341073 -1.248640 1.025800 0.458668 
8.266670 0.062063 0.034731 0.084032 -1.228090 1.027350 0.454564 
8.300000 0.052585 0.026701 -0.492285 -1.205110 1.030800 0.456455 
8.333330 0.050562 0.021351 -0.960074 -1.277650 1.030560 0.452517 
8.366670 0.056430 0.024881 -1.003712 -1.288830 1.030940 0.452710 
8.400000 0.060296 0.028311 -0.813707 -1.342850 1.033730 0.449763 
8.433330 0.067476 0.009878 -0.615970 -1.322750 1.035340 0.448746 
8.466670 0.080405 -0.006652 -0.340202 -1.387420 1.034720 0.446360 
8.500000 0.091172 -0.013289 0.036035 -1.368870 1.035570 0.443536 
8.533330 0.086187 -0.002641 0.294744 -1.364070 1.034720 0.439625 
8.566670 0.068069 0.004740 0.274830 -1.355820 1.036270 0.437059 
8.600000 0.057678 0.003581 0.191430 -1.334150 1.037490 0.436157 
