0.7 0.00397155 0.00106182 -0.0169082 -0.752234 
0.733333 0.00428231 0.00126465 -0.0153384 -0.758883 
0.766667 0.00453917 0.00145596 -0.0130896 -0.761087 
0.8 0.00456332 0.00179609 -0.00918844 -0.75983 
0.833333 0.00486779 0.00165122 -0.0135353 -0.768114 
0.866667 0.00477464 0.00173798 -0.0169115 -0.776669 
0.9 0.00478968 0.0017814 -0.0213038 -0.787431 
0.933333 0.00485213 0.00167837 -0.0267625 -0.801024 
0.966667 0.00482754 0.00169252 -0.0279398 -0.811352 
1 0.0049147 0.00171206 -0.025639 -0.817955 
1.03333 0.00486517 0.0017996 -0.0213867 -0.821483 
1.06667 0.00495976 0.00200593 -0.0163086 -0.822615 
1.1 0.005077 0.0019748 -0.0141535 -0.82551 
1.13333 0.00513699 0.00200524 -0.0110111 -0.826519 
1.16667 0.00513093 0.00234348 -0.00412689 -0.822062 
1.2 0.00516604 0.00239879 -0.000423623 -0.819066 
1.23333 0.00536802 0.00245391 -0.00152175 -0.820504 
1.26667 0.00547997 0.00277227 -0.00074057 -0.820089 
1.3 0.00568438 0.00278517 -0.00708591 -0.827826 
1.33333 0.00551883 0.00283263 -0.0123739 -0.83643 
1.36667 0.00551675 0.0025591 -0.0200416 -0.849606 
1.4 0.00568761 0.00255492 -0.0221272 -0.858749 
1.43333 0.00568801 0.0026015 -0.021462 -0.865339 
1.46667 0.00583906 0.00251692 -0.0205806 -0.871453 
1.5 0.00590503 0.00241944 -0.0200655 -0.877705 
1.53333 0.00610188 0.00222993 -0.0201532 -0.884497 
1.56667 0.00611659 0.00233604 -0.0140696 -0.884033 
1.6 0.00625365 0.00236968 -0.0109971 -0.885096 
1.63333 0.00622757 0.00258437 -0.0068478 -0.883864 
1.66667 0.00618931 0.00289878 -0.00631563 -0.885518 
1.7 0.00629451 0.0030936 -0.00776961 -0.88934 
1.73333 0.00632594 0.00311933 -0.0124958 -0.897509 
1.76667 0.00635923 0.00317174 -0.0190677 -0.909432 
1.8 0.00632079 0.00307998 -0.0260902 -0.924078 
1.83333 0.00636765 0.00302577 -0.0316093 -0.939289 
1.86667 0.00625498 0.002911 -0.0360002 -0.955009 
1.9 0.00620838 0.00277264 -0.0340193 -0.964671 
1.93333 0.00611743 0.00259198 -0.035895 -0.978225 
1.96667 0.00626896 0.0025423 -0.0335981 -0.987478 
2 0.00635991 0.00219813 -0.0343157 -0.999525 
2.03333 0.00634468 0.00232128 -0.0272947 -1.00268 
2.06667 0.00664758 0.00246172 -0.021569 -1.00501 
2.1 0.00669202 0.00278453 -0.0164913 -1.00621 
2.13333 0.00686511 0.00292208 -0.015473 -1.01051 
2.16667 0.00707246 0.003056 -0.0149696 -1.01507 
2.2 0.00698278 0.00313998 -0.0194453 -1.02534 
2.23333 0.00700605 0.003225 -0.0252739 -1.0387 
2.26667 0.00691107 0.00318354 -0.0341642 -1.05762 
2.3 0.00684874 0.00315314 -0.0402275 -1.07617 
2.33333 0.00684001 0.00310885 -0.0433535 -1.09327 
2.36667 0.00688159 0.00301181 -0.043939 -1.10841 
2.4 0.00698612 0.00280721 -0.0411998 -1.11982 
2.43333 0.00726317 0.00263579 -0.0377257 -1.12946 
2.46667 0.00729967 0.00267675 -0.0313752 -1.13453 
2.5 0.00753466 0.00258879 -0.0278808 -1.14087 
2.53333 0.00764934 0.002618 -0.0246116 -1.1463 
2.56667 0.00788772 0.0027634 -0.0228622 -1.15244 
2.6 0.00800091 0.00293012 -0.0226109 -1.15977 
2.63333 0.00813848 0.00298801 -0.0263771 -1.17175 
2.66667 0.00830319 0.00315875 -0.0303622 -1.18524 
2.7 0.00817654 0.00321951 -0.0348325 -1.20064 
2.73333 0.00806402 0.00348634 -0.038135 -1.21615 
2.76667 0.00807362 0.00344566 -0.0411229 -1.23239 
2.8 0.0079265 0.00343063 -0.0424083 -1.24762 
2.83333 0.00786078 0.00327475 -0.0435202 -1.26306 
2.86667 0.00799278 0.00312959 -0.0434374 -1.27747 
2.9 0.00831416 0.00303103 -0.04358 -1.29212 
2.93333 0.00842457 0.00286581 -0.0419264 -1.3047 
2.96667 0.00844185 0.00280248 -0.0379843 -1.31402 
3 0.00865872 0.00290243 -0.0305047 -1.31785 
3.03333 0.00876047 0.00301295 -0.0285999 -1.32577 
3.06667 0.00885496 0.00313466 -0.0295669 -1.33644 
3.1 0.00890847 0.00323673 -0.0313804 -1.34844 
3.13333 0.008724 0.00331792 -0.0357092 -1.36401 
3.16667 0.0084865 0.0035863 -0.0377694 -1.37835 
3.2 0.00859653 0.00351319 -0.0453448 -1.39988 
3.23333 0.00849136 0.0035722 -0.0475547 -1.4176 
3.26667 0.0084996 0.00346087 -0.0491197 -1.4353 
3.3 0.00845713 0.00339855 -0.0462675 -1.44831 
3.33333 0.00865331 0.00318801 -0.0449448 -1.46217 
3.36667 0.00878062 0.0030055 -0.0441657 -1.47623 
3.4 0.00896878 0.00294476 -0.0385805 -1.48436 
3.43333 0.00912091 0.00288961 -0.0352183 -1.49325 
3.46667 0.00915373 0.00292637 -0.0294664 -1.4982 
3.5 0.00925159 0.00291387 -0.0301248 -1.5088 
3.53333 0.00914404 0.00295538 -0.0317813 -1.5208 
3.56667 0.00905504 0.00315061 -0.0329415 -1.53276 
3.6 0.00893542 0.00323796 -0.04022 -1.55233 
3.63333 0.00881331 0.00336227 -0.0446145 -1.57093 
3.66667 0.00875692 0.00345368 -0.0481432 -1.58996 
3.7 0.00875377 0.00342199 -0.0517818 -1.61031 
3.73333 0.00874315 0.00337408 -0.0543272 -1.63057 
3.76667 0.00875647 0.00323598 -0.0538222 -1.64808 
3.8 0.00873641 0.00308999 -0.05023 -1.66178 
3.83333 0.00880124 0.00292498 -0.0468035 -1.67448 
3.86667 0.00907095 0.00299414 -0.0416189 -1.68396 
3.9 0.00929858 0.00280261 -0.0415657 -1.69777 
3.93333 0.0092725 0.0029073 -0.0391449 -1.70877 
3.96667 0.00933242 0.00296346 -0.0381775 -1.72068 
4 0.00946803 0.0031388 -0.0380649 -1.73327 
4.03333 0.00951769 0.00315998 -0.0457933 -1.75508 
4.06667 0.00942742 0.00336839 -0.0480325 -1.77299 
4.1 0.00924505 0.00358738 -0.0513843 -1.79296 
4.13333 0.00905232 0.0035706 -0.0573097 -1.81708 
4.16667 0.00901143 0.00355235 -0.0581877 -1.83722 
4.2 0.00899201 0.003409 -0.0595817 -1.85826 
4.23333 0.00892811 0.003365 -0.0571488 -1.87525 
4.26667 0.00915452 0.00327668 -0.0545702 -1.89126 
4.3 0.00931089 0.00310789 -0.053903 -1.90866 
4.33333 0.00934011 0.00314495 -0.0465644 -1.91796 
4.36667 0.00934068 0.00314812 -0.0409502 -1.92686 
4.4 0.00932903 0.00326673 -0.0386726 -1.93782 
4.43333 0.00932209 0.00343155 -0.0363907 -1.94802 
4.46667 0.00939713 0.0035041 -0.0357897 -1.95944 
4.5 0.00929457 0.00367885 -0.0400911 -1.97644 
4.53333 0.00939265 0.00384685 -0.0435783 -1.99392 
4.56667 0.009363 0.00400807 -0.0482305 -2.01394 
4.6 0.00928345 0.00398543 -0.0524098 -2.03495 
4.63333 0.0091219 0.00400941 -0.0540581 -2.05437 
4.66667 0.00904628 0.00386534 -0.0532142 -2.07139 
4.7 0.0092047 0.00377676 -0.0524406 -2.08822 
4.73333 0.00910338 0.00368549 -0.0490803 -2.10173 
4.76667 0.00906037 0.00361788 -0.0432992 -2.11126 
4.8 0.00913307 0.00352385 -0.0396057 -2.12134 
4.83333 0.00926183 0.00353102 -0.0348817 -2.12896 
4.86667 0.00949868 0.00363803 -0.0327089 -2.13803 
4.9 0.00952681 0.00381602 -0.0337909 -2.15021 
4.93333 0.00949976 0.00401338 -0.0361199 -2.16422 
4.96667 0.00958996 0.00416641 -0.0400606 -2.18091 
5 0.00961156 0.00425224 -0.0455976 -2.2008 
5.03333 0.00948811 0.00433018 -0.0501292 -2.22135 
5.06667 0.00945438 0.00420415 -0.0555159 -2.24442 
5.1 0.00949109 0.00410398 -0.0567187 -2.26434 
5.13333 0.00944894 0.00399979 -0.0548114 -2.281 
5.16667 0.00949562 0.00385884 -0.0535595 -2.29779 
5.2 0.00938625 0.00378852 -0.0516536 -2.31339 
5.23333 0.00951469 0.00374323 -0.0443264 -2.32196 
5.26667 0.00947477 0.00364018 -0.0410273 -2.33284 
5.3 0.00947081 0.00369058 -0.036666 -2.34137 
5.33333 0.00947681 0.00375468 -0.0361501 -2.35298 
5.36667 0.00952183 0.00385114 -0.0346638 -2.36328 
5.4 0.00957487 0.00396117 -0.0365823 -2.3771 
5.43333 0.00941914 0.00404369 -0.0397784 -2.39306 
5.46667 0.00931535 0.00405096 -0.0457412 -2.41336 
5.5 0.00916921 0.00414445 -0.0493609 -2.43288 
5.53333 0.00904142 0.00421586 -0.0529928 -2.45362 
5.56667 0.00907088 0.0040565 -0.0574062 -2.4765 
5.6 0.00891123 0.00394433 -0.0551525 -2.49297 
5.63333 0.0089464 0.00383567 -0.0518039 -2.5074 
5.66667 0.00904184 0.00370755 -0.0481769 -2.52039 
5.7 0.00904216 0.00363937 -0.0443337 -2.53191 
5.73333 0.00907684 0.00367705 -0.0375477 -2.53868 
5.76667 0.0092336 0.00372376 -0.0332307 -2.5461 
5.8 0.00914186 0.00390399 -0.0307478 -2.55425 
5.83333 0.00903535 0.00403884 -0.0317285 -2.56565 
5.86667 0.00903977 0.00414865 -0.0357954 -2.58103 
5.9 0.00901021 0.00419625 -0.0376102 -2.5951 
5.93333 0.00897496 0.00425542 -0.0419553 -2.61277 
5.96667 0.00895569 0.0042487 -0.0481642 -2.63408 
6 0.00896975 0.00424169 -0.051689 -2.6543 
6.03333 0.00900531 0.00411676 -0.0540276 -2.67429 
6.06667 0.0090273 0.00397973 -0.0533097 -2.69145 
