0.226 20 50 
0.303 20 50 
0.413 20 50 
0.491 20 50 
0.569 20 50 
0.646 20 50 
0.725 20 50 
0.819 20 50 
0.927 20 50 
0.99 20 50 
1.053 20 50 
1.132 20 50 
1.225 20 50 
1.319 20 50 
1.396 20 50 
1.476 20 50 
1.554 20 50 
1.632 20 50 
1.726 20 50 
1.788 20 50 
1.85 20 50 
1.913 20 50 
1.976 20 50 
2.054 20 50 
2.131 20 50 
2.225 20 50 
2.319 20 50 
2.413 20 50 
2.475 20 50 
2.553 20 50 
2.615 20 50 
2.678 20 50 
2.741 20 50 
2.819 20 50 
2.912 20 50 
2.991 20 50 
3.054 20 50 
3.116 20 50 
3.179 20 50 
3.273 20 50 
3.35 20 50 
3.428 20 50 
3.523 20 50 
3.648 20 50 
3.726 20 50 
3.787 20 50 
3.881 20 50 
3.975 20 50 
4.039 20 50 
4.13 20 50 
4.224 20 50 
4.318 20 50 
4.381 20 50 
4.443 20 50 
4.553 20 50 
4.615 20 50 
4.679 20 50 
4.741 20 50 
4.818 20 50 
4.928 20 50 
4.991 20 50 
5.068 20 50 
5.147 20 50 
5.209 20 50 
5.273 20 50 
5.35 20 50 
5.444 20 50 
5.507 20 50 
5.585 20 50 
5.678 20 50 
5.757 20 50 
5.819 20 50 
5.88 20 50 
5.943 20 50 
6.022 20 50 
6.115 20 50 
6.193 20 50 
6.287 20 50 
6.366 20 50 
6.474 20 50 
6.554 20 50 
6.646 20 50 
6.709 20 50 
6.788 20 50 
6.882 20 50 
6.96 20 50 
7.037 20 50 
7.115 20 50 
7.179 20 50 
7.241 20 50 
7.319 20 50 
7.397 20 50 
7.476 20 50 
7.553 20 50 
7.616 20 50 
7.756 20 50 
7.818 20 50 
7.913 20 50 
7.99 20 50 
8.069 20 50 
8.146 20 50 
8.209 20 50 
8.287 20 50 
8.35 20 50 
8.412 20 50 
8.49 20 50 
8.569 20 50 
8.663 20 50 
8.741 20 50 
8.82 20 50 
8.929 20 50 
8.991 20 50 
9.069 20 50 
9.147 20 50 
9.21 20 50 
9.272 20 50 
9.35 20 50 
9.413 20 50 
9.474 20 50 
9.537 20 50 
9.599 20 50 
9.662 20 50 
9.866 20 50 
9.944 20 50 
10.006 20 50 
10.069 20 50 
10.147 20 50 
10.21 20 50 
10.273 20 50 
10.35 20 50 
10.428 20 50 
10.523 20 50 
10.584 20 50 
10.647 20 50 
10.725 20 50 
10.819 20 50 
10.928 20 50 
11.023 20 50 
11.131 20 50 
11.209 20 50 
11.272 20 50 
11.35 20 50 
11.428 20 50 
11.521 20 50 
11.616 20 50 
11.725 20 50 
11.787 20 50 
11.851 20 50 
11.913 20 50 
11.976 20 50 
12.038 20 50 
12.131 20 50 
12.226 20 50 
12.319 20 50 
12.381 20 50 
12.46 20 50 
12.538 20 50 
12.631 20 50 
12.709 20 50 
12.788 20 50 
12.881 20 50 
12.944 20 50 
13.021 20 50 
13.1 20 50 
13.177 20 50 
13.241 20 50 
13.319 20 50 
13.396 20 50 
13.474 20 50 
13.538 20 50 
13.616 20 50 
13.678 20 50 
13.756 20 50 
13.834 20 50 
13.912 20 50 
13.976 20 50 
14.054 20 50 
14.147 20 50 
14.209 20 50 
14.288 20 50 
14.382 20 50 
14.444 20 50 
14.538 20 50 
14.616 20 50 
14.677 20 50 
14.755 20 50 
14.849 20 50 
