0.322 20 50 
0.415 20 50 
0.51 20 50 
0.602 20 50 
0.711 20 50 
0.805 20 50 
0.883 20 50 
1.008 20 50 
1.086 20 50 
1.15 20 50 
1.228 20 50 
1.306 20 50 
1.4 20 50 
1.494 20 50 
1.555 20 50 
1.618 20 50 
1.68 20 50 
1.774 20 50 
1.852 20 50 
1.915 20 50 
1.993 20 50 
2.119 20 50 
2.228 20 50 
2.321 20 50 
2.385 20 50 
2.445 20 50 
2.555 20 50 
2.633 20 50 
2.728 20 50 
2.789 20 50 
2.853 20 50 
2.946 20 50 
3.025 20 50 
3.087 20 50 
3.181 20 50 
3.243 20 50 
3.336 20 50 
3.43 20 50 
3.524 20 50 
3.587 20 50 
3.65 20 50 
3.727 20 50 
3.791 20 50 
3.899 20 50 
3.994 20 50 
4.055 20 50 
4.135 20 50 
4.196 20 50 
4.259 20 50 
4.352 20 50 
4.414 20 50 
4.477 20 50 
4.556 20 50 
4.633 20 50 
4.728 20 50 
4.789 20 50 
4.853 20 50 
4.931 20 50 
4.994 20 50 
5.056 20 50 
5.118 20 50 
5.197 20 50 
5.291 20 50 
5.369 20 50 
5.431 20 50 
5.525 20 50 
5.588 20 50 
5.665 20 50 
5.743 20 50 
5.822 20 50 
5.885 20 50 
5.977 20 50 
6.039 20 50 
6.134 20 50 
6.211 20 50 
6.29 20 50 
6.384 20 50 
6.445 20 50 
6.539 20 50 
6.633 20 50 
6.711 20 50 
6.789 20 50 
6.853 20 50 
6.931 20 50 
7.008 20 50 
7.119 20 50 
7.196 20 50 
7.291 20 50 
7.368 20 50 
7.431 20 50 
7.524 20 50 
7.587 20 50 
7.648 20 50 
7.727 20 50 
7.789 20 50 
7.853 20 50 
7.931 20 50 
8.024 20 50 
8.117 20 50 
8.211 20 50 
8.29 20 50 
8.352 20 50 
8.415 20 50 
8.494 20 50 
8.555 20 50 
8.634 20 50 
8.744 20 50 
8.822 20 50 
8.93 20 50 
8.993 20 50 
9.056 20 50 
9.119 20 50 
9.181 20 50 
9.243 20 50 
9.368 20 50 
9.43 20 50 
9.509 20 50 
9.586 20 50 
9.648 20 50 
9.742 20 50 
9.821 20 50 
9.883 20 50 
9.961 20 50 
10.039 20 50 
10.134 20 50 
10.197 20 50 
10.258 20 50 
10.337 20 50 
10.414 20 50 
10.509 20 50 
10.602 20 50 
10.666 20 50 
10.728 20 50 
10.791 20 50 
10.9 20 50 
10.994 20 50 
11.071 20 50 
11.148 20 50 
11.226 20 50 
11.305 20 50 
11.398 20 50 
11.462 20 50 
11.524 20 50 
11.587 20 50 
11.65 20 50 
11.775 20 50 
11.883 20 50 
11.977 20 50 
12.056 20 50 
12.133 20 50 
12.196 20 50 
12.259 20 50 
12.321 20 50 
12.384 20 50 
12.463 20 50 
12.525 20 50 
12.618 20 50 
12.696 20 50 
12.76 20 50 
12.821 20 50 
12.899 20 50 
12.961 20 50 
13.024 20 50 
13.087 20 50 
13.148 20 50 
13.243 20 50 
13.336 20 50 
13.414 20 50 
13.524 20 50 
13.586 20 50 
13.649 20 50 
13.744 20 50 
13.821 20 50 
13.883 20 50 
13.961 20 50 
14.025 20 50 
14.102 20 50 
14.181 20 50 
14.29 20 50 
14.353 20 50 
14.416 20 50 
14.477 20 50 
14.572 20 50 
