0.133333 0.041950 0.015421 0.395133 -0.503498 0.677592 0.657085 
0.166667 0.066393 0.015270 0.785844 -0.482784 0.680461 0.655284 
0.200000 0.075976 0.019481 0.777035 -0.427596 0.683404 0.655408 
0.233333 0.070502 0.021486 0.465486 -0.412480 0.685624 0.655609 
0.266667 0.059931 0.023973 0.292997 -0.417106 0.687866 0.654777 
0.300000 0.046038 0.027830 0.205535 -0.423956 0.689307 0.654425 
0.333333 0.035873 0.024025 -0.249031 -0.372683 0.692851 0.655754 
0.366667 0.036164 0.018441 -1.008006 -0.409202 0.691701 0.655609 
0.400000 0.041054 0.015881 -1.523366 -0.482058 0.693303 0.655666 
0.433333 0.036293 0.012769 -1.535051 -0.505674 0.697514 0.654797 
0.466667 0.030196 0.012298 -1.157782 -0.575699 0.695749 0.655371 
0.500000 0.037601 0.014393 -0.579026 -0.599013 0.697419 0.654570 
0.533333 0.048037 0.015622 -0.012782 -0.595981 0.699415 0.655204 
0.566667 0.051840 0.012719 0.302449 -0.621305 0.701470 0.652401 
0.600000 0.057184 0.001238 0.301080 -0.549288 0.702162 0.654890 
0.633333 0.061976 0.002851 0.236806 -0.594373 0.704285 0.651259 
0.666667 0.057840 0.011309 0.296019 -0.576541 0.706024 0.650626 
0.700000 0.049831 0.021390 0.320532 -0.544686 0.708370 0.650741 
0.733333 0.048290 0.029331 0.178633 -0.553368 0.709369 0.650561 
0.766667 0.052672 0.032778 -0.116296 -0.548379 0.711257 0.650441 
0.800000 0.054208 0.031670 -0.599129 -0.551891 0.714506 0.650460 
0.833333 0.054459 0.026415 -1.171374 -0.580439 0.715587 0.650295 
0.866667 0.058501 0.021663 -1.477781 -0.624195 0.717732 0.650477 
0.900000 0.059792 0.024458 -1.332947 -0.708679 0.719822 0.648944 
0.933333 0.055088 0.024444 -0.990000 -0.709134 0.721989 0.648603 
0.966667 0.047068 0.019669 -0.679821 -0.746532 0.723552 0.647819 
1.000000 0.046252 0.005750 -0.300721 -0.770858 0.725497 0.648096 
1.033330 0.054950 -0.004659 0.184848 -0.775286 0.726141 0.646136 
1.066670 0.068317 -0.001347 0.544081 -0.756445 0.727046 0.644444 
1.100000 0.077992 0.011257 0.636245 -0.722012 0.729517 0.643449 
1.133330 0.075553 0.028446 0.589110 -0.721477 0.731901 0.641583 
1.166670 0.065596 0.039800 0.497239 -0.690889 0.734596 0.640759 
1.200000 0.058634 0.043807 0.233739 -0.689671 0.736862 0.641411 
1.233330 0.061341 0.036483 -0.272313 -0.661757 0.739346 0.641069 
1.266670 0.061323 0.030474 -0.799395 -0.700976 0.741433 0.640636 
1.300000 0.054122 0.024877 -1.105619 -0.740459 0.743911 0.639372 
1.333330 0.048494 0.017136 -1.206698 -0.761829 0.745878 0.639355 
1.366670 0.055630 0.013966 -1.224317 -0.821636 0.746400 0.638796 
1.400000 0.071137 0.016432 -1.192591 -0.847124 0.748565 0.637111 
1.433330 0.078091 0.021201 -1.008498 -0.885907 0.750585 0.635520 
1.466670 0.074351 0.018187 -0.535522 -0.929138 0.753644 0.633872 
1.500000 0.073654 0.007360 0.119568 -0.929276 0.754691 0.632562 
1.533330 0.081599 0.004814 0.594813 -0.916290 0.756271 0.630777 
1.566670 0.090946 0.015799 0.657309 -0.879739 0.758014 0.627929 
1.600000 0.094234 0.036710 0.407158 -0.865004 0.761267 0.626289 
1.633330 0.090802 0.054933 0.003838 -0.874435 0.764006 0.625213 
1.666670 0.084459 0.057154 -0.501456 -0.852936 0.767653 0.624123 
1.700000 0.071908 0.051301 -0.938095 -0.890046 0.771397 0.623194 
1.733330 0.061784 0.040760 -1.111407 -0.949143 0.772911 0.622857 
1.766670 0.060170 0.028704 -1.122631 -0.955552 0.775696 0.621313 
1.800000 0.060674 0.023904 -1.122564 -1.009270 0.777094 0.620696 
1.833330 0.061868 0.020627 -1.004739 -1.034670 0.778854 0.618731 
1.866670 0.062279 0.020188 -0.661899 -1.085440 0.780763 0.617719 
1.900000 0.067458 0.016722 -0.234244 -1.082490 0.781862 0.615648 
1.933330 0.079106 0.013631 0.075797 -1.086930 0.783741 0.614566 
1.966670 0.093491 0.009613 0.221433 -1.084960 0.785046 0.611330 
2.000000 0.101252 0.007200 0.280556 -1.065370 0.787508 0.609695 
2.033330 0.096125 0.017332 0.317036 -1.071320 0.788826 0.605271 
2.066670 0.083857 0.031784 0.279941 -1.052340 0.790758 0.603771 
2.100000 0.073788 0.041719 0.094117 -1.037240 0.794198 0.602545 
2.133330 0.067505 0.045875 -0.209221 -1.051730 0.795740 0.601057 
2.166670 0.064787 0.045568 -0.589958 -1.058350 0.798494 0.599516 
2.200000 0.065242 0.042564 -1.018074 -1.079900 0.800910 0.599115 
2.233330 0.070915 0.038423 -1.343553 -1.122800 0.803241 0.597106 
2.266670 0.078860 0.035056 -1.417016 -1.186480 0.804561 0.595860 
2.300000 0.081610 0.024027 -1.237292 -1.206360 0.807420 0.593522 
2.333330 0.072944 0.012983 -0.871448 -1.269500 0.809302 0.590706 
2.366670 0.064906 0.001802 -0.445930 -1.278080 0.808505 0.588836 
2.400000 0.068326 -0.002691 -0.092250 -1.281120 0.810591 0.587306 
2.433330 0.082697 0.001300 0.229299 -1.284010 0.810618 0.584694 
2.466670 0.099216 0.015164 0.558655 -1.278910 0.810952 0.581427 
2.500000 0.110511 0.030819 0.674939 -1.254420 0.813782 0.579004 
2.533330 0.113374 0.040013 0.397227 -1.206400 0.815894 0.574865 
2.566670 0.105829 0.054071 -0.065385 -1.230920 0.818501 0.572823 
2.600000 0.099911 0.060068 -0.424291 -1.227540 0.821641 0.569226 
2.633330 0.096595 0.057011 -0.724704 -1.257920 0.824237 0.568228 
2.666670 0.093227 0.039707 -1.154662 -1.275650 0.827842 0.565094 
2.700000 0.084853 0.023720 -1.574847 -1.307030 0.828958 0.561530 
2.733330 0.077427 0.024574 -1.586825 -1.402630 0.830064 0.560710 
2.766670 0.079444 0.024314 -1.096318 -1.431020 0.830555 0.556864 
2.800000 0.088873 0.013160 -0.410314 -1.453860 0.833672 0.555355 
2.833330 0.099719 -0.002573 0.149135 -1.470960 0.832894 0.551995 
2.866670 0.101161 -0.009044 0.423085 -1.432460 0.832707 0.548041 
2.900000 0.091186 0.005866 0.399526 -1.442820 0.833234 0.544966 
2.933330 0.080731 0.018884 0.184841 -1.410720 0.834171 0.541814 
2.966670 0.080571 0.029293 -0.027857 -1.415770 0.835679 0.540681 
3.000000 0.089383 0.040716 -0.101455 -1.432910 0.836948 0.536781 
3.033330 0.097398 0.052501 -0.155269 -1.423500 0.838514 0.535124 
3.066670 0.096062 0.057363 -0.427881 -1.432730 0.841140 0.530486 
3.100000 0.092725 0.046566 -0.932265 -1.450150 0.844484 0.528788 
3.133330 0.093371 0.034725 -1.383679 -1.487180 0.845027 0.526335 
3.166670 0.090928 0.034002 -1.500325 -1.553890 0.845728 0.522002 
3.200000 0.086540 0.026200 -1.328780 -1.605200 0.847441 0.519153 
3.233330 0.091374 0.002218 -1.033321 -1.611360 0.849256 0.517638 
3.266670 0.099747 -0.005611 -0.563654 -1.678960 0.846975 0.513430 
3.300000 0.098972 0.005074 0.041937 -1.680030 0.846091 0.509642 
3.333330 0.095099 0.021689 0.468678 -1.649180 0.847546 0.507208 
3.366670 0.093841 0.031601 0.555723 -1.647330 0.847574 0.504094 
3.400000 0.090770 0.030166 0.455385 -1.613780 0.849256 0.500287 
3.433330 0.084499 0.032541 0.295697 -1.621440 0.848915 0.497184 
3.466670 0.086797 0.032553 -0.042175 -1.605400 0.850747 0.495327 
3.500000 0.093230 0.031066 -0.684911 -1.606410 0.851806 0.492233 
3.533330 0.092080 0.034345 -1.373830 -1.637000 0.852362 0.487577 
3.566670 0.084824 0.045224 -1.671933 -1.719200 0.852891 0.486031 
3.600000 0.084922 0.047386 -1.542897 -1.764690 0.854780 0.482331 
3.633330 0.090499 0.039159 -1.265950 -1.798510 0.855945 0.479911 
3.666670 0.094394 0.027477 -0.963081 -1.849020 0.854790 0.474992 
3.700000 0.095420 0.013522 -0.637555 -1.879030 0.856430 0.474177 
3.733330 0.090033 0.002596 -0.318819 -1.874930 0.854447 0.468659 
3.766670 0.082054 0.006869 0.044846 -1.897830 0.853293 0.466805 
3.800000 0.082804 0.016340 0.438688 -1.896050 0.853539 0.465684 
3.833330 0.092866 0.020558 0.643330 -1.852500 0.853304 0.460089 
3.866670 0.100237 0.030920 0.506605 -1.848210 0.853121 0.459127 
3.900000 0.096897 0.045748 0.121741 -1.825360 0.852645 0.454469 
3.933330 0.081228 0.055752 -0.267877 -1.825360 0.854000 0.450171 
3.966670 0.066679 0.050716 -0.522997 -1.862770 0.856299 0.448844 
4.000000 0.072431 0.038193 -0.847084 -1.873850 0.856047 0.445603 
4.033330 0.099377 0.035047 -1.401945 -1.881420 0.856027 0.442483 
4.066670 0.126637 0.046058 -1.811594 -1.962840 0.856878 0.441111 
4.100000 0.127031 0.048966 -1.638421 -2.043440 0.855832 0.432143 
4.133330 0.103805 0.032084 -0.974639 -2.055440 0.855617 0.429314 
4.166670 0.084472 0.022764 -0.232449 -2.108140 0.854498 0.427608 
4.200000 0.087966 0.014966 0.196786 -2.086270 0.853839 0.424385 
4.233330 0.100406 0.008306 0.220316 -2.054630 0.853324 0.420898 
4.266670 0.109051 0.013297 0.143482 -2.087110 0.850699 0.418106 
4.300000 0.110840 0.020943 0.184903 -2.069110 0.850186 0.415071 
4.333330 0.103303 0.030529 0.215865 -2.052570 0.848677 0.410042 
4.366670 0.088396 0.038481 0.089688 -2.060790 0.848677 0.408245 
4.400000 0.078066 0.041093 -0.207599 -2.048360 0.848272 0.403539 
4.433330 0.081634 0.047307 -0.618880 -2.064370 0.848806 0.401872 
4.466670 0.095073 0.057089 -1.053458 -2.100990 0.848494 0.399287 
4.500000 0.102616 0.058188 -1.413955 -2.129220 0.848614 0.393317 
4.533330 0.101315 0.047803 -1.533712 -2.185550 0.848187 0.390018 
4.566670 0.106113 0.032834 -1.273408 -2.249700 0.847797 0.387405 
4.600000 0.112941 0.017544 -0.749608 -2.271040 0.845550 0.383845 
4.633330 0.106155 0.007350 -0.225063 -2.291800 0.843135 0.379596 
4.666670 0.095614 0.004716 0.157119 -2.284450 0.841312 0.377378 
4.700000 0.100251 0.020041 0.365957 -2.284940 0.839460 0.376584 
4.733330 0.119170 0.042877 0.383563 -2.258950 0.838003 0.371160 
4.766670 0.133605 0.062342 0.217849 -2.253290 0.836339 0.368335 
4.800000 0.130864 0.067268 -0.108847 -2.256620 0.836010 0.361686 
4.833330 0.113626 0.057174 -0.516400 -2.245910 0.834029 0.357798 
4.866670 0.090347 0.050456 -0.797670 -2.288190 0.834297 0.353974 
4.900000 0.074838 0.047721 -0.868964 -2.325130 0.832727 0.351228 
4.933330 0.069242 0.043439 -0.930728 -2.334460 0.832633 0.348672 
4.966670 0.070305 0.033728 -1.088714 -2.370790 0.832251 0.345110 
5.000000 0.080412 0.022166 -1.128235 -2.417700 0.831069 0.343667 
5.033330 0.098453 0.015609 -0.839007 -2.444690 0.828525 0.341141 
5.066670 0.112964 0.015958 -0.346554 -2.492110 0.827302 0.338932 
5.100000 0.112597 0.007415 0.022095 -2.454750 0.823268 0.334997 
5.133330 0.100024 0.012615 0.164050 -2.473920 0.820745 0.333104 
5.166670 0.097097 0.027719 0.255229 -2.462360 0.818979 0.331228 
5.200000 0.110677 0.047451 0.370186 -2.450000 0.817403 0.328246 
5.233330 0.121837 0.061641 0.276325 -2.458300 0.815406 0.323633 
5.266670 0.119678 0.059019 -0.225288 -2.406740 0.813411 0.319023 
5.300000 0.100582 0.061059 -0.834766 -2.450270 0.811400 0.315943 
5.333330 0.085326 0.053996 -1.117650 -2.508930 0.811443 0.311871 
5.366670 0.085112 0.035423 -1.177349 -2.523200 0.809432 0.308963 
5.400000 0.092109 0.023268 -1.316494 -2.559350 0.807914 0.307186 
5.433330 0.095034 0.023406 -1.413093 -2.616150 0.805215 0.304797 
5.466670 0.088294 0.024695 -1.155413 -2.658260 0.802633 0.302058 
5.500000 0.081293 0.022523 -0.585329 -2.710400 0.800728 0.300336 
5.533330 0.087917 0.014763 -0.067800 -2.690680 0.799060 0.298655 
5.566670 0.101070 0.016173 0.203763 -2.690130 0.796196 0.297249 
5.600000 0.106552 0.025284 0.309027 -2.700630 0.792657 0.294856 
5.633330 0.102755 0.028157 0.300451 -2.667860 0.790236 0.292303 
5.666670 0.095718 0.030149 0.224488 -2.658460 0.788227 0.289741 
5.700000 0.091287 0.038656 0.114088 -2.683820 0.785171 0.287941 
5.733330 0.094775 0.046225 -0.168228 -2.646640 0.783563 0.284919 
5.766670 0.097268 0.054254 -0.605939 -2.657510 0.782117 0.282585 
5.800000 0.094233 0.055105 -0.931170 -2.724090 0.778183 0.277960 
5.833330 0.095937 0.041182 -1.096124 -2.722130 0.778544 0.276324 
5.866670 0.091302 0.038207 -1.213897 -2.770990 0.774984 0.273771 
5.900000 0.077653 0.042021 -1.231914 -2.819350 0.770635 0.271450 
5.933330 0.073755 0.034987 -1.100646 -2.857040 0.771681 0.270040 
5.966670 0.091430 0.015194 -0.844322 -2.880920 0.769342 0.266368 
6.000000 0.108518 0.005901 -0.436424 -2.914410 0.764588 0.267937 
6.033330 0.106748 0.012376 0.026340 -2.931310 0.760956 0.266136 
6.066670 0.096294 0.019844 0.312001 -2.892910 0.758844 0.263467 
6.100000 0.090736 0.036142 0.384525 -2.901080 0.755252 0.263920 
6.133330 0.091196 0.044791 0.385621 -2.890310 0.752964 0.260539 
