0.066667 0.026966 -0.011857 -0.484478 -0.792490 0.648598 0.599163 
0.100000 0.032558 -0.013140 -0.279932 -0.824741 0.649834 0.598400 
0.133333 0.043785 -0.012525 0.208609 -0.835975 0.650784 0.596421 
0.166667 0.054255 -0.006726 0.728277 -0.827416 0.650004 0.595845 
0.200000 0.059549 -0.001196 0.966988 -0.771068 0.653382 0.593922 
0.233333 0.059701 0.011375 0.786026 -0.751193 0.653702 0.592306 
0.266667 0.058923 0.028251 0.336131 -0.731875 0.655185 0.591909 
0.300000 0.054572 0.039665 -0.226417 -0.726972 0.658465 0.591420 
0.333333 0.044257 0.037652 -0.742547 -0.737721 0.660270 0.590964 
0.366667 0.036701 0.027650 -1.017127 -0.782897 0.662430 0.591855 
0.400000 0.040664 0.017339 -1.063485 -0.820539 0.662471 0.590433 
0.433333 0.049485 0.008149 -1.091976 -0.843182 0.665046 0.590363 
0.466667 0.051760 0.001034 -1.085050 -0.875414 0.665839 0.589277 
0.500000 0.045673 -0.000154 -0.768542 -0.928853 0.667046 0.586318 
0.533333 0.038737 0.000009 -0.145228 -0.945835 0.667420 0.587253 
0.566667 0.035325 -0.003040 0.372937 -0.929280 0.668506 0.585104 
0.600000 0.037143 -0.006585 0.510755 -0.904587 0.669227 0.584112 
0.633333 0.051809 -0.001104 0.445215 -0.893337 0.669902 0.583452 
0.666667 0.075513 0.017843 0.432615 -0.890769 0.669762 0.582064 
0.700000 0.086816 0.038807 0.416716 -0.868682 0.674276 0.579302 
0.733333 0.074816 0.050496 0.216436 -0.850206 0.676965 0.579309 
0.766667 0.054266 0.047663 -0.132631 -0.848996 0.679407 0.577552 
0.800000 0.043761 0.029247 -0.473329 -0.872732 0.681357 0.579079 
0.833333 0.044682 0.006356 -0.750767 -0.875402 0.683658 0.577936 
0.866667 0.044437 0.003898 -0.940958 -0.919386 0.682991 0.575845 
0.900000 0.041962 0.017847 -0.973118 -0.940051 0.684933 0.574383 
0.933333 0.045853 0.027355 -0.872914 -0.991946 0.686423 0.575647 
0.966667 0.056400 0.017704 -0.764900 -0.996858 0.687848 0.573887 
1.000000 0.060261 -0.000666 -0.603491 -1.020760 0.689576 0.571539 
1.033330 0.058747 -0.012462 -0.224922 -1.059890 0.690985 0.570962 
1.066670 0.059919 -0.008766 0.251578 -1.046470 0.689431 0.568003 
1.100000 0.069150 0.005442 0.532110 -1.020660 0.691762 0.565973 
1.133330 0.084083 0.014759 0.562774 -1.009070 0.693813 0.565628 
1.166670 0.092170 0.020036 0.405629 -1.002750 0.694619 0.562399 
1.200000 0.084358 0.028593 0.040319 -0.966995 0.698743 0.559273 
1.233330 0.067404 0.044006 -0.423997 -0.992899 0.699185 0.559064 
1.266670 0.056596 0.047470 -0.768282 -1.006980 0.703201 0.558008 
1.300000 0.049423 0.039543 -0.987382 -1.054480 0.704718 0.557858 
1.333330 0.047143 0.023155 -1.196626 -1.055450 0.706721 0.555240 
1.366670 0.052169 0.011332 -1.307970 -1.129830 0.707807 0.556590 
1.400000 0.063783 0.004956 -1.108959 -1.161670 0.708459 0.553060 
1.433330 0.067051 0.008434 -0.484333 -1.182330 0.709938 0.552135 
1.466670 0.060450 0.016795 0.399344 -1.222600 0.710813 0.548419 
1.500000 0.062213 0.010296 0.983458 -1.164450 0.711623 0.548859 
1.533330 0.078219 -0.003277 0.859505 -1.110220 0.715166 0.546509 
1.566670 0.095784 -0.001132 0.320724 -1.113220 0.711815 0.543547 
1.600000 0.096731 0.015960 -0.127415 -1.114830 0.717324 0.539794 
1.633330 0.082417 0.033168 -0.354773 -1.109830 0.717861 0.538246 
1.666670 0.069797 0.045567 -0.455998 -1.142680 0.720280 0.536064 
1.700000 0.070624 0.042264 -0.517617 -1.138400 0.722316 0.535634 
1.733330 0.070788 0.029261 -0.617617 -1.178610 0.725640 0.533707 
1.766670 0.063497 0.017319 -0.815328 -1.177450 0.726708 0.530982 
1.800000 0.053243 0.024415 -1.086566 -1.231020 0.726499 0.529728 
1.833330 0.053790 0.030569 -1.259156 -1.245890 0.729509 0.528809 
1.866670 0.063292 0.023690 -1.094485 -1.313430 0.730626 0.527516 
1.900000 0.074861 0.003332 -0.566710 -1.341900 0.731935 0.524994 
1.933330 0.079687 -0.012773 0.057069 -1.335850 0.732190 0.522254 
1.966670 0.079815 -0.009233 0.473906 -1.340430 0.731921 0.519514 
2.000000 0.076400 0.004413 0.540554 -1.304450 0.731915 0.517475 
2.033330 0.066364 0.019580 0.335304 -1.289800 0.734711 0.514585 
2.066670 0.057406 0.028134 0.094792 -1.292710 0.734357 0.512343 
2.100000 0.067719 0.026655 -0.050827 -1.288070 0.736920 0.512430 
2.133330 0.090860 0.022831 -0.172595 -1.298020 0.738314 0.510068 
2.166670 0.099499 0.023535 -0.312881 -1.284720 0.739083 0.505776 
2.200000 0.084332 0.031875 -0.444574 -1.330910 0.741505 0.502353 
2.233330 0.069658 0.026572 -0.633268 -1.326300 0.743559 0.502386 
2.266670 0.065073 0.018610 -0.876504 -1.332500 0.744145 0.499321 
2.300000 0.062707 0.021570 -1.048663 -1.425560 0.744809 0.496627 
2.333330 0.063286 0.019460 -1.130459 -1.392940 0.746945 0.496388 
2.366670 0.064070 0.024071 -1.030525 -1.468930 0.746873 0.492643 
2.400000 0.070057 0.025513 -0.583605 -1.505470 0.748373 0.491682 
2.433330 0.081843 0.019663 -0.014168 -1.502780 0.749392 0.489029 
2.466670 0.094688 0.007660 0.257591 -1.493330 0.749879 0.485947 
2.500000 0.104438 -0.001362 0.222875 -1.471180 0.751023 0.482334 
2.533330 0.106080 0.011360 0.187107 -1.492610 0.750024 0.480251 
2.566670 0.095399 0.031886 0.249191 -1.471140 0.751133 0.474071 
2.600000 0.080589 0.044179 0.212117 -1.461810 0.753692 0.473622 
2.633330 0.074360 0.040008 -0.125501 -1.467980 0.755568 0.470704 
2.666670 0.077058 0.031306 -0.701130 -1.448760 0.756340 0.468473 
2.700000 0.078226 0.036540 -1.184200 -1.515820 0.757407 0.465393 
2.733330 0.082488 0.038479 -1.371758 -1.557770 0.759487 0.463362 
2.766670 0.088187 0.028897 -1.357578 -1.584910 0.760289 0.460999 
2.800000 0.084376 0.016716 -1.156775 -1.644160 0.761626 0.456689 
2.833330 0.071504 0.010108 -0.651842 -1.671150 0.760910 0.454759 
2.866670 0.062753 0.018492 -0.016618 -1.702160 0.761173 0.452043 
2.900000 0.070885 0.022716 0.306826 -1.666720 0.760901 0.451370 
2.933330 0.089544 0.010445 0.211231 -1.647690 0.763689 0.446947 
2.966670 0.108458 -0.001601 0.053480 -1.674440 0.762004 0.444697 
3.000000 0.119900 0.004669 0.041932 -1.657810 0.761239 0.440776 
3.033330 0.116441 0.034773 -0.004481 -1.663370 0.760867 0.436073 
3.066670 0.099322 0.057826 -0.221629 -1.649090 0.763731 0.432717 
3.100000 0.076780 0.063884 -0.501967 -1.676550 0.764547 0.428925 
3.133330 0.065125 0.052364 -0.784396 -1.704200 0.767408 0.427586 
3.166670 0.070696 0.032572 -1.128881 -1.707010 0.767167 0.424336 
3.200000 0.083567 0.021162 -1.454770 -1.780710 0.769283 0.422563 
3.233330 0.092293 0.015279 -1.550730 -1.810530 0.767232 0.419197 
3.266670 0.087731 0.017833 -1.313711 -1.883710 0.767879 0.415024 
3.300000 0.081016 0.013591 -0.798549 -1.901700 0.767749 0.413554 
3.333330 0.079436 0.010188 -0.159206 -1.933740 0.766602 0.410599 
3.366670 0.083299 0.006912 0.362700 -1.921030 0.766358 0.407373 
3.400000 0.093936 0.008805 0.534549 -1.900120 0.765361 0.405306 
3.433330 0.107379 0.016164 0.360378 -1.877710 0.764726 0.402430 
3.466670 0.108015 0.030778 0.140788 -1.875460 0.764436 0.397599 
3.500000 0.093353 0.052690 0.117251 -1.875530 0.764489 0.393499 
3.533330 0.079548 0.076314 0.044585 -1.897290 0.764822 0.391990 
3.566670 0.086553 0.072017 -0.466158 -1.837500 0.768079 0.387155 
3.600000 0.093219 0.051557 -1.161299 -1.896980 0.769720 0.384349 
3.633330 0.095680 0.032716 -1.453232 -1.971280 0.768742 0.380751 
3.666670 0.088047 0.026402 -1.311903 -1.986940 0.767765 0.377155 
3.700000 0.077713 0.028875 -1.082102 -2.041080 0.767749 0.374497 
3.733330 0.080446 0.019479 -0.891301 -2.065450 0.768935 0.372345 
3.766670 0.091095 0.007937 -0.663657 -2.099030 0.766048 0.369060 
3.800000 0.100377 0.005362 -0.309122 -2.105160 0.765550 0.366155 
3.833330 0.106291 0.020167 0.126216 -2.134450 0.763275 0.363860 
3.866670 0.108418 0.032527 0.408713 -2.096100 0.762515 0.359790 
3.900000 0.101525 0.041211 0.406969 -2.085050 0.761911 0.355608 
3.933330 0.091133 0.045192 0.248955 -2.082360 0.761714 0.352387 
3.966670 0.086256 0.050181 0.017733 -2.073880 0.761418 0.349537 
4.000000 0.087341 0.054912 -0.401275 -2.079460 0.761465 0.345966 
4.033330 0.094154 0.050788 -1.011767 -2.090980 0.762090 0.341833 
4.066670 0.103314 0.044452 -1.472532 -2.134150 0.762123 0.339284 
4.100000 0.102833 0.045251 -1.453828 -2.216600 0.760136 0.335181 
4.133330 0.089618 0.038276 -1.115452 -2.239900 0.759796 0.330875 
4.166670 0.075616 0.026639 -0.834113 -2.267300 0.759096 0.328410 
4.200000 0.080022 0.017905 -0.612408 -2.290600 0.758204 0.327007 
4.233330 0.101082 0.017561 -0.216584 -2.316360 0.755826 0.323624 
4.266670 0.117561 0.019795 0.258310 -2.329980 0.755684 0.321886 
4.300000 0.115110 0.017725 0.471533 -2.271280 0.750490 0.315344 
4.333330 0.103254 0.033546 0.375011 -2.290830 0.750624 0.315231 
4.366670 0.101445 0.045738 0.177775 -2.266500 0.749154 0.311081 
4.400000 0.102845 0.051294 -0.038199 -2.269780 0.748298 0.306036 
4.433330 0.102526 0.051124 -0.317774 -2.273940 0.747332 0.303558 
4.466670 0.100860 0.051964 -0.649595 -2.283900 0.746346 0.299918 
4.500000 0.091227 0.051001 -0.940122 -2.319210 0.745567 0.295799 
4.533330 0.072962 0.041704 -1.114084 -2.350730 0.744944 0.292240 
4.566670 0.059083 0.030032 -1.195097 -2.392140 0.743495 0.290655 
4.600000 0.064792 0.018809 -1.212226 -2.432740 0.743382 0.288851 
4.633330 0.082035 0.011430 -1.019980 -2.453240 0.743146 0.286651 
4.666670 0.088409 0.019383 -0.490557 -2.523840 0.737764 0.284611 
4.700000 0.088443 0.021936 0.065100 -2.506870 0.737487 0.282468 
4.733330 0.099916 0.016559 0.218157 -2.477640 0.736888 0.279142 
4.766670 0.119575 0.021823 0.094182 -2.489180 0.732810 0.277857 
4.800000 0.129129 0.042366 0.090272 -2.495680 0.729426 0.274378 
4.833330 0.120926 0.058260 0.184208 -2.486480 0.728524 0.269624 
4.866670 0.104190 0.059516 0.035381 -2.479020 0.725500 0.265227 
4.900000 0.096335 0.056325 -0.439106 -2.463830 0.725347 0.262697 
4.933330 0.094636 0.062895 -0.956692 -2.516630 0.723421 0.259871 
4.966670 0.088439 0.059182 -1.298183 -2.542750 0.722341 0.254940 
5.000000 0.074638 0.040847 -1.493856 -2.592790 0.720078 0.251788 
5.033330 0.077952 0.017697 -1.521005 -2.638670 0.719890 0.250641 
5.066670 0.103812 0.012287 -1.179405 -2.688320 0.717629 0.248973 
5.100000 0.128422 0.027834 -0.479965 -2.745280 0.712585 0.247406 
5.133330 0.136731 0.032727 0.152841 -2.717700 0.709913 0.243438 
5.166670 0.126276 0.031963 0.399189 -2.702570 0.706846 0.240547 
5.200000 0.107029 0.037782 0.387453 -2.705260 0.701579 0.238717 
5.233330 0.099642 0.049794 0.258316 -2.690520 0.701044 0.235444 
5.266670 0.108061 0.060417 -0.070231 -2.677930 0.699643 0.233153 
5.300000 0.108451 0.064466 -0.520998 -2.682350 0.695164 0.228574 
5.333330 0.089008 0.062013 -0.784357 -2.717560 0.693838 0.225136 
5.366670 0.073703 0.051779 -0.845022 -2.763140 0.691979 0.222630 
5.400000 0.082499 0.036171 -1.053470 -2.761910 0.691521 0.220780 
5.433330 0.099349 0.029306 -1.358194 -2.790250 0.688260 0.217937 
5.466670 0.109356 0.039252 -1.204560 -2.880920 0.683888 0.216600 
5.500000 0.119140 0.045047 -0.554797 -2.913470 0.682857 0.214364 
5.533330 0.127644 0.034063 -0.046909 -2.882230 0.677993 0.211125 
5.566670 0.117861 0.022372 0.049218 -2.891530 0.673937 0.209612 
5.600000 0.095103 0.018002 0.062949 -2.904520 0.670484 0.208067 
5.633330 0.082250 0.025358 0.205213 -2.891780 0.668054 0.206959 
5.666670 0.090614 0.041346 0.331069 -2.883880 0.666503 0.205666 
5.700000 0.103344 0.050812 0.199236 -2.878820 0.663458 0.203113 
5.733330 0.101045 0.046093 -0.282167 -2.855780 0.659497 0.199017 
5.766670 0.088826 0.045087 -0.892717 -2.890140 0.657264 0.198310 
5.800000 0.089435 0.048127 -1.267280 -2.930080 0.655635 0.196530 
5.833330 0.099239 0.050234 -1.271939 -2.975640 0.652682 0.192505 
5.866670 0.098525 0.048296 -1.094328 -3.021310 0.649123 0.192127 
5.900000 0.083985 0.039730 -0.971572 -3.040800 0.645646 0.189330 
5.933330 0.071771 0.027448 -0.874800 -3.070380 0.643890 0.187901 
5.966670 0.075170 0.017412 -0.589805 -3.117190 0.642422 0.187619 
6.000000 0.089161 0.011993 -0.084043 -3.111040 0.638224 0.186818 
6.033330 0.096688 0.013242 0.205983 -3.122190 0.635864 0.186325 
