0.7 0.00160736 0.000188197 -0.00450379 -0.358229 
0.733333 0.00166743 0.000231445 -0.00451352 -0.362324 
0.766667 0.00172697 0.000288809 -0.00462042 -0.36336 
0.8 0.00179557 0.000365577 -0.00441047 -0.364331 
0.833333 0.00188346 0.000374363 -0.00527556 -0.366533 
0.866667 0.00198992 0.000371093 -0.00683595 -0.370168 
0.9 0.00202742 0.000307287 -0.0107057 -0.377025 
0.933333 0.00210236 0.000540247 -0.0104319 -0.380275 
0.966667 0.00210552 0.000634213 -0.0133218 -0.387174 
1 0.00202504 0.00058522 -0.0144552 -0.392962 
1.03333 0.00207249 0.000507005 -0.0143189 -0.39762 
1.06667 0.00213936 0.000336043 -0.0132986 -0.401189 
1.1 0.00216262 0.000191436 -0.0110852 -0.403009 
1.13333 0.00221402 0.000166378 -0.00850304 -0.403656 
1.16667 0.00232327 0.000123926 -0.00662554 -0.404274 
1.2 0.00231544 0.000193325 -0.00628706 -0.406082 
1.23333 0.00238852 0.000196274 -0.00967022 -0.412172 
1.26667 0.00248299 0.000465645 -0.00979834 -0.415547 
1.3 0.0024949 0.000573048 -0.0107287 -0.419911 
1.33333 0.00256112 0.00051995 -0.0119454 -0.424923 
1.36667 0.00252344 0.000475548 -0.0129865 -0.430134 
1.4 0.00257979 0.000359012 -0.0151425 -0.437008 
1.43333 0.00258941 0.000304218 -0.0163922 -0.443531 
1.46667 0.00261711 0.000248489 -0.0159173 -0.448434 
1.5 0.00260966 0.000222695 -0.0133428 -0.450701 
1.53333 0.00268156 0.000118394 -0.0126702 -0.454355 
1.56667 0.00272067 0.00012964 -0.0105793 -0.45611 
1.6 0.0027811 0.000124086 -0.0115023 -0.460726 
1.63333 0.00282173 0.000263645 -0.0102501 -0.463082 
1.66667 0.00292439 0.00016969 -0.0129545 -0.469691 
1.7 0.00297573 0.000213074 -0.0127256 -0.473739 
1.73333 0.0030721 0.000340603 -0.0150881 -0.480769 
1.76667 0.00309183 0.000491209 -0.0154435 -0.486218 
1.8 0.00311252 0.000556759 -0.0165622 -0.492687 
1.83333 0.00312847 0.000553564 -0.0170539 -0.498788 
1.86667 0.00317664 0.000516521 -0.0173452 -0.504816 
1.9 0.00322728 0.000420923 -0.0166808 -0.509814 
1.93333 0.00326908 0.000301275 -0.0153999 -0.513862 
1.96667 0.0033639 0.000265784 -0.0134683 -0.516715 
2 0.00325257 0.000248212 -0.0120325 -0.51951 
2.03333 0.00326374 0.00025085 -0.0135038 -0.525257 
2.06667 0.00328419 0.000344044 -0.0137971 -0.530105 
2.1 0.003352 0.000432152 -0.0151056 -0.536249 
2.13333 0.00342953 0.00051215 -0.0157203 -0.542009 
2.16667 0.00348397 0.000540682 -0.0154037 -0.546876 
2.2 0.00352572 0.000547763 -0.0157367 -0.552404 
2.23333 0.0036098 0.00055565 -0.0165005 -0.558551 
2.26667 0.00356899 0.000561744 -0.0142553 -0.5614 
2.3 0.00357884 0.000542931 -0.0130025 -0.564673 
2.33333 0.00361619 0.000438262 -0.0107091 -0.5663 
2.36667 0.00375538 0.00039908 -0.00936578 -0.568284 
2.4 0.00381899 0.000424801 -0.00842724 -0.570298 
2.43333 0.00393021 0.000457119 -0.00792165 -0.57251 
2.46667 0.00396126 0.000504662 -0.00663067 -0.573627 
2.5 0.00396647 0.000585404 -0.00836703 -0.577887 
2.53333 0.00397463 0.000625336 -0.00900695 -0.581431 
2.56667 0.0039971 0.000657711 -0.00934051 -0.584827 
2.6 0.00405371 0.000646996 -0.0101719 -0.588922 
2.63333 0.00412569 0.000692678 -0.01081 -0.593066 
2.66667 0.00418837 0.000662045 -0.0100022 -0.595716 
2.7 0.0041768 0.000626665 -0.00973726 -0.598737 
2.73333 0.00427008 0.000630344 -0.00621422 -0.597824 
2.76667 0.00430121 0.000514113 -0.0050753 -0.598551 
2.8 0.00421649 0.00051632 -0.00469147 -0.59979 
2.83333 0.00418372 0.000510308 -0.0044071 -0.601018 
2.86667 0.00417818 0.000496124 -0.00537168 -0.603626 
2.9 0.0041919 0.000530372 -0.00776427 -0.608241 
2.93333 0.00428677 0.000597354 -0.0094146 -0.612777 
2.96667 0.00435175 0.000607304 -0.00978948 -0.616358 
3 0.00449184 0.000648236 -0.0129313 -0.623329 
3.03333 0.004524 0.000690187 -0.0132311 -0.627994 
3.06667 0.00455924 0.000697302 -0.0126567 -0.631726 
3.1 0.00450662 0.000563534 -0.0113282 -0.634377 
3.13333 0.00455836 0.000469151 -0.0106974 -0.637408 
3.16667 0.00457784 0.000373507 -0.00954349 -0.639612 
3.2 0.00465908 0.000363392 -0.00903252 -0.64219 
3.23333 0.00471476 0.000418021 -0.00778227 -0.643725 
3.26667 0.00473252 0.000538089 -0.00769973 -0.646222 
3.3 0.00470727 0.000654458 -0.0107827 -0.652427 
3.33333 0.00464702 0.000692653 -0.0124277 -0.657964 
3.36667 0.0046476 0.000655857 -0.0139864 -0.663946 
3.4 0.00469492 0.000616588 -0.0145612 -0.669287 
3.43333 0.00472286 0.000517568 -0.0143953 -0.673945 
3.46667 0.00472269 0.000326509 -0.0168283 -0.681615 
3.5 0.00478182 0.000346648 -0.0158927 -0.68612 
3.53333 0.00492573 0.000329107 -0.0137183 -0.688851 
3.56667 0.00505751 0.00036931 -0.0123583 -0.691818 
3.6 0.00501564 0.000448726 -0.0101808 -0.693367 
3.63333 0.00503023 0.000504107 -0.00961286 -0.69609 
3.66667 0.00502059 0.000547623 -0.0093732 -0.699012 
3.7 0.00502567 0.000669393 -0.0106487 -0.703642 
3.73333 0.00501199 0.000708297 -0.010578 -0.707108 
3.76667 0.00509275 0.000688338 -0.0122864 -0.712651 
3.8 0.00513673 0.000721908 -0.0148788 -0.719806 
3.83333 0.00519529 0.000800727 -0.0154949 -0.725493 
3.86667 0.00516994 0.000779413 -0.0144293 -0.7294 
3.9 0.00513662 0.00076829 -0.0130875 -0.732626 
3.93333 0.00518076 0.000721227 -0.0120827 -0.735802 
3.96667 0.0052355 0.000576363 -0.0102537 -0.737671 
4 0.00524823 0.000523945 -0.00966529 -0.740394 
4.03333 0.00528404 0.000534053 -0.00916167 -0.743021 
4.06667 0.00533614 0.00053628 -0.00915487 -0.746067 
4.1 0.00529459 0.000685799 -0.00956943 -0.749608 
4.13333 0.0052408 0.00083044 -0.0117023 -0.755316 
4.16667 0.00524709 0.000922894 -0.0133125 -0.761118 
4.2 0.00527131 0.000894799 -0.0149377 -0.767473 
4.23333 0.00526596 0.000863121 -0.0138935 -0.77122 
4.26667 0.0052733 0.000852049 -0.0147969 -0.776918 
4.3 0.00528127 0.000805778 -0.0122056 -0.778791 
4.33333 0.00539667 0.000766102 -0.0123099 -0.782983 
4.36667 0.0055201 0.000661419 -0.00988473 -0.784223 
4.4 0.00560396 0.000554278 -0.00997749 -0.787628 
4.43333 0.00571639 0.000628832 -0.00691184 -0.787335 
4.46667 0.00574828 0.000646428 -0.00705555 -0.789808 
4.5 0.0056619 0.000696873 -0.00992568 -0.795548 
4.53333 0.00563447 0.000815001 -0.0111455 -0.800297 
4.56667 0.00564448 0.000879457 -0.0127415 -0.805896 
4.6 0.00565902 0.000858559 -0.0144901 -0.812207 
4.63333 0.00570176 0.00085242 -0.0155377 -0.818274 
4.66667 0.00575278 0.000773103 -0.0151995 -0.823054 
4.7 0.00576478 0.000819003 -0.0138965 -0.826582 
4.73333 0.00583641 0.000681325 -0.0121819 -0.82919 
4.76667 0.0059396 0.000589048 -0.00925056 -0.82979 
4.8 0.0059487 0.000606605 -0.00781593 -0.83118 
4.83333 0.00601807 0.000556645 -0.00783029 -0.833803 
4.86667 0.00600099 0.000539181 -0.00777159 -0.836344 
4.9 0.0060331 0.000573274 -0.00915433 -0.840566 
4.93333 0.00607158 0.00076218 -0.0103771 -0.845061 
4.96667 0.00615135 0.000863574 -0.0131179 -0.851756 
5 0.00617668 0.000837359 -0.0140179 -0.857191 
5.03333 0.00619286 0.000799725 -0.0155412 -0.863662 
5.06667 0.0062527 0.000734633 -0.0150078 -0.868212 
5.1 0.00617912 0.000728169 -0.0137387 -0.871717 
5.13333 0.00617786 0.00074729 -0.0118931 -0.874118 
5.16667 0.00612156 0.000561945 -0.0128311 -0.879189 
5.2 0.00617731 0.000603285 -0.0123573 -0.882907 
5.23333 0.00630599 0.0006331 -0.00984646 -0.884062 
5.26667 0.00640044 0.000589385 -0.00928248 -0.886679 
5.3 0.00636126 0.000675996 -0.00929026 -0.889782 
5.33333 0.00636961 0.000831314 -0.010049 -0.893774 
5.36667 0.00642853 0.000947986 -0.0131565 -0.900792 
5.4 0.0063372 0.000933601 -0.0152655 -0.907667 
5.43333 0.00628861 0.000867798 -0.0175839 -0.915493 
5.46667 0.00634699 0.000845443 -0.0179077 -0.921736 
5.5 0.00639335 0.000764887 -0.0174761 -0.927196 
5.53333 0.00640088 0.000726517 -0.016775 -0.932194 
5.56667 0.00635814 0.000701678 -0.0133318 -0.933721 
5.6 0.00638326 0.000693304 -0.0106849 -0.93504 
5.63333 0.00639825 0.000765053 -0.0085763 -0.936113 
5.66667 0.00639775 0.000758329 -0.00871311 -0.939133 
5.7 0.00638761 0.000793567 -0.00963288 -0.943123 
5.73333 0.00646803 0.000833417 -0.0113139 -0.948318 
5.76667 0.00650332 0.000852899 -0.0129952 -0.954074 
5.8 0.00651667 0.000891551 -0.0147603 -0.96049 
5.83333 0.00656644 0.000940446 -0.0172068 -0.968298 
5.86667 0.00657382 0.00097762 -0.0171753 -0.973996 
5.9 0.00656296 0.00106723 -0.0182374 -0.980975 
5.93333 0.00654484 0.000973848 -0.0159735 -0.984382 
5.96667 0.00654443 0.000958109 -0.0146197 -0.988108 
6 0.00653964 0.000938926 -0.0120112 -0.989902 
6.03333 0.0066094 0.00081559 -0.0105269 -0.992154 
6.06667 0.00668154 0.000695785 -0.0102542 -0.995341 
6.1 0.00665761 0.000639359 -0.00874029 -0.996972 
6.13333 0.00676477 0.000760559 -0.00904837 -1.00025 
6.16667 0.00686822 0.000846013 -0.0106204 -1.00512 
6.2 0.00677434 0.000973297 -0.0131195 -1.01161 
6.23333 0.00668009 0.00103279 -0.0157157 -1.01905 
6.26667 0.00670168 0.00104908 -0.0160228 -1.02465 
6.3 0.00674857 0.00107409 -0.0176156 -1.03187 
6.33333 0.00684786 0.00104559 -0.0169534 -1.03696 
6.36667 0.00698785 0.000961767 -0.0162132 -1.04174 
6.4 0.0070203 0.000849528 -0.0145286 -1.04515 
6.43333 0.00706849 0.000749772 -0.0118395 -1.04682 
6.46667 0.00707549 0.000750694 -0.00930313 -1.04778 
6.5 0.00709796 0.000794166 -0.00854857 -1.04999 
6.53333 0.00705102 0.000973218 -0.00969609 -1.05419 
6.56667 0.00705813 0.00113899 -0.0126514 -1.06091 
6.6 0.00709941 0.00118966 -0.0151208 -1.06804 
6.63333 0.00717661 0.00112715 -0.0166007 -1.07483 
6.66667 0.00724978 0.00116027 -0.0178792 -1.08187 
6.7 0.00727825 0.00111106 -0.0170907 -1.0869 
6.73333 0.00726836 0.0010425 -0.017776 -1.09341 
6.76667 0.00722937 0.000982288 -0.0174179 -1.09891 
6.8 0.00721337 0.000974486 -0.0152203 -1.10212 
6.83333 0.00723152 0.000960489 -0.0138817 -1.10562 
6.86667 0.00716559 0.000911605 -0.0135845 -1.10989 
6.9 0.00715642 0.000902749 -0.0121277 -1.1127 
6.93333 0.00725279 0.000894273 -0.0116122 -1.11613 
6.96667 0.00727455 0.000980644 -0.0105317 -1.11873 
7 0.00730279 0.00109699 -0.0117918 -1.12373 
7.03333 0.00741213 0.00107726 -0.0134896 -1.12966 
7.06667 0.00741725 0.00108035 -0.0161359 -1.13728 
7.1 0.00732211 0.00105367 -0.0165136 -1.14311 
7.13333 0.00736817 0.00105346 -0.0154368 -1.14734 
7.16667 0.00733327 0.00105606 -0.0163481 -1.15356 
7.2 0.00726549 0.00107582 -0.0172175 -1.16004 
7.23333 0.00721741 0.00105461 -0.0159095 -1.16423 
7.26667 0.00727861 0.000838936 -0.0121574 -1.16511 
7.3 0.00724169 0.000724713 -0.0096533 -1.1662 
7.33333 0.00716076 0.00075942 -0.00800419 -1.16747 
7.36667 0.00711404 0.000807253 -0.00775855 -1.16985 
7.4 0.00704052 0.000953077 -0.0103073 -1.17545 
7.43333 0.0070521 0.00104117 -0.0133328 -1.18245 
7.46667 0.00705659 0.0011413 -0.015553 -1.18952 
7.5 0.00709205 0.00122175 -0.0174949 -1.197 
7.53333 0.00707322 0.00115572 -0.0184334 -1.20394 
7.56667 0.00715082 0.001013 -0.0191062 -1.21087 
7.6 0.00712917 0.00103939 -0.0169045 -1.21464 
7.63333 0.00713481 0.0010269 -0.0161692 -1.21941 
7.66667 0.00714684 0.00100526 -0.0135694 -1.22173 
7.7 0.00722382 0.000939198 -0.011813 -1.22418 
7.73333 0.00733385 0.000895961 -0.0118923 -1.22821 
7.76667 0.00732078 0.000989208 -0.0120151 -1.23232 
7.8 0.00729887 0.00108479 -0.01217 -1.23651 
7.83333 0.00724549 0.00120642 -0.0141387 -1.24289 
7.86667 0.0072702 0.00125419 -0.0171822 -1.2512 
7.9 0.00740771 0.00127683 -0.0170467 -1.25676 
