0.261 15 20 
0.339 15 20 
0.432 15 20 
0.541 15 20 
0.651 15 20 
0.745 15 20 
0.822 15 20 
0.9 15 20 
0.978 15 20 
1.057 15 20 
1.134 15 20 
1.228 15 20 
1.323 15 20 
1.401 15 20 
1.463 15 20 
1.526 15 20 
1.603 15 20 
1.683 15 20 
1.76 15 20 
1.823 15 20 
1.886 15 20 
1.963 15 20 
2.058 15 20 
2.135 15 20 
2.229 15 20 
2.291 15 20 
2.354 15 20 
2.432 15 20 
2.541 15 20 
2.635 15 20 
2.729 15 20 
2.792 15 20 
2.9 15 20 
2.964 15 20 
3.025 15 20 
3.104 15 20 
3.198 15 20 
3.292 15 20 
3.369 15 20 
3.464 15 20 
3.558 15 20 
3.635 15 20 
3.73 15 20 
3.792 15 20 
3.885 15 20 
3.964 15 20 
4.056 15 20 
4.166 15 20 
4.245 15 20 
4.338 15 20 
4.416 15 20 
4.526 15 20 
4.587 15 20 
4.666 15 20 
4.728 15 20 
4.807 15 20 
4.886 15 20 
4.963 15 20 
5.026 15 20 
5.089 15 20 
5.183 15 20 
5.261 15 20 
5.322 15 20 
5.401 15 20 
5.464 15 20 
5.525 15 20 
5.588 15 20 
5.651 15 20 
5.745 15 20 
5.838 15 20 
5.932 15 20 
6.026 15 20 
6.088 15 20 
6.182 15 20 
6.275 15 20 
6.353 15 20 
6.431 15 20 
6.556 15 20 
6.636 15 20 
6.729 15 20 
6.792 15 20 
6.886 15 20 
6.978 15 20 
7.041 15 20 
7.12 15 20 
7.197 15 20 
7.276 15 20 
7.37 15 20 
7.464 15 20 
7.572 15 20 
7.65 15 20 
7.729 15 20 
7.823 15 20 
7.885 15 20 
7.963 15 20 
8.072 15 20 
8.167 15 20 
8.245 15 20 
8.323 15 20 
8.386 15 20 
8.464 15 20 
8.541 15 20 
8.604 15 20 
8.697 15 20 
8.775 15 20 
8.855 15 20 
8.933 15 20 
8.994 15 20 
9.073 15 20 
9.152 15 20 
9.29 15 20 
9.385 15 20 
9.463 15 20 
9.526 15 20 
9.587 15 20 
9.65 15 20 
9.775 15 20 
9.853 15 20 
9.932 15 20 
10.025 15 20 
10.089 15 20 
10.182 15 20 
10.291 15 20 
10.354 15 20 
10.432 15 20 
10.542 15 20 
10.636 15 20 
10.73 15 20 
10.808 15 20 
10.886 15 20 
10.964 15 20 
11.026 15 20 
11.104 15 20 
11.197 15 20 
11.29 15 20 
11.354 15 20 
11.432 15 20 
11.51 15 20 
11.588 15 20 
11.65 15 20 
11.728 15 20 
11.823 15 20 
11.886 15 20 
11.963 15 20 
12.057 15 20 
12.135 15 20 
12.198 15 20 
12.261 15 20 
12.339 15 20 
12.448 15 20 
12.526 15 20 
12.604 15 20 
12.698 15 20 
12.76 15 20 
12.822 15 20 
12.901 15 20 
12.962 15 20 
13.025 15 20 
13.087 15 20 
13.15 15 20 
13.213 15 20 
13.275 15 20 
13.37 15 20 
13.448 15 20 
13.542 15 20 
13.62 15 20 
13.681 15 20 
13.776 15 20 
13.839 15 20 
13.933 15 20 
14.026 15 20 
14.136 15 20 
14.229 15 20 
14.339 15 20 
14.417 15 20 
14.494 15 20 
14.573 15 20 
14.665 15 20 
14.728 15 20 
14.79 15 20 
14.884 15 20 
14.962 15 20 
15.026 15 20 
15.103 15 20 
15.198 15 20 
15.307 15 20 
15.416 15 20 
15.495 15 20 
15.557 15 20 
15.635 15 20 
15.745 15 20 
15.854 15 20 
15.948 15 20 
16.026 15 20 
16.105 15 20 
16.198 15 20 
16.26 15 20 
16.337 15 20 
16.447 15 20 
16.525 15 20 
16.588 15 20 
16.65 15 20 
16.713 15 20 
16.791 15 20 
16.853 15 20 
16.932 15 20 
16.995 15 20 
17.057 15 20 
17.15 15 20 
17.229 15 20 
17.291 15 20 
17.37 15 20 
17.448 15 20 
17.542 15 20 
17.62 15 20 
17.682 15 20 
17.761 15 20 
17.822 15 20 
17.901 15 20 
17.993 15 20 
18.072 15 20 
18.165 15 20 
18.228 15 20 
18.29 15 20 
18.353 15 20 
18.416 15 20 
18.495 15 20 
18.557 15 20 
18.635 15 20 
18.697 15 20 
18.759 15 20 
18.822 15 20 
18.9 15 20 
18.963 15 20 
19.042 15 20 
19.119 15 20 
19.213 15 20 
19.291 15 20 
19.37 15 20 
19.432 15 20 
19.558 15 20 
19.62 15 20 
19.714 15 20 
19.79 15 20 
19.853 15 20 
19.947 15 20 
20.026 15 20 
20.135 15 20 
20.213 15 20 
20.291 15 20 
20.353 15 20 
20.432 15 20 
20.525 15 20 
20.603 15 20 
20.666 15 20 
20.76 15 20 
20.823 15 20 
