0.066667 0.010344 -0.017924 0.125537 -0.028355 0.676569 0.605885 
0.100000 0.018194 -0.018585 0.285538 -0.019199 0.676769 0.604236 
0.133333 0.035071 -0.015475 0.438773 0.004203 0.677106 0.604338 
0.166667 0.041469 -0.007422 0.346743 0.018669 0.679533 0.603836 
0.200000 0.028575 0.001762 0.228407 0.018819 0.681327 0.603708 
0.233333 0.014855 0.013069 0.212562 0.029973 0.680804 0.604221 
0.266667 0.016871 0.026446 0.170839 0.029795 0.681563 0.604235 
0.300000 0.030446 0.033968 -0.088800 0.041316 0.681904 0.605756 
0.333333 0.042490 0.029153 -0.443126 0.051996 0.683765 0.607354 
0.366667 0.046651 0.018807 -0.538015 -0.008457 0.685003 0.607657 
0.400000 0.045228 0.005855 -0.407373 -0.012970 0.686147 0.608485 
0.433333 0.035007 -0.002925 -0.403848 -0.002655 0.688466 0.608021 
0.466667 0.025252 -0.007658 -0.443387 -0.020050 0.689340 0.607882 
0.500000 0.030292 -0.012094 -0.170021 -0.067874 0.689110 0.607944 
0.533333 0.041688 -0.017498 0.267307 -0.045125 0.690293 0.606996 
0.566667 0.038826 -0.017434 0.466330 -0.013815 0.693127 0.606542 
0.600000 0.022504 -0.008305 0.467615 -0.014192 0.693658 0.605507 
0.633333 0.012233 0.003935 0.504419 -0.003168 0.693650 0.606029 
0.666667 0.017263 0.014864 0.477490 0.016923 0.694215 0.606214 
0.700000 0.026060 0.020588 0.197028 0.046299 0.694484 0.606243 
0.733333 0.026032 0.022271 -0.194357 0.034723 0.696822 0.608460 
0.766667 0.022526 0.026333 -0.413314 0.018506 0.696304 0.608189 
0.800000 0.023740 0.034591 -0.424749 0.003974 0.697331 0.608500 
0.833333 0.027427 0.033342 -0.402168 -0.003516 0.698293 0.611397 
0.866667 0.028728 0.015172 -0.445640 -0.023679 0.699234 0.611360 
0.900000 0.032276 -0.008083 -0.438437 -0.022022 0.700580 0.612337 
0.933333 0.043081 -0.018699 -0.210100 -0.062383 0.700919 0.610105 
0.966667 0.052546 -0.018518 0.137435 -0.054988 0.702710 0.610845 
1.000000 0.049521 -0.012530 0.333620 -0.029246 0.705318 0.609220 
1.033330 0.037104 -0.002822 0.346065 -0.028327 0.706302 0.609235 
1.066670 0.028443 0.006478 0.321292 -0.025551 0.707076 0.609482 
1.100000 0.034185 0.017063 0.334859 0.009632 0.708606 0.609903 
1.133330 0.051657 0.033299 0.358610 -0.012087 0.708919 0.609917 
1.166670 0.067412 0.039183 0.216692 0.017679 0.711168 0.611650 
1.200000 0.064202 0.027802 -0.197763 0.036522 0.715093 0.613931 
1.233330 0.049505 0.012275 -0.622916 -0.001903 0.715448 0.613745 
1.266670 0.041960 0.003971 -0.751207 -0.024072 0.717246 0.613794 
1.300000 0.039396 0.004246 -0.613873 -0.046983 0.718278 0.613814 
1.333330 0.033258 0.003230 -0.378004 -0.059629 0.720465 0.614530 
1.366670 0.025734 -0.000711 -0.110119 -0.072799 0.720692 0.613874 
1.400000 0.023585 -0.004858 0.135410 -0.073015 0.721488 0.614156 
1.433330 0.027612 -0.009712 0.282612 -0.059083 0.722626 0.613303 
1.466670 0.034206 -0.014055 0.364797 -0.044598 0.723037 0.613917 
1.500000 0.039469 -0.008683 0.445548 -0.050383 0.724981 0.612295 
1.533330 0.040648 0.009576 0.421665 -0.015613 0.725684 0.612491 
1.566670 0.039411 0.035261 0.178922 -0.008912 0.727694 0.612918 
1.600000 0.039305 0.052013 -0.166787 -0.002964 0.728582 0.615056 
1.633330 0.040313 0.051180 -0.429128 -0.029925 0.729714 0.616406 
1.666670 0.043742 0.032349 -0.562338 -0.032352 0.731805 0.618710 
1.700000 0.046193 0.010578 -0.566658 -0.054638 0.732659 0.618797 
1.733330 0.048386 -0.001706 -0.436872 -0.088308 0.734732 0.618313 
1.766670 0.050745 -0.006713 -0.202102 -0.072855 0.736143 0.618670 
1.800000 0.054629 -0.006902 0.118259 -0.094332 0.737960 0.617610 
1.833330 0.055342 -0.009593 0.378696 -0.097539 0.739106 0.617897 
1.866670 0.046739 -0.014420 0.367117 -0.038928 0.742409 0.617069 
1.900000 0.036609 -0.008539 0.247225 -0.054996 0.742549 0.616286 
1.933330 0.033592 0.003700 0.327539 -0.063308 0.743612 0.616248 
1.966670 0.038463 0.016304 0.430878 -0.031924 0.745443 0.616792 
2.000000 0.045560 0.026415 0.205166 -0.013224 0.746116 0.616961 
2.033330 0.048608 0.031118 -0.215574 -0.007878 0.748084 0.618478 
2.066670 0.043607 0.032816 -0.428612 -0.045434 0.750214 0.619657 
2.100000 0.036683 0.030775 -0.377660 -0.049885 0.750635 0.619853 
2.133330 0.031308 0.023437 -0.338670 -0.055341 0.752777 0.621277 
2.166670 0.026140 0.010246 -0.463897 -0.071031 0.752619 0.622512 
2.200000 0.020294 0.001790 -0.589293 -0.082077 0.754753 0.621494 
2.233330 0.021621 0.003921 -0.435136 -0.107290 0.754892 0.621315 
2.266670 0.036037 0.006410 0.000053 -0.141202 0.754313 0.622354 
2.300000 0.052846 -0.002976 0.385135 -0.089187 0.758013 0.621902 
2.333330 0.057970 -0.011045 0.495200 -0.102692 0.758508 0.621570 
2.366670 0.053160 -0.012105 0.409431 -0.073260 0.761341 0.620672 
2.400000 0.049476 0.000086 0.322435 -0.053937 0.762428 0.620321 
2.433330 0.050573 0.021061 0.311400 -0.077366 0.763664 0.620455 
2.466670 0.054578 0.035148 0.203183 -0.032512 0.766551 0.621448 
2.500000 0.054982 0.041985 -0.141116 -0.041830 0.767274 0.622985 
2.533330 0.055770 0.037738 -0.513773 -0.045024 0.770377 0.624035 
2.566670 0.059385 0.027503 -0.671159 -0.089929 0.771270 0.625164 
2.600000 0.065168 0.012365 -0.677519 -0.095628 0.773560 0.625946 
2.633330 0.064427 0.004462 -0.612828 -0.111275 0.776540 0.625591 
2.666670 0.061237 0.006579 -0.320568 -0.141241 0.778453 0.624737 
2.700000 0.062918 0.008146 0.171458 -0.162066 0.779101 0.625976 
2.733330 0.063377 -0.000950 0.463236 -0.116525 0.783111 0.625196 
2.766670 0.054473 -0.007999 0.397408 -0.101303 0.784290 0.625028 
2.800000 0.042291 -0.005356 0.282880 -0.108923 0.785789 0.624267 
2.833330 0.035079 0.003890 0.292993 -0.098772 0.787408 0.624039 
2.866670 0.036062 0.012982 0.241954 -0.076328 0.787962 0.624491 
2.900000 0.041281 0.019728 0.002766 -0.077423 0.789467 0.625127 
2.933330 0.045703 0.024952 -0.312621 -0.077419 0.791539 0.625167 
2.966670 0.047404 0.030091 -0.546670 -0.103457 0.792154 0.626524 
3.000000 0.048989 0.031587 -0.612583 -0.108448 0.795096 0.627187 
3.033330 0.048195 0.031281 -0.530116 -0.151532 0.795652 0.627869 
3.066670 0.045054 0.022112 -0.429976 -0.150259 0.797942 0.628872 
3.100000 0.041214 0.004768 -0.346184 -0.153308 0.800303 0.629009 
3.133330 0.047487 -0.012353 -0.149068 -0.194886 0.799813 0.628905 
3.166670 0.062351 -0.020856 0.164337 -0.165691 0.802515 0.627918 
3.200000 0.074015 -0.008628 0.404703 -0.175915 0.804573 0.625998 
3.233330 0.073445 0.008316 0.437315 -0.142650 0.806912 0.626169 
3.266670 0.062471 0.018015 0.321077 -0.134853 0.809718 0.626523 
3.300000 0.050324 0.016198 0.208369 -0.128911 0.811728 0.627131 
3.333330 0.048906 0.016475 0.109355 -0.132052 0.812765 0.627151 
3.366670 0.057719 0.025444 -0.095880 -0.109282 0.814101 0.627204 
3.400000 0.061318 0.038169 -0.385972 -0.133812 0.817582 0.628101 
3.433330 0.055678 0.038083 -0.582456 -0.141848 0.818916 0.629862 
3.466670 0.045328 0.029063 -0.606394 -0.173673 0.821202 0.630463 
3.500000 0.036246 0.019324 -0.556382 -0.191432 0.822126 0.630662 
3.533330 0.032024 0.010908 -0.462973 -0.187137 0.824212 0.630915 
3.566670 0.037479 0.002198 -0.209654 -0.234040 0.824170 0.631692 
3.600000 0.051157 -0.010668 0.144140 -0.222536 0.825942 0.630152 
3.633330 0.062666 -0.020554 0.360566 -0.195274 0.828292 0.630601 
3.666670 0.067532 -0.015143 0.385706 -0.205708 0.829355 0.627996 
3.700000 0.064515 -0.000746 0.332843 -0.174362 0.832473 0.627531 
3.733330 0.055806 0.014287 0.258379 -0.176587 0.833778 0.628119 
3.766670 0.044945 0.019122 0.114184 -0.170331 0.836181 0.627888 
3.800000 0.040960 0.019155 -0.154596 -0.156692 0.837558 0.628868 
3.833330 0.050747 0.024042 -0.453258 -0.175371 0.838305 0.628709 
3.866670 0.067749 0.032918 -0.635455 -0.200145 0.840641 0.629429 
3.900000 0.075258 0.037101 -0.723603 -0.219805 0.843781 0.630242 
3.933330 0.066820 0.030630 -0.757142 -0.233942 0.846460 0.630953 
3.966670 0.053204 0.015899 -0.594659 -0.271396 0.848670 0.630667 
4.000000 0.052362 -0.002200 -0.160405 -0.290311 0.850008 0.631747 
4.033330 0.066156 -0.011040 0.315965 -0.279190 0.851512 0.629681 
4.066670 0.078872 -0.004981 0.533404 -0.262966 0.853315 0.628797 
4.100000 0.077089 0.004672 0.456755 -0.235046 0.857860 0.628247 
4.133330 0.067867 0.009578 0.273667 -0.236072 0.858612 0.627965 
4.166670 0.065875 0.008383 0.084331 -0.229274 0.861571 0.628460 
4.200000 0.068465 0.011235 -0.153590 -0.221166 0.862763 0.627288 
4.233330 0.061632 0.023433 -0.397386 -0.230518 0.866305 0.627589 
4.266670 0.044720 0.037378 -0.556290 -0.265640 0.868306 0.628223 
4.300000 0.035283 0.035926 -0.653811 -0.262662 0.868826 0.628233 
4.333330 0.037310 0.019839 -0.637515 -0.293299 0.870877 0.631952 
4.366670 0.045566 0.008853 -0.306162 -0.316890 0.872460 0.628829 
4.400000 0.057203 0.015725 0.243995 -0.327964 0.873807 0.628966 
4.433330 0.070108 0.016355 0.461439 -0.312475 0.874731 0.629418 
4.466670 0.070467 -0.008791 0.106869 -0.241867 0.880248 0.630556 
4.500000 0.058558 -0.021295 -0.262798 -0.312315 0.880271 0.627246 
4.533330 0.049039 -0.013439 -0.169129 -0.311806 0.881512 0.625857 
4.566670 0.049916 0.004732 0.101110 -0.300472 0.883240 0.626453 
4.600000 0.055603 0.014772 0.136655 -0.293311 0.885483 0.625927 
4.633330 0.061993 0.018759 -0.036267 -0.290111 0.887043 0.625957 
4.666670 0.066007 0.022381 -0.243800 -0.306755 0.889127 0.625472 
4.700000 0.063223 0.020644 -0.436792 -0.304658 0.892015 0.626546 
4.733330 0.056038 0.019385 -0.563396 -0.323040 0.894569 0.625657 
4.766670 0.055161 0.025254 -0.554775 -0.360043 0.894974 0.626084 
4.800000 0.061636 0.028966 -0.453351 -0.357040 0.897837 0.625810 
4.833330 0.063851 0.020330 -0.311378 -0.374355 0.900568 0.626743 
4.866670 0.061226 0.001167 -0.148657 -0.402695 0.902610 0.626223 
4.900000 0.060093 -0.015097 -0.030278 -0.366045 0.903962 0.624582 
4.933330 0.061915 -0.010323 0.042161 -0.405349 0.905380 0.623833 
4.966670 0.060714 -0.003278 0.159510 -0.370986 0.907762 0.621725 
5.000000 0.058789 0.001917 0.346844 -0.385734 0.909963 0.622718 
5.033330 0.057286 0.004511 0.472873 -0.368741 0.910071 0.621503 
5.066670 0.055508 0.013406 0.385611 -0.330512 0.914666 0.619655 
5.100000 0.056543 0.026479 0.119395 -0.346009 0.913818 0.621736 
5.133330 0.059300 0.027448 -0.206460 -0.334172 0.917264 0.620756 
5.166670 0.051315 0.018602 -0.537771 -0.349362 0.919963 0.621776 
5.200000 0.036575 0.008051 -0.783281 -0.369404 0.920865 0.620792 
5.233330 0.031520 0.006351 -0.822324 -0.407988 0.921948 0.621371 
5.266670 0.041353 0.012368 -0.651439 -0.424782 0.922470 0.619949 
5.300000 0.053707 0.016612 -0.386693 -0.450918 0.924553 0.621421 
5.333330 0.058143 0.009527 -0.145944 -0.452007 0.927192 0.619450 
5.366670 0.059364 -0.003549 0.059511 -0.449011 0.928614 0.619858 
5.400000 0.065716 -0.010197 0.246668 -0.461466 0.929547 0.618531 
5.433330 0.072442 -0.007850 0.321838 -0.436463 0.932393 0.616314 
5.466670 0.074606 0.000247 0.263008 -0.415469 0.934218 0.615823 
5.500000 0.072767 0.007790 0.223093 -0.434722 0.936467 0.614978 
5.533330 0.068249 0.009750 0.199259 -0.414132 0.939175 0.614340 
5.566670 0.064365 0.017218 0.000437 -0.404312 0.941202 0.613391 
5.600000 0.066602 0.030057 -0.346569 -0.407987 0.942828 0.613359 
5.633330 0.071450 0.040539 -0.588592 -0.432759 0.945999 0.614145 
5.666670 0.071928 0.040766 -0.643927 -0.463352 0.948763 0.613520 
5.700000 0.070338 0.025465 -0.634141 -0.461378 0.951687 0.614110 
5.733330 0.069012 0.003656 -0.560387 -0.498903 0.953213 0.613912 
5.766670 0.069529 -0.017195 -0.322743 -0.512225 0.956289 0.611674 
5.800000 0.070873 -0.024131 -0.003353 -0.523136 0.956722 0.610351 
5.833330 0.070631 -0.018789 0.197151 -0.504859 0.958553 0.608158 
5.866670 0.065410 -0.007246 0.240202 -0.504836 0.961234 0.606489 
5.900000 0.055006 0.000793 0.256063 -0.491861 0.961883 0.606147 
5.933330 0.046993 0.008165 0.303815 -0.494069 0.964756 0.604839 
5.966670 0.050222 0.016427 0.272058 -0.473765 0.964898 0.604648 
6.000000 0.062252 0.025818 0.054195 -0.463597 0.967121 0.604890 
6.033330 0.068556 0.035868 -0.311733 -0.477444 0.970179 0.604466 
6.066670 0.067109 0.040952 -0.694736 -0.479913 0.972928 0.603812 
6.100000 0.068861 0.033832 -0.942161 -0.522822 0.974510 0.604961 
6.133330 0.079741 0.009583 -0.940754 -0.550920 0.978036 0.605130 
6.166670 0.085507 -0.009460 -0.663280 -0.577700 0.980096 0.602550 
6.200000 0.078149 -0.006962 -0.213263 -0.605215 0.981839 0.599552 
6.233330 0.068216 0.001329 0.146491 -0.597188 0.984156 0.599453 
6.266670 0.070772 0.001795 0.251031 -0.574514 0.986161 0.598409 
6.300000 0.085353 0.005445 0.281476 -0.576444 0.987791 0.597113 
6.333330 0.096584 0.022116 0.409494 -0.583562 0.990305 0.594852 
6.366670 0.094428 0.035075 0.463258 -0.542900 0.994756 0.593960 
6.400000 0.080909 0.034938 0.281003 -0.530177 0.997458 0.594715 
6.433330 0.064117 0.022489 -0.044075 -0.542387 0.999816 0.593534 
6.466670 0.049658 0.009455 -0.393781 -0.531850 1.002570 0.593378 
6.500000 0.042680 0.007032 -0.672542 -0.554876 1.002590 0.592030 
6.533330 0.048557 0.008150 -0.779595 -0.594295 1.004710 0.592289 
6.566670 0.064011 0.002895 -0.725727 -0.604211 1.006120 0.591338 
6.600000 0.078279 -0.004144 -0.543221 -0.629922 1.008070 0.589900 
6.633330 0.082025 -0.006740 -0.215370 -0.654992 1.010400 0.587934 
6.666670 0.073720 -0.005669 0.168101 -0.643075 1.012150 0.585649 
6.700000 0.059617 0.002369 0.423245 -0.639795 1.014130 0.585353 
6.733330 0.048135 0.013858 0.459185 -0.614854 1.015390 0.583106 
6.766670 0.048245 0.020687 0.342474 -0.601269 1.017190 0.583279 
6.800000 0.059281 0.013505 0.186299 -0.603587 1.018390 0.584380 
6.833330 0.067975 0.000170 0.049072 -0.583347 1.021680 0.581735 
6.866670 0.067885 0.001412 -0.060218 -0.598028 1.022200 0.580170 
6.900000 0.069153 0.014495 -0.200874 -0.603198 1.025140 0.579937 
6.933330 0.076538 0.027768 -0.418567 -0.588628 1.026210 0.578750 
6.966670 0.076041 0.038164 -0.611348 -0.638564 1.030230 0.578577 
7.000000 0.066684 0.030023 -0.681249 -0.639700 1.032850 0.577116 
7.033330 0.061797 0.011548 -0.650220 -0.673797 1.035100 0.577993 
7.066670 0.074142 -0.005428 -0.512808 -0.682904 1.035920 0.576053 
7.100000 0.087836 -0.005998 -0.245731 -0.713717 1.037540 0.573796 
7.133330 0.082390 -0.000639 0.051854 -0.702741 1.041530 0.571600 
7.166670 0.063042 0.005000 0.233039 -0.701583 1.042050 0.570036 
7.200000 0.049860 0.002399 0.264825 -0.689560 1.043840 0.569393 
7.233330 0.053606 -0.008495 0.253170 -0.679793 1.045630 0.568392 
7.266670 0.067797 -0.015734 0.305813 -0.673310 1.045770 0.567480 
7.300000 0.075311 -0.006986 0.319292 -0.680795 1.047800 0.563846 
7.333330 0.069109 0.005199 0.108313 -0.627654 1.050410 0.562844 
7.366670 0.059736 0.018826 -0.216784 -0.664199 1.051970 0.562871 
7.400000 0.054598 0.023653 -0.425021 -0.669219 1.053090 0.561468 
7.433330 0.050101 0.023362 -0.565639 -0.687651 1.056670 0.560858 
7.466670 0.049580 0.017012 -0.746268 -0.692443 1.056990 0.561278 
7.500000 0.055510 0.014231 -0.823440 -0.739098 1.059050 0.559947 
7.533330 0.063729 0.015977 -0.621283 -0.759262 1.060700 0.558710 
7.566670 0.069198 0.017894 -0.200597 -0.776989 1.062750 0.557895 
7.600000 0.071400 0.012676 0.188778 -0.778735 1.065030 0.556812 
7.633330 0.068674 0.000635 0.328676 -0.756409 1.066590 0.554743 
7.666670 0.061298 -0.007714 0.256437 -0.746593 1.068870 0.554164 
7.700000 0.055795 -0.005545 0.203439 -0.746346 1.068900 0.551005 
7.733330 0.059239 0.003883 0.253532 -0.746032 1.070960 0.551161 
7.766670 0.071029 0.011046 0.272349 -0.719692 1.072330 0.549605 
7.800000 0.080970 0.016461 0.163570 -0.723387 1.074540 0.547794 
7.833330 0.081866 0.018634 -0.055833 -0.717376 1.077880 0.547157 
7.866670 0.074916 0.020666 -0.332048 -0.718841 1.079120 0.545009 
7.900000 0.067534 0.021832 -0.552358 -0.740072 1.082420 0.544453 
7.933330 0.067827 0.018895 -0.613093 -0.759005 1.083930 0.543743 
7.966670 0.074456 0.016946 -0.584148 -0.790549 1.085760 0.542424 
8.000000 0.079388 0.013533 -0.581816 -0.786491 1.088520 0.540459 
8.033330 0.077640 0.006560 -0.491694 -0.814101 1.090140 0.539032 
8.066670 0.072909 -0.008028 -0.180058 -0.851438 1.092720 0.537971 
8.100000 0.067517 -0.023484 0.160790 -0.819884 1.093120 0.534629 
8.133330 0.067057 -0.019890 0.303711 -0.822496 1.094250 0.533229 
8.166670 0.073754 -0.006766 0.326352 -0.804567 1.094530 0.530603 
8.200000 0.084075 0.002525 0.337176 -0.810307 1.097810 0.529139 
8.233330 0.087987 0.001621 0.230311 -0.786242 1.098930 0.528078 
8.266670 0.079934 0.007717 -0.035289 -0.770992 1.102060 0.523947 
8.300000 0.069449 0.024435 -0.273308 -0.801122 1.102580 0.523433 
8.333330 0.071850 0.032493 -0.381504 -0.802520 1.106690 0.523474 
8.366670 0.080728 0.032371 -0.451252 -0.809918 1.107320 0.522346 
8.400000 0.079283 0.030041 -0.542447 -0.839204 1.111630 0.519093 
8.433330 0.071395 0.018869 -0.623279 -0.845838 1.113540 0.519957 
8.466670 0.067501 0.012425 -0.654463 -0.872962 1.115010 0.517832 
