0.066667 0.051665 -0.017154 1.492243 0.497487 0.727292 0.144078 
0.100000 0.052061 -0.012444 1.459585 0.492143 0.728346 0.145943 
0.133333 0.050534 -0.013078 1.434806 0.549182 0.730402 0.146172 
0.166667 0.045452 -0.018127 1.344865 0.614560 0.732501 0.146574 
0.200000 0.044276 -0.015029 1.006754 0.637818 0.733737 0.146760 
0.233333 0.051491 -0.007671 0.431395 0.675508 0.734750 0.147266 
0.266667 0.060304 0.002035 -0.189607 0.680979 0.736690 0.148568 
0.300000 0.064648 0.006670 -0.521037 0.661826 0.738932 0.149903 
0.333333 0.071222 -0.001390 -0.415645 0.623579 0.739135 0.151983 
0.366667 0.082574 -0.019331 -0.190660 0.634719 0.741723 0.152640 
0.400000 0.088738 -0.025325 -0.264756 0.623542 0.745327 0.153728 
0.433333 0.083967 -0.020208 -0.594609 0.630596 0.748111 0.154713 
0.466667 0.077552 -0.009893 -0.694968 0.584760 0.750344 0.156272 
0.500000 0.073680 -0.008509 -0.258289 0.554387 0.751968 0.156705 
0.533333 0.067479 -0.018403 0.460343 0.573165 0.755370 0.158317 
0.566667 0.058119 -0.028602 0.989310 0.590899 0.756488 0.159058 
0.600000 0.052402 -0.030468 1.162416 0.649121 0.759414 0.158351 
0.633333 0.055328 -0.020975 1.202594 0.673422 0.760742 0.158496 
0.666667 0.058537 -0.015815 1.337570 0.712371 0.763004 0.160254 
0.700000 0.060592 -0.017097 1.420147 0.754259 0.764431 0.161399 
0.733333 0.067372 -0.016856 1.128680 0.820884 0.766461 0.160915 
0.766667 0.080772 -0.009105 0.479730 0.843744 0.768858 0.163807 
0.800000 0.091012 -0.001305 -0.136530 0.842647 0.769950 0.164954 
0.833333 0.089391 0.002784 -0.392004 0.831330 0.772903 0.168053 
0.866667 0.080554 0.003237 -0.342096 0.804917 0.774827 0.170308 
0.900000 0.078607 -0.006306 -0.301266 0.809733 0.775901 0.171268 
0.933333 0.084102 -0.021017 -0.405824 0.811394 0.777702 0.173665 
0.966667 0.086157 -0.026559 -0.507941 0.761812 0.781468 0.175086 
1.000000 0.080847 -0.028906 -0.468010 0.776681 0.784192 0.175817 
1.033330 0.082264 -0.026802 -0.194051 0.750220 0.785724 0.177672 
1.066670 0.089612 -0.028397 0.335687 0.736399 0.788771 0.178006 
1.100000 0.089803 -0.031720 0.857806 0.772189 0.791964 0.180343 
1.133330 0.081822 -0.028378 1.074194 0.813648 0.795078 0.181232 
1.166670 0.077691 -0.021646 1.075941 0.847138 0.796998 0.182389 
1.200000 0.080959 -0.018937 1.117120 0.872895 0.798840 0.184037 
1.233330 0.081258 -0.018768 1.165140 0.909603 0.801309 0.186016 
1.266670 0.076764 -0.012945 1.038936 0.970429 0.803985 0.188092 
1.300000 0.080279 0.000374 0.754259 0.981413 0.805490 0.188987 
1.333330 0.090060 0.004215 0.380988 0.997774 0.805103 0.191879 
1.366670 0.091713 -0.002311 -0.066189 1.027770 0.809135 0.195516 
1.400000 0.087688 -0.004855 -0.387987 1.003170 0.809558 0.197158 
1.433330 0.094029 -0.005609 -0.405890 0.969873 0.811402 0.199486 
1.466670 0.107655 -0.009514 -0.349533 0.979533 0.813226 0.201728 
1.500000 0.109900 -0.010140 -0.490629 0.967600 0.816306 0.205423 
1.533330 0.097046 -0.012480 -0.629267 0.950828 0.818574 0.208159 
1.566670 0.088617 -0.020054 -0.360483 0.914975 0.820456 0.209966 
1.600000 0.098921 -0.035101 0.324371 0.907450 0.822543 0.211499 
1.633330 0.118188 -0.051685 1.024367 0.946736 0.826238 0.213681 
1.666670 0.130653 -0.057813 1.469539 0.992257 0.830445 0.216020 
1.700000 0.130655 -0.049529 1.704273 1.036820 0.834497 0.219068 
1.733330 0.120694 -0.031866 1.695687 1.091280 0.837437 0.221543 
1.766670 0.107785 -0.012546 1.257367 1.159440 0.840252 0.225429 
1.800000 0.103480 0.001773 0.527895 1.201030 0.841699 0.228287 
1.833330 0.110301 0.008473 -0.008396 1.175830 0.841026 0.230806 
1.866670 0.116932 0.002792 -0.155183 1.177860 0.844516 0.235388 
1.900000 0.115847 -0.007787 -0.150350 1.185980 0.844877 0.239339 
1.933330 0.115507 -0.017711 -0.202925 1.166850 0.846766 0.241425 
1.966670 0.118007 -0.026304 -0.324333 1.169650 0.849032 0.245766 
2.000000 0.115859 -0.022634 -0.448515 1.150390 0.851823 0.248284 
2.033330 0.107133 -0.018082 -0.451344 1.138130 0.854349 0.252044 
2.066670 0.103018 -0.022726 -0.190202 1.122220 0.855078 0.254955 
2.100000 0.110221 -0.031813 0.331852 1.114470 0.857626 0.256841 
2.133330 0.120810 -0.036066 0.892319 1.143590 0.861844 0.260435 
2.166670 0.125086 -0.033903 1.260919 1.184420 0.862639 0.263440 
2.200000 0.118350 -0.032474 1.421141 1.230090 0.866916 0.267192 
2.233330 0.104580 -0.033463 1.478647 1.270860 0.867902 0.270785 
2.266670 0.094010 -0.033259 1.460338 1.334110 0.869876 0.272923 
2.300000 0.098308 -0.016052 1.245475 1.355760 0.872248 0.276210 
2.333330 0.113688 0.002908 0.693646 1.428260 0.873213 0.278492 
2.366670 0.125573 0.018375 -0.051589 1.412640 0.872284 0.283726 
2.400000 0.125112 0.007622 -0.523104 1.426650 0.872985 0.288167 
2.433330 0.121380 -0.004218 -0.465687 1.351290 0.873018 0.291668 
2.466670 0.126386 -0.025402 -0.223980 1.386140 0.875123 0.295601 
2.500000 0.139035 -0.029987 -0.239359 1.372060 0.876649 0.299584 
2.533330 0.142295 -0.029883 -0.438904 1.365520 0.878530 0.303456 
2.566670 0.128471 -0.029256 -0.438735 1.334840 0.881010 0.310153 
2.600000 0.113205 -0.038039 -0.019233 1.337400 0.882023 0.311694 
2.633330 0.116371 -0.043842 0.672241 1.320860 0.884945 0.314897 
2.666670 0.123835 -0.051281 1.201691 1.375290 0.887097 0.318895 
2.700000 0.120143 -0.049543 1.338072 1.439690 0.889631 0.323009 
2.733330 0.109631 -0.030743 1.324545 1.448710 0.892171 0.326613 
2.766670 0.100310 -0.015129 1.410133 1.511470 0.892206 0.329517 
2.800000 0.100936 -0.002881 1.496911 1.555630 0.893153 0.333266 
2.833330 0.109070 -0.000061 1.322197 1.598810 0.893132 0.336332 
2.866670 0.118160 -0.009841 0.749301 1.657130 0.892384 0.340015 
2.900000 0.124236 -0.019268 0.014736 1.663600 0.893074 0.345025 
2.933330 0.129576 -0.021704 -0.408440 1.643530 0.893054 0.348095 
2.966670 0.133869 -0.016133 -0.368815 1.620530 0.894047 0.353226 
3.000000 0.134002 -0.012352 -0.214970 1.620060 0.894016 0.357835 
3.033330 0.132848 -0.017367 -0.307846 1.620980 0.893989 0.361933 
3.066670 0.134267 -0.031098 -0.555282 1.609030 0.894473 0.366552 
3.100000 0.136117 -0.044561 -0.556695 1.577300 0.895988 0.370674 
3.133330 0.133928 -0.049425 -0.124685 1.555470 0.896979 0.376331 
3.166670 0.127739 -0.041709 0.518112 1.571510 0.899769 0.379347 
3.200000 0.121981 -0.028323 1.047159 1.598140 0.901045 0.384087 
3.233330 0.120967 -0.028718 1.352290 1.641790 0.899919 0.389273 
3.266670 0.126864 -0.038783 1.533340 1.694730 0.901489 0.390390 
3.300000 0.129957 -0.036069 1.647674 1.729590 0.903158 0.397715 
3.333330 0.119959 -0.024300 1.535159 1.802110 0.902367 0.401589 
3.366670 0.110386 -0.009453 1.037376 1.848540 0.902328 0.404602 
3.400000 0.114405 -0.003155 0.318189 1.869660 0.901234 0.408772 
3.433330 0.129837 -0.005145 -0.190502 1.876410 0.899841 0.411842 
3.466670 0.139768 -0.005013 -0.237625 1.839080 0.899563 0.416237 
3.500000 0.129618 -0.013872 -0.113814 1.838310 0.897711 0.422631 
3.533330 0.110178 -0.029288 -0.223475 1.873300 0.897069 0.424690 
3.566670 0.103725 -0.029802 -0.363780 1.827570 0.897665 0.429849 
