0.7 0.00231594 -6.32637e-005 -0.00425995 0.134174 
0.733333 0.00252608 -0.000123492 -0.00271427 0.13306 
0.766667 0.00268685 -0.000205502 -0.00178726 0.132765 
0.8 0.00280775 -0.000281191 0.00072551 0.13523 
0.833333 0.00291018 -0.000327177 0.00320441 0.138564 
0.866667 0.00297082 -0.000347462 0.00769065 0.145089 
0.9 0.00299727 -0.000398935 0.00837751 0.148507 
0.933333 0.00309901 -0.000379768 0.00867289 0.151639 
0.966667 0.00316367 -0.00031636 0.00669365 0.15219 
1 0.00314268 -0.000158501 0.0055115 0.15303 
1.03333 0.00315625 -4.97205e-005 0.00290991 0.151794 
1.06667 0.00320834 1.51851e-006 0.000377118 0.149773 
1.1 0.00328129 3.22443e-005 -0.00213917 0.146928 
1.13333 0.0033753 4.96955e-005 -0.00420925 0.143771 
1.16667 0.00342129 5.24711e-005 -0.00502472 0.141405 
1.2 0.00339334 2.12107e-006 -0.00560156 0.139049 
1.23333 0.00336923 -5.50709e-005 -0.00408238 0.138975 
1.26667 0.00329926 -0.000121913 -0.0017268 0.140395 
1.3 0.00334055 -0.000203763 0.000635175 0.142608 
1.33333 0.00341498 -0.000273441 0.00434964 0.147204 
1.36667 0.00348642 -0.000315911 0.00806767 0.153043 
1.4 0.00364523 -0.000345919 0.0094505 0.157365 
1.43333 0.00371957 -0.000339338 0.00929315 0.160329 
1.46667 0.00374745 -0.000230874 0.00701045 0.160732 
1.5 0.00377899 -8.67156e-005 0.00621946 0.162135 
1.53333 0.00379233 1.39844e-005 0.00386617 0.16143 
1.56667 0.00381181 0.000104785 0.000328305 0.158543 
1.6 0.00381533 0.000138278 -0.00484039 0.152551 
1.63333 0.00392311 0.000180747 -0.00732024 0.14801 
1.66667 0.0040475 0.000136559 -0.00855998 0.144106 
1.7 0.00410744 1.2203e-005 -0.00741915 0.1426 
1.73333 0.00414528 -7.62918e-005 -0.00457279 0.143487 
1.76667 0.00423734 -0.000181388 -0.00180069 0.145235 
1.8 0.00424629 -0.000224621 0.00140834 0.148423 
1.83333 0.00424825 -0.000240576 0.0038878 0.151819 
1.86667 0.00423621 -0.000262064 0.00855189 0.158621 
1.9 0.00415018 -0.000331189 0.0111319 0.164517 
1.93333 0.00415054 -0.000282152 0.0122449 0.169542 
1.96667 0.0041848 -0.00023922 0.01055 0.171622 
2 0.00424565 -0.00018588 0.00753059 0.171575 
2.03333 0.00424289 -4.74316e-005 0.00528921 0.171439 
2.06667 0.00413275 8.10752e-005 0.00222808 0.169589 
2.1 0.00421938 0.000153769 -0.000923887 0.166611 
2.13333 0.00416279 0.000190901 -0.00235353 0.164615 
2.16667 0.00416978 0.000163833 -0.00251509 0.16364 
2.2 0.00413938 7.05842e-005 -0.00256156 0.162747 
2.23333 0.00412564 -1.28676e-005 -0.00197825 0.162581 
2.26667 0.00417383 -9.05541e-005 -0.000262692 0.163947 
2.3 0.00422421 -0.000163889 0.00277259 0.167442 
2.33333 0.00433333 -0.000228116 0.00670276 0.173006 
2.36667 0.00432629 -0.00026887 0.0109183 0.180217 
2.4 0.00440309 -0.000279492 0.0118401 0.184944 
2.43333 0.00446645 -0.000184527 0.0140147 0.191458 
2.46667 0.00449775 -0.000198352 0.0103152 0.191762 
2.5 0.00453157 -0.000176889 0.00765819 0.192064 
2.53333 0.00463946 -0.000135517 0.00456519 0.190966 
2.56667 0.00463198 -6.98445e-005 0.00137718 0.188724 
2.6 0.00466934 -8.47117e-006 -0.00303834 0.183971 
2.63333 0.00483462 7.66053e-005 -0.00620702 0.179218 
2.66667 0.00491675 9.89606e-005 -0.00705845 0.176144 
2.7 0.00499401 7.56049e-005 -0.00613366 0.174882 
2.73333 0.0050134 -1.63026e-005 -0.00542522 0.173674 
2.76667 0.00502541 -0.0002018 -0.00356731 0.174059 
2.8 0.00508309 -0.000307752 -0.000526534 0.176459 
2.83333 0.00493954 -0.000343601 0.00287094 0.180294 
2.86667 0.00494049 -0.000370095 0.00442709 0.183088 
2.9 0.00488427 -0.000326405 0.00618957 0.186645 
2.93333 0.00494333 -0.000296116 0.00777907 0.190584 
2.96667 0.00499318 -0.0001917 0.00890959 0.194512 
3 0.00502282 -0.000155986 0.00638144 0.194497 
3.03333 0.00506136 -0.000127558 0.00495279 0.194938 
3.06667 0.00501963 7.92557e-006 0.003509 0.194884 
3.1 0.00501697 6.11224e-005 -0.00143896 0.190213 
3.13333 0.00496263 0.000107078 -0.00427301 0.186388 
3.16667 0.005042 0.000131768 -0.00773831 0.180873 
3.2 0.00509107 0.000110599 -0.00723119 0.178892 
3.23333 0.00511925 8.52876e-005 -0.00541741 0.178623 
3.26667 0.00511583 9.1558e-007 -0.00347198 0.179114 
3.3 0.00526142 -8.89261e-005 9.98962e-005 0.182173 
3.33333 0.00530877 -0.000114936 0.0022453 0.184739 
3.36667 0.00532613 -0.000149379 0.00539854 0.189209 
3.4 0.00537694 -0.000237432 0.00748647 0.193474 
3.43333 0.00535438 -0.000243815 0.0095045 0.198351 
3.46667 0.00536158 -0.000191663 0.00942761 0.201429 
3.5 0.00545855 -8.32228e-005 0.00737444 0.202148 
3.53333 0.00556819 1.70961e-005 0.00641075 0.203468 
3.56667 0.00566156 7.28223e-005 0.00295112 0.201521 
3.6 0.0056541 0.0001095 -4.69917e-005 0.198966 
3.63333 0.00573078 9.79592e-005 -0.00269497 0.195824 
3.66667 0.00569922 0.000109341 -0.00527362 0.191882 
3.7 0.00569981 -3.83925e-006 -0.0083313 0.186514 
3.73333 0.00567689 3.82308e-005 -0.00584508 0.186672 
3.76667 0.00567512 3.56506e-005 -0.00422838 0.186632 
3.8 0.00572538 -5.45509e-005 -0.00263491 0.187104 
3.83333 0.00570671 -9.23652e-005 0.000643129 0.190095 
3.86667 0.00572578 -9.28747e-005 0.00597073 0.196599 
3.9 0.00566761 -0.000221749 0.00781993 0.200772 
3.93333 0.00570227 -0.000237801 0.0102685 0.206269 
3.96667 0.00568609 -0.000196487 0.00873983 0.207887 
4 0.00568512 -7.70531e-005 0.00911154 0.211239 
4.03333 0.00573163 1.08389e-005 0.00567345 0.210218 
4.06667 0.00580113 1.72623e-005 0.00359145 0.209651 
4.1 0.00587673 7.13618e-005 0.000514481 0.207216 
4.13333 0.00590316 0.000158991 -0.00273102 0.203556 
4.16667 0.00598503 0.000202883 -0.00624545 0.198497 
4.2 0.00607354 0.000227566 -0.00684118 0.195712 
4.23333 0.00616195 0.00016378 -0.00512391 0.195459 
4.26667 0.00627764 6.47595e-005 -0.00464329 0.194319 
4.3 0.00631392 -4.45418e-005 -0.00334137 0.194308 
4.33333 0.00640276 -0.000114962 -0.000436854 0.196623 
4.36667 0.00643058 -0.000131835 0.00177595 0.199089 
4.4 0.00645429 -0.000125028 0.00598547 0.20465 
4.43333 0.00643041 -0.000119705 0.00814908 0.209199 
4.46667 0.00650451 -0.000135841 0.00911565 0.213057 
4.5 0.0065221 -0.000130632 0.00796028 0.214731 
4.53333 0.00648287 -0.00012153 0.00399053 0.212699 
4.56667 0.00656406 -7.3311e-005 0.00231949 0.212056 
4.6 0.00658202 -2.37014e-005 -0.00326811 0.206234 
4.63333 0.00661473 0.000108614 -0.00522968 0.202829 
4.66667 0.00663876 0.000214757 -0.00764933 0.198229 
4.7 0.00666262 0.000224109 -0.0079208 0.195359 
4.73333 0.00662216 0.0001452 -0.00961957 0.190713 
4.76667 0.00656126 9.63667e-005 -0.00719221 0.190372 
4.8 0.00653106 6.53444e-005 -0.00501851 0.190541 
4.83333 0.00647289 -2.98693e-005 -0.00285199 0.191425 
4.86667 0.00652004 -6.03277e-005 0.00141174 0.195508 
4.9 0.0065406 -0.00015085 0.00543434 0.200727 
4.93333 0.00652489 -0.000276441 0.00992141 0.207835 
4.96667 0.00651958 -0.000258365 0.0084661 0.209424 
5 0.00657347 -0.000185458 0.005794 0.209092 
5.03333 0.00668529 -3.75423e-005 0.00401193 0.20892 
5.06667 0.00681237 3.99279e-005 0.00173623 0.207571 
5.1 0.0068963 0.00010921 -0.00135931 0.204495 
5.13333 0.00701022 0.000158516 -0.00460601 0.20021 
5.16667 0.00704964 0.000225605 -0.00647892 0.196463 
5.2 0.00702849 0.000229717 -0.00828505 0.192172 
5.23333 0.00703492 0.000226405 -0.00786513 0.189906 
5.26667 0.00713497 0.000208309 -0.00461955 0.191115 
5.3 0.00714032 7.3503e-005 -0.00349871 0.190898 
5.33333 0.00718177 -2.89533e-005 -0.0002386 0.193581 
5.36667 0.00724908 -0.000111171 0.00273243 0.197008 
5.4 0.00725602 -0.000175652 0.00540659 0.201076 
5.43333 0.00726391 -0.00018714 0.0081995 0.206175 
5.46667 0.00726424 -0.000188791 0.00849606 0.209258 
5.5 0.00723171 -0.000140847 0.00720268 0.210563 
5.53333 0.00721095 -3.94005e-005 0.00536117 0.210791 
5.56667 0.00726533 6.06095e-005 0.00330387 0.210149 
5.6 0.0072764 0.000107658 0.000113415 0.207484 
5.63333 0.00732686 0.000205046 -0.00455838 0.202007 
5.66667 0.00736935 0.000377763 -0.0092271 0.194976 
5.7 0.00734928 0.000423841 -0.00927217 0.191847 
5.73333 0.00734703 0.000418072 -0.00696991 0.191474 
5.76667 0.0073206 0.000255989 -0.00403177 0.19262 
5.8 0.00723419 0.000146838 -0.00202753 0.193642 
5.83333 0.00727744 4.88544e-005 0.00249783 0.198308 
5.86667 0.00722639 -4.07191e-005 0.00471546 0.201758 
5.9 0.00729155 -0.000127011 0.0074105 0.206511 
5.93333 0.00736937 -0.000145649 0.00869049 0.210492 
5.96667 0.00744608 -9.41344e-005 0.00936248 0.214183 
6 0.00745321 -3.90739e-005 0.00732988 0.214904 
6.03333 0.007581 0.000132878 0.00778208 0.217881 
6.06667 0.00753734 0.000173674 0.00495633 0.217139 
6.1 0.0074856 0.000264218 0.00100838 0.214131 
6.13333 0.00747518 0.000304706 -0.00232901 0.210528 
6.16667 0.00754527 0.000312162 -0.00589931 0.205537 
6.2 0.00758367 0.000376916 -0.00580379 0.203683 
6.23333 0.00764864 0.000314786 -0.00473295 0.203012 
6.26667 0.00768143 0.000184709 -0.00284315 0.203666 
6.3 0.00762355 7.10476e-005 -0.000217736 0.205817 
6.33333 0.00759717 -4.92566e-005 0.00256298 0.209027 
6.36667 0.00752542 -0.000154616 0.00695453 0.215065 
6.4 0.0075127 -0.000248643 0.00988779 0.220846 
6.43333 0.0075083 -0.000215594 0.0135447 0.228459 
6.46667 0.00742891 -0.000239671 0.0122432 0.231437 
6.5 0.00737615 -0.000153022 0.00981684 0.232654 
6.53333 0.00739114 -5.98247e-005 0.00778515 0.233528 
6.56667 0.00738396 8.86382e-006 0.00395108 0.231597 
6.6 0.00744383 9.32954e-005 0.00148241 0.23 
6.63333 0.00743309 0.000122332 -0.00149175 0.226983 
6.66667 0.0074499 0.000173528 -0.00372729 0.223847 
6.7 0.00752915 0.000109904 -0.00556304 0.220438 
6.73333 0.00764649 6.30123e-005 -0.00407866 0.220336 
6.76667 0.00766386 9.6263e-006 -0.00420858 0.218823 
6.8 0.0077812 -6.01662e-005 -0.00161798 0.220478 
6.83333 0.00785652 -0.000172054 0.00145419 0.223565 
6.86667 0.00797448 -0.000250195 0.00584878 0.229238 
6.9 0.00804512 -0.000268174 0.00931185 0.235275 
6.93333 0.00813265 -0.000321016 0.00929602 0.238361 
6.96667 0.00815514 -0.000206851 0.00928491 0.241446 
7 0.00825798 -0.000122788 0.00694986 0.241785 
7.03333 0.00831404 -1.79147e-006 0.0060718 0.243065 
7.06667 0.00832688 0.000111168 0.00272531 0.241138 
7.1 0.00836837 0.000240143 7.90907e-005 0.238923 
7.13333 0.00836504 0.000296377 -0.00288013 0.235456 
7.16667 0.00838843 0.000199407 -0.00725045 0.229337 
7.2 0.00839714 0.000206825 -0.00666303 0.227614 
7.23333 0.00841361 0.000163019 -0.00601787 0.226154 
7.26667 0.00846211 0.000144456 -0.0038279 0.226733 
7.3 0.00839465 9.89931e-005 -0.000576142 0.229296 
7.33333 0.00841004 -1.97601e-005 0.0023563 0.232566 
7.36667 0.00849127 -7.36922e-005 0.00594323 0.237585 
7.4 0.00839973 -0.000182041 0.00792816 0.24191 
7.43333 0.00835201 -0.000150399 0.0107414 0.247873 
7.46667 0.00828469 -0.000109971 0.0101784 0.250789 
7.5 0.00821524 -5.852e-005 0.00921407 0.253043 
7.53333 0.00819 5.16091e-005 0.00662396 0.253057 
7.56667 0.00828348 0.000126573 0.00347325 0.251546 
7.6 0.00830071 0.000214753 0.00010789 0.248731 
7.63333 0.00829481 0.000255725 -0.00261112 0.245557 
7.66667 0.00834008 0.000312189 -0.00297099 0.244262 
7.7 0.00838895 0.000194591 -0.00450628 0.24146 
7.73333 0.00836585 8.84316e-005 -0.00269815 0.242092 
7.76667 0.00839209 1.23123e-005 -0.00260037 0.241308 
7.8 0.00841866 -8.73415e-005 0.00059499 0.244213 
7.83333 0.00843046 -0.000163705 0.0033752 0.247693 
7.86667 0.00846737 -0.000188482 0.0062561 0.252219 
7.9 0.00853013 -0.000136701 0.00975556 0.258436 
7.93333 0.0085269 -0.00016886 0.0107753 0.262891 
7.96667 0.00855211 -0.000119227 0.0105906 0.266265 
8 0.00848847 -8.61129e-005 0.0101902 0.269322 
8.03333 0.00852179 -4.97289e-006 0.00808647 0.270236 
8.06667 0.00848847 0.000123611 0.00535621 0.269708 
8.1 0.00846657 0.000238854 0.00205394 0.267595 
8.13333 0.00852158 0.000318413 -0.000566342 0.265187 
8.16667 0.00854776 0.000326069 -0.00342196 0.261627 
8.2 0.00853058 0.000308805 -0.00517061 0.258422 
8.23333 0.00851782 0.000248251 -0.00484053 0.257089 
8.26667 0.00861799 0.000169492 -0.00363359 0.2569 
8.3 0.00849963 0.00011747 0.000456254 0.260516 
8.33333 0.00845837 3.52819e-005 0.0023048 0.262851 
8.36667 0.0084882 -1.07238e-005 0.00521713 0.267057 
8.4 0.00843151 -5.91351e-005 0.00704932 0.270959 
8.43333 0.0084506 -8.50241e-005 0.00957224 0.276287 
8.46667 0.00848668 -1.67409e-005 0.0101983 0.280217 
8.5 0.00852744 2.94342e-005 0.00997852 0.283356 
8.53333 0.00860441 0.000143125 0.00794633 0.284284 
8.56667 0.00861374 0.000187909 0.00479518 0.283213 
8.6 0.00867329 0.00026126 0.00339516 0.283158 
8.63333 0.0087029 0.000250423 -0.000304703 0.279923 
8.66667 0.00880016 0.00026271 -0.00368543 0.27583 
8.7 0.00880512 0.000250081 -0.00512135 0.272907 
8.73333 0.00889494 0.000217368 -0.00615337 0.269981 
8.76667 0.00896151 0.00014516 -0.00509711 0.269177 
8.8 0.00898282 2.19894e-005 -0.00225365 0.270835 
8.83333 0.00897895 -6.07632e-005 0.000489954 0.273322 
8.86667 0.00900066 -0.000125151 0.00351768 0.27706 
8.9 0.00895984 -0.000138166 0.00679501 0.282101 
8.93333 0.0089138 -0.000152507 0.010238 0.28843 
8.96667 0.00894233 -0.000135829 0.0113039 0.293101 
9 0.0088424 -6.4692e-005 0.0124616 0.298236 
9.03333 0.00889375 4.5137e-005 0.00960007 0.299012 
9.06667 0.00890288 0.000180275 0.00761139 0.299864 
9.1 0.00891177 0.000282754 0.00481592 0.299101 
9.13333 0.00900773 0.000314168 0.00230252 0.29774 
9.16667 0.00896028 0.000425602 -3.25692e-006 0.295785 
9.2 0.00891503 0.00046299 -0.00177216 0.293696 
9.23333 0.00892679 0.000399457 -0.00323387 0.29138 
9.26667 0.00893174 0.000303879 -0.00283243 0.290776 
9.3 0.00897762 0.000233273 -0.000576623 0.292495 
9.33333 0.00905476 9.78095e-005 0.000537186 0.293617 
9.36667 0.00903264 5.45168e-005 0.00300971 0.296715 
9.4 0.00903404 2.47611e-005 0.00767383 0.303224 
9.43333 0.00911273 -3.79922e-005 0.0108049 0.309478 
9.46667 0.0091537 -9.55194e-005 0.0130119 0.315685 
9.5 0.00923044 -0.000168245 0.0130702 0.320091 
9.53333 0.0092739 -6.62366e-005 0.0111712 0.322206 
9.56667 0.00932462 7.02338e-005 0.00923821 0.323648 
9.6 0.00938163 0.00017502 0.00693406 0.324007 
9.63333 0.00939551 0.000223853 0.00370161 0.322503 
9.66667 0.00943714 0.000284736 0.000295502 0.319716 
9.7 0.00944491 0.000308452 -0.00307209 0.315839 
9.73333 0.00944946 0.000307771 -0.00500275 0.312536 
9.76667 0.00945322 0.000247515 -0.00401825 0.312031 
9.8 0.0094474 0.000125536 -0.00274119 0.312199 
9.83333 0.00941112 1.32888e-005 -0.000464752 0.313972 
9.86667 0.00935864 -7.91509e-005 0.00170054 0.316373 
9.9 0.00933148 -0.000139423 0.00371625 0.31932 
9.93333 0.00939906 -0.000202604 0.00702463 0.324464 
9.96667 0.00939322 -0.000163716 0.0098886 0.330186 
10 0.00937833 -0.000131565 0.0102128 0.333865 
10.0333 0.00938658 -4.68036e-005 0.00875587 0.33555 
10.0667 0.00933125 5.48742e-005 0.00654376 0.335857 
10.1 0.00936396 0.00012636 0.00556638 0.336884 
10.1333 0.00942619 0.000204311 0.00295184 0.335654 
10.1667 0.00937697 0.000287812 0.000791404 0.334087 
10.2 0.00938137 0.000381244 -0.00255157 0.330405 
10.2333 0.00931938 0.000497086 -0.00506032 0.326593 
10.2667 0.00933894 0.000464567 -0.00613539 0.323637 
10.3 0.00950377 0.000298426 -0.00523377 0.322656 
10.3333 0.00957857 0.000205899 -0.00258886 0.324034 
10.3667 0.0097152 7.92466e-005 -0.000291741 0.325882 
10.4 0.00976746 -6.74835e-006 0.00281933 0.329458 
10.4333 0.00979538 -8.11621e-005 0.00691592 0.335233 
10.4667 0.00986275 -0.000158319 0.0100284 0.341213 
10.5 0.00990397 -0.000147876 0.0112154 0.345957 
10.5333 0.00990836 -6.62813e-005 0.0108191 0.349227 
10.5667 0.00998088 -3.64761e-006 0.00908665 0.350789 
10.6 0.00997189 0.000111994 0.00669636 0.350996 
10.6333 0.0100293 0.000146718 0.00423201 0.350319 
10.6667 0.00997779 0.000220051 0.000874779 0.347767 
10.7 0.00995751 0.000247621 -0.00236095 0.344239 
10.7333 0.00996508 0.000270108 -0.00440321 0.341041 
10.7667 0.00997412 0.000205789 -0.00488513 0.339004 
10.8 0.00995918 0.000128922 -0.0032702 0.339282 
10.8333 0.00991202 6.03608e-005 -0.00181633 0.339908 
10.8667 0.0098876 1.05802e-006 -5.35074e-005 0.341384 
10.9 0.00995736 -5.80497e-005 0.00191236 0.343687 
10.9333 0.00996168 -0.000116348 0.0050587 0.348038 
10.9667 0.00995962 -0.00013772 0.00847414 0.353756 
11 0.00996082 -0.000100671 0.0103457 0.35879 
11.0333 0.00981071 -2.60529e-005 0.00940508 0.361128 
11.0667 0.00981097 2.22244e-005 0.00810394 0.362727 
11.1 0.00977875 9.96294e-005 0.00663917 0.3637 
11.1333 0.00986206 0.00014698 0.00440638 0.363277 
11.1667 0.00992789 0.000190873 0.00163155 0.36147 
11.2 0.0100247 0.000232219 -0.00240425 0.35725 
11.2333 0.0100856 0.000214488 -0.00469646 0.353743 
11.2667 0.0102177 0.000184514 -0.00555574 0.351163 
11.3 0.0102209 0.000114492 -0.00425443 0.350847 
11.3333 0.010269 3.0175e-005 -0.00246215 0.351545 
11.3667 0.0103565 -8.5997e-005 0.000315603 0.354003 
11.4 0.0103925 -0.000189604 0.00274001 0.35697 
11.4333 0.0104589 -0.000201584 0.0062383 0.362013 
11.4667 0.0103968 -0.000242432 0.00951078 0.367956 
11.5 0.0103659 -0.000181997 0.0107429 0.37258 
11.5333 0.0103509 -8.91069e-005 0.00969505 0.374924 
11.5667 0.0103978 5.4314e-005 0.00827029 0.376474 
11.6 0.0104245 0.000159818 0.00599484 0.376545 
11.6333 0.0104573 0.000243523 0.00378988 0.37594 
11.6667 0.0104781 0.000298348 0.000796357 0.37367 
11.7 0.0104929 0.000335046 -0.00198353 0.370654 
11.7333 0.0104981 0.000300823 -0.00383345 0.367809 
11.7667 0.0105256 0.000256395 -0.00349572 0.36693 
11.8 0.0105136 0.000134995 -0.00240881 0.367047 
11.8333 0.0105001 6.36512e-005 -0.00128831 0.367567 
11.8667 0.0104937 -3.51332e-005 0.00102935 0.369874 
11.9 0.0105146 -8.06401e-005 0.00395653 0.373672 
11.9333 0.0104835 -0.000101115 0.00699834 0.378582 
11.9667 0.0104205 -0.000169651 0.00929014 0.38362 
12 0.0103773 -0.000201102 0.0105362 0.388187 
12.0333 0.010394 -0.000138296 0.0106178 0.391796 
12.0667 0.0104949 -5.27335e-005 0.00904955 0.393484 
12.1 0.0104426 0.000106695 0.00612357 0.393046 
12.1333 0.0104428 0.000191799 0.00409013 0.392687 
12.1667 0.0104151 0.000165258 -3.52971e-005 0.389181 
12.2 0.0105138 0.00020737 -0.00228665 0.386511 
12.2333 0.010579 0.000198686 -0.0039814 0.383749 
12.2667 0.0107232 0.00013745 -0.00366138 0.382799 
