0.7 0.00200478 5.6598e-005 -0.00619267 0.026393 
0.733333 0.00211846 -1.41556e-005 -0.00614413 0.0235803 
0.766667 0.00227513 -3.72523e-005 -0.00393561 0.0239497 
0.8 0.00232071 -0.000192201 -0.00219329 0.0244668 
0.833333 0.00233466 -0.000228929 0.0026724 0.0295965 
0.866667 0.00241343 -0.000360754 0.00489073 0.0332603 
0.9 0.00249221 -0.000497287 0.00535983 0.0354437 
0.933333 0.0025047 -0.0005557 0.00547067 0.0373561 
0.966667 0.0026378 -0.000441418 0.00549458 0.0392195 
1 0.00273518 -0.000291644 0.00387652 0.0391418 
1.03333 0.00277405 -0.000184639 0.00125156 0.0373369 
1.06667 0.00268473 -3.54235e-005 -0.00274861 0.0330311 
1.1 0.00266134 7.68072e-005 -0.00660656 0.0275598 
1.13333 0.00270059 0.000124082 -0.00960337 0.0218194 
1.16667 0.00270203 0.000191252 -0.00931677 0.0189565 
1.2 0.00274795 0.000142917 -0.00977215 0.0153132 
1.23333 0.00274306 7.93281e-005 -0.0073878 0.0148704 
1.26667 0.00280957 -5.52393e-005 -0.00466102 0.0156267 
1.3 0.00279179 -0.000126159 -0.000158281 0.0193883 
1.33333 0.00284182 -0.000220505 0.00381238 0.0240228 
1.36667 0.00283166 -0.000356699 0.00650981 0.0284778 
1.4 0.00285874 -0.000465713 0.007987 0.0323915 
1.43333 0.0028658 -0.00050455 0.00953089 0.0368763 
1.46667 0.00291469 -0.000424642 0.00902313 0.0394539 
1.5 0.00297808 -0.000353132 0.00617938 0.0391047 
1.53333 0.00303886 -0.000252534 0.00389739 0.0384707 
1.56667 0.003184 -0.00018013 -0.00131772 0.0336136 
1.6 0.00321852 -4.92658e-005 -0.00448234 0.0294386 
1.63333 0.00323235 7.58372e-005 -0.00734594 0.0245641 
1.66667 0.00328859 0.000191449 -0.00846616 0.0207931 
1.7 0.00319001 9.56869e-005 -0.00923123 0.0170679 
1.73333 0.00316246 -8.30324e-007 -0.00767651 0.0158261 
1.76667 0.00321262 -0.000161196 -0.00636742 0.0148126 
1.8 0.00338229 -0.000243691 -0.00205857 0.0177766 
1.83333 0.00347351 -0.000269951 0.00267066 0.0226731 
1.86667 0.00351516 -0.000360423 0.00663418 0.0282421 
1.9 0.00364762 -0.000424008 0.00867854 0.0328667 
1.93333 0.00355792 -0.000486708 0.00943365 0.036651 
1.96667 0.00356237 -0.000385913 0.00927428 0.0396074 
2 0.0035308 -0.000258361 0.00804602 0.0412489 
2.03333 0.00355128 -0.00012125 0.00550716 0.0409339 
2.06667 0.00352125 9.58926e-006 0.0013283 0.0378366 
2.1 0.00355045 0.000161587 -0.0018136 0.0345705 
2.13333 0.00358607 0.000294173 -0.00437101 0.0309471 
2.16667 0.00371122 0.000336029 -0.00735576 0.0259667 
2.2 0.00376101 0.000330037 -0.00794922 0.0228142 
2.23333 0.00374816 0.000208392 -0.0076345 0.020536 
2.26667 0.00376108 0.000144645 -0.00545563 0.0205632 
2.3 0.00377133 3.84603e-005 -0.0027561 0.0219313 
2.33333 0.00377066 -0.000126922 0.000882677 0.0253081 
2.36667 0.00380953 -0.000254883 0.00441795 0.0297755 
2.4 0.00389469 -0.000373666 0.00672829 0.0339755 
2.43333 0.00397208 -0.000304771 0.0104778 0.0406444 
2.46667 0.00412519 -0.000308183 0.0100983 0.0436891 
2.5 0.00422098 -0.000174198 0.0100669 0.047018 
2.53333 0.00425785 -0.000122177 0.00644968 0.0461037 
2.56667 0.00429559 -7.33242e-005 0.00283356 0.0439849 
2.6 0.00432612 3.61259e-005 -0.00040173 0.0411103 
2.63333 0.00424334 0.00012601 -0.00428297 0.0363947 
2.66667 0.00428525 0.000212563 -0.0068008 0.0319949 
2.7 0.00431903 0.000216669 -0.00801485 0.0282948 
2.73333 0.00428265 3.83252e-005 -0.00837469 0.0251984 
2.76667 0.00425179 -2.92425e-005 -0.00622977 0.0249388 
2.8 0.00431538 -0.000196448 -0.00266654 0.0270685 
2.83333 0.004319 -0.000301127 0.00159477 0.03121 
2.86667 0.00433028 -0.000431917 0.0033012 0.0337559 
2.9 0.00430454 -0.000488998 0.00583047 0.037842 
2.93333 0.00427494 -0.000493983 0.00854749 0.0429928 
2.96667 0.00424584 -0.000357965 0.0108566 0.0485678 
3 0.00432523 -0.000239432 0.00946895 0.0505486 
3.03333 0.00433359 -0.000206434 0.00649645 0.050196 
3.06667 0.00437367 -9.83864e-005 0.00431579 0.0497873 
3.1 0.0044275 -2.7601e-005 0.00135891 0.0477354 
3.13333 0.00448371 4.23876e-006 -0.00200949 0.0442121 
3.16667 0.00455445 8.20089e-005 -0.00598114 0.0388539 
3.2 0.00451702 7.15656e-005 -0.00952026 0.0326824 
3.23333 0.00469314 3.88724e-005 -0.00835072 0.0308896 
3.26667 0.00471766 -2.74004e-005 -0.00668976 0.0300667 
3.3 0.00470349 -7.46477e-005 -0.00495272 0.0298873 
3.33333 0.00479705 -0.000181873 -0.0015247 0.0322831 
3.36667 0.00490463 -0.000309468 0.00182543 0.0357295 
3.4 0.00503038 -0.000391088 0.00538439 0.0405392 
3.43333 0.00502687 -0.000442402 0.0080741 0.0455091 
3.46667 0.00506002 -0.000341333 0.00934438 0.0497 
3.5 0.00511961 -0.000270458 0.00735177 0.0504626 
3.53333 0.00512448 -8.22291e-005 0.00529947 0.0504905 
3.56667 0.00516287 4.59744e-005 0.00233172 0.0487537 
3.6 0.00516036 0.000148624 0.00203649 0.0491824 
3.63333 0.00515054 0.000200491 -0.000324945 0.0470737 
3.66667 0.00525488 0.000178331 -0.00391445 0.0427281 
3.7 0.00539435 5.94476e-005 -0.00745364 0.0372454 
3.73333 0.00542757 -7.49729e-005 -0.0080533 0.034053 
3.76667 0.00540323 -7.69618e-005 -0.00534669 0.0345636 
3.8 0.00542914 -7.83783e-005 -0.00241173 0.036246 
3.83333 0.00544294 -8.0658e-005 -0.000281018 0.0379573 
3.86667 0.00548798 -0.000130411 0.00289951 0.0416181 
3.9 0.00547818 -0.000302798 0.00523251 0.0453386 
3.93333 0.00551443 -0.00030664 0.00971305 0.0523719 
3.96667 0.00543314 -0.000306175 0.00969574 0.0555891 
4 0.00555635 -0.000250811 0.00969487 0.05882 
4.03333 0.00569887 -0.00017305 0.00779593 0.05981 
4.06667 0.00575988 -3.01386e-005 0.00397628 0.0578997 
4.1 0.00581367 8.86551e-005 0.000412477 0.0550182 
4.13333 0.00580297 0.000180102 -0.00271554 0.0514632 
4.16667 0.00595268 0.000132896 -0.005652 0.0470916 
4.2 0.00611481 7.58057e-005 -0.00619202 0.0445702 
4.23333 0.00631203 -4.41909e-005 -0.00449959 0.044504 
4.26667 0.0064319 -0.000191492 -0.00281414 0.0449938 
4.3 0.0065107 -0.000342251 -0.000773634 0.0464644 
4.33333 0.0066078 -0.000428283 0.000858884 0.0481337 
4.36667 0.00667315 -0.000472438 0.00312565 0.0510958 
4.4 0.00661126 -0.000408618 0.00444698 0.0536975 
4.43333 0.00656376 -0.000292051 0.00543729 0.0563488 
4.46667 0.0065339 -0.000194281 0.00586405 0.058665 
4.5 0.00664271 -0.000147145 0.00410301 0.0585409 
4.53333 0.00669168 -9.86269e-005 0.000547583 0.0557115 
4.56667 0.00670682 -2.77011e-005 -0.00189458 0.0530112 
4.6 0.00667751 1.57584e-005 -0.00546248 0.0481679 
4.63333 0.00674131 0.000128618 -0.00652238 0.0450959 
4.66667 0.00675455 0.000132581 -0.00653455 0.0429074 
4.7 0.00672195 0.000159398 -0.00541719 0.0420482 
4.73333 0.00673092 0.000124043 -0.00428503 0.0415789 
4.76667 0.00670718 5.92139e-006 -0.00115865 0.0438412 
4.8 0.00663949 -0.00013118 0.00209647 0.0472975 
4.83333 0.00661407 -0.000242063 0.00595329 0.0525491 
4.86667 0.00669859 -0.000315132 0.00742818 0.0562746 
4.9 0.00665078 -0.000238515 0.0084822 0.0599949 
4.93333 0.00673047 -0.000133953 0.00853413 0.0628836 
4.96667 0.00659874 -8.51771e-005 0.00722757 0.064186 
5 0.00651648 1.88417e-005 0.00495228 0.0639093 
5.03333 0.00653262 0.000131036 0.00191265 0.0619718 
5.06667 0.00648792 0.000197749 -0.00181489 0.0582092 
5.1 0.00644778 0.00023374 -0.00367617 0.0554071 
5.13333 0.00656327 0.000155363 -0.00557502 0.0519402 
5.16667 0.00660079 7.39972e-005 -0.00534127 0.0503577 
5.2 0.00661555 -4.57109e-006 -0.00359894 0.0506341 
5.23333 0.00656079 -8.20699e-005 -0.00092347 0.0525927 
5.26667 0.0065995 -0.000148349 0.00174759 0.055438 
5.3 0.00657988 -0.00019634 0.00517969 0.0600719 
5.33333 0.00651842 -0.000194402 0.00821862 0.0653858 
5.36667 0.00644494 -0.00029797 0.00864551 0.0686293 
5.4 0.00642585 -0.000245981 0.00789698 0.0706275 
5.43333 0.00641814 -0.000182859 0.00679605 0.0719603 
5.46667 0.00631244 -0.00017439 0.00467103 0.0717171 
5.5 0.00637545 -8.09962e-005 0.00148677 0.0695152 
5.53333 0.00640722 -3.45692e-005 -0.0018174 0.0661104 
5.56667 0.00646505 4.0731e-005 -0.00434687 0.0625186 
5.6 0.00647738 9.86414e-005 -0.0058818 0.0592578 
5.63333 0.00653242 9.45261e-005 -0.0061751 0.0569509 
5.66667 0.00645658 5.99526e-005 -0.00628252 0.0547658 
5.7 0.00652676 -1.16913e-005 -0.0069223 0.0519163 
5.73333 0.00663104 -6.24968e-005 -0.0045288 0.0524344 
5.76667 0.00675274 -0.000117451 -0.000571105 0.0555967 
5.8 0.00682684 -0.000173938 0.00276023 0.0593388 
5.83333 0.00689341 -0.000246372 0.00406229 0.0617959 
5.86667 0.00686866 -0.000249629 0.00787822 0.0676546 
5.9 0.00690847 -0.000247679 0.00929604 0.0719543 
5.93333 0.00695009 -0.000193168 0.00889113 0.074575 
5.96667 0.00682315 -8.1752e-005 0.00669363 0.0749446 
6 0.00686757 -3.63791e-005 0.00381145 0.0737736 
6.03333 0.00695719 3.5457e-005 0.000962065 0.0716805 
6.06667 0.00706042 0.000100641 -0.00196284 0.0685484 
6.1 0.00710033 0.000237897 -0.00355176 0.0660185 
6.13333 0.00720183 0.000258217 -0.00566863 0.0623357 
6.16667 0.0072582 0.000182184 -0.00637259 0.0596151 
6.2 0.00733759 0.000188537 -0.00446687 0.0597406 
6.23333 0.00726207 6.40716e-005 -0.00282866 0.0601855 
6.26667 0.00723726 -3.53679e-005 -0.000795823 0.0616423 
6.3 0.00722945 -0.000141965 0.00194893 0.0646171 
6.33333 0.00715213 -0.000282911 0.00508819 0.0689725 
6.36667 0.0071604 -0.000287748 0.00663594 0.0724956 
6.4 0.00717053 -0.000298896 0.007291 0.0754808 
6.43333 0.00719855 -0.000153553 0.00896781 0.0798906 
6.46667 0.00719664 -9.60578e-005 0.00665029 0.0801441 
6.5 0.00714391 -6.14153e-005 0.0039025 0.0791172 
6.53333 0.00719255 5.4934e-005 0.00150298 0.0775855 
6.56667 0.00726713 0.000139069 -0.000184614 0.0760944 
6.6 0.00732253 0.000185187 -0.00314815 0.0725345 
6.63333 0.00740314 0.000203425 -0.00512538 0.0691511 
6.66667 0.00739262 0.000125623 -0.00590531 0.0665219 
6.7 0.00765763 -1.76688e-005 -0.00545434 0.0650858 
6.73333 0.00762438 -0.000111374 -0.00333895 0.0657649 
6.76667 0.00763448 -0.000217938 -0.00119745 0.0671798 
6.8 0.00765094 -0.000295735 0.00242031 0.0710513 
6.83333 0.00771714 -0.000427872 0.00476672 0.0746279 
6.86667 0.00771178 -0.000475326 0.0073619 0.0792803 
6.9 0.00773071 -0.000482391 0.0086321 0.0832337 
6.93333 0.00772139 -0.000439937 0.00802478 0.0853942 
6.96667 0.00778467 -0.000282109 0.00759734 0.0875645 
7 0.00777656 -0.000110905 0.007427 0.0898959 
7.03333 0.00779423 1.01878e-005 0.00367531 0.0879428 
7.06667 0.00782497 0.000169155 0.000355542 0.0852491 
7.1 0.00782106 0.000191187 -0.00199788 0.0825895 
7.13333 0.00775874 0.000181748 -0.00500696 0.0783714 
7.16667 0.00765855 5.55542e-005 -0.00674574 0.0746499 
7.2 0.00764391 -1.0617e-005 -0.00511642 0.0743246 
7.23333 0.00764548 -9.12055e-005 -0.00443567 0.0734228 
7.26667 0.00760067 -0.000191143 -0.000879794 0.0761418 
7.3 0.00762425 -0.000268968 0.00157558 0.078747 
7.33333 0.00767667 -0.000330839 0.00447306 0.0826925 
7.36667 0.00766116 -0.000398034 0.00700318 0.0871703 
7.4 0.00774317 -0.000376083 0.0077205 0.0903514 
7.43333 0.00781734 -0.000278198 0.00983142 0.0954168 
7.46667 0.00779277 -0.000152385 0.00939898 0.0981834 
7.5 0.00789439 -6.90326e-005 0.00805304 0.0997276 
7.53333 0.00793085 -2.17259e-005 0.00506322 0.0988826 
7.56667 0.00795026 5.88403e-005 0.00125643 0.0960765 
7.6 0.00792016 0.000105244 -0.00159648 0.0931276 
7.63333 0.00792561 0.000152354 -0.004168 0.0895599 
7.66667 0.00797409 0.000141745 -0.00575525 0.0862969 
7.7 0.00795349 8.66093e-005 -0.00572735 0.0844114 
7.73333 0.00807564 -6.14906e-005 -0.00503297 0.083322 
7.76667 0.00804896 -0.000160971 -0.00216426 0.0850307 
7.8 0.00811913 -0.000283368 0.000419428 0.0873592 
7.83333 0.00811163 -0.000344528 0.00298295 0.0905252 
7.86667 0.00812523 -0.000374672 0.00640524 0.0955594 
7.9 0.00820196 -0.00036164 0.00910181 0.100878 
7.93333 0.00818401 -0.000302319 0.00986279 0.10481 
7.96667 0.00813854 -0.000202426 0.00878745 0.106828 
8 0.00818966 -0.000120041 0.00608594 0.106568 
8.03333 0.00811601 -7.23761e-005 0.00447367 0.106694 
8.06667 0.00804822 7.29579e-006 0.00198663 0.105249 
8.1 0.00806375 0.000117084 -0.000565916 0.102898 
8.13333 0.00807781 0.000193789 -0.00312008 0.0996943 
8.16667 0.00797603 0.000174007 -0.00641133 0.0947691 
8.2 0.00807251 0.000107096 -0.00686569 0.0920956 
8.23333 0.00807192 4.43845e-005 -0.00537478 0.091567 
8.26667 0.00811388 -5.2356e-005 -0.0038165 0.0916149 
8.3 0.00810072 -0.00010883 -0.00052536 0.0942278 
8.33333 0.00817064 -0.000201115 0.00219295 0.0972615 
8.36667 0.00825168 -0.000264507 0.00542741 0.101811 
8.4 0.00830346 -0.000280748 0.00921407 0.10809 
8.43333 0.00833882 -0.000303786 0.0102069 0.112333 
8.46667 0.00835259 -0.000158743 0.0091883 0.114533 
8.5 0.00848332 -3.77597e-005 0.00772035 0.115863 
8.53333 0.00842855 0.000166424 0.00871893 0.119615 
8.56667 0.00848927 0.000137712 0.00513903 0.118296 
8.6 0.00857319 0.000124286 0.00240179 0.116777 
8.63333 0.00860935 0.000185281 -0.000397274 0.114274 
8.66667 0.00867949 0.000174429 -0.00331527 0.110697 
8.7 0.00871545 9.68949e-005 -0.00376799 0.109057 
8.73333 0.00871131 2.04704e-005 -0.003163 0.108515 
8.76667 0.00872908 -5.58149e-005 -0.00294423 0.107719 
8.8 0.00879011 -8.56153e-005 -0.000220319 0.109953 
8.83333 0.00878585 -0.000163551 0.0021801 0.112714 
8.86667 0.00878408 -0.000240303 0.00509907 0.116886 
8.9 0.00877105 -0.000281943 0.00833078 0.122401 
8.93333 0.00873635 -0.000264778 0.010011 0.127161 
8.96667 0.00869557 -0.000257675 0.00916811 0.129503 
9 0.00862042 -0.000111175 0.00846704 0.131731 
9.03333 0.00861503 1.44439e-005 0.00742985 0.133329 
9.06667 0.00861417 8.30826e-005 0.00472621 0.132614 
9.1 0.00857912 0.000130287 0.0022849 0.131308 
9.13333 0.00860717 0.000106322 -0.00185451 0.127183 
9.16667 0.00871896 0.000108086 -0.00389587 0.124155 
9.2 0.00872259 3.18003e-005 -0.0048775 0.121698 
9.23333 0.00874479 -7.49895e-005 -0.00457858 0.120425 
9.26667 0.00884488 -0.000254373 -0.00572863 0.117541 
9.3 0.00886266 -0.000227923 -0.00274162 0.119158 
9.33333 0.00888857 -0.000181298 0.000742291 0.122356 
9.36667 0.00890096 -0.000176573 0.00391121 0.126345 
9.4 0.00892288 -0.000232322 0.00754407 0.131937 
9.43333 0.00896313 -0.000234867 0.0105648 0.138017 
9.46667 0.00898002 -0.000228371 0.0107895 0.141804 
9.5 0.00905529 -0.000132146 0.00988378 0.144332 
9.53333 0.00907819 -6.26041e-005 0.00814168 0.14557 
9.56667 0.00908377 2.30815e-005 0.00583803 0.145564 
9.6 0.00905506 0.000106778 0.00347034 0.144715 
9.63333 0.00907231 0.000128556 0.00173203 0.14382 
9.66667 0.00906566 0.000144451 -0.000906564 0.141283 
9.7 0.0090927 9.40552e-005 -0.00374851 0.137626 
9.73333 0.00916496 -3.38828e-005 -0.00348325 0.136689 
9.76667 0.00922683 -0.000171886 -0.00171239 0.137619 
9.8 0.00929647 -0.000250415 0.000721462 0.139921 
9.83333 0.00936742 -0.000252574 0.0028042 0.14262 
9.86667 0.00933779 -0.000272399 0.00661802 0.148057 
9.9 0.00927056 -0.000259198 0.00887083 0.152922 
9.93333 0.00933635 -0.000245382 0.0114702 0.158948 
9.96667 0.0091885 -0.000171965 0.0114193 0.162711 
10 0.00915234 -0.000131513 0.010554 0.165496 
10.0333 0.0091594 -8.0951e-005 0.00889169 0.167051 
10.0667 0.0092194 -1.52528e-005 0.00667536 0.167399 
10.1 0.00928255 -3.05883e-005 0.00362241 0.16602 
10.1333 0.00932732 2.25568e-005 0.000395631 0.163419 
10.1667 0.00940514 7.66082e-005 -0.00305695 0.159475 
10.2 0.00949085 8.79545e-005 -0.00480833 0.156389 
10.2333 0.00952925 5.60987e-005 -0.00381976 0.155953 
10.2667 0.00960612 -6.95472e-005 -0.00262347 0.156092 
10.3 0.00962259 -0.000144744 0.000136066 0.158475 
10.3333 0.0096954 -0.000253381 0.00222344 0.160984 
10.3667 0.00973497 -0.000267936 0.00385149 0.163647 
10.4 0.00975899 -0.000312411 0.00670735 0.168302 
10.4333 0.00977225 -0.000265755 0.0104208 0.174921 
10.4667 0.00983707 -0.000179245 0.0112927 0.179424 
10.5 0.00984788 -7.9972e-005 0.00901596 0.180501 
10.5333 0.00980977 5.63696e-005 0.00746853 0.18168 
10.5667 0.00972712 0.000102428 0.00529317 0.181601 
10.6 0.00973253 0.000177845 0.00237518 0.179921 
10.6333 0.0096685 0.000168831 -0.000384001 0.177456 
10.6667 0.00960091 0.000189415 -0.00317527 0.174033 
10.7 0.00964119 0.000130512 -0.00421438 0.171748 
10.7333 0.00967535 0.000101133 -0.00434423 0.17019 
10.7667 0.00966654 3.24647e-005 -0.00310517 0.170204 
10.8 0.0096387 -7.99345e-005 -0.00238891 0.170015 
10.8333 0.00965689 -0.00012148 -0.000311875 0.17167 
10.8667 0.00966117 -0.00016938 0.00243431 0.174808 
10.9 0.00968989 -0.000207333 0.00690737 0.1809 
10.9333 0.00968594 -0.000233735 0.010015 0.18687 
10.9667 0.00967088 -0.000274177 0.0112634 0.191683 
11 0.00959733 -0.000180845 0.0098203 0.193733 
11.0333 0.00966351 -0.000120627 0.00791665 0.19476 
11.0667 0.00968137 -1.67593e-005 0.00574602 0.194836 
11.1 0.00971595 6.27167e-005 0.00310627 0.193635 
11.1333 0.00975394 0.000128798 -0.000244214 0.190716 
11.1667 0.00979604 0.000165835 -0.00312789 0.18723 
11.2 0.00982653 0.000136251 -0.00533231 0.183585 
11.2333 0.00985488 9.08347e-005 -0.00472994 0.182519 
11.2667 0.00988321 -3.80373e-006 -0.00340034 0.182512 
11.3 0.00988456 -0.000101481 -0.00136428 0.183782 
11.3333 0.00983446 -0.000162647 0.000366312 0.18537 
11.3667 0.00992367 -0.000194926 0.003346 0.18901 
11.4 0.0098901 -0.000275756 0.00637461 0.1937 
11.4333 0.00990955 -0.0002698 0.00874405 0.198622 
11.4667 0.00991309 -0.000265875 0.0100039 0.203024 
11.5 0.00988643 -0.000164513 0.00966064 0.205953 
11.5333 0.00987313 -7.27942e-005 0.00811105 0.207344 
11.5667 0.00985013 2.43214e-005 0.00591063 0.207451 
11.6 0.00982166 7.23274e-005 0.00465079 0.207934 
11.6333 0.00977192 0.00011832 0.000961889 0.205129 
11.6667 0.00974902 0.000165912 -0.00215956 0.201765 
11.7 0.0097577 0.000243813 -0.00541804 0.197199 
11.7333 0.00975972 0.000198798 -0.00577694 0.194969 
11.7667 0.00970818 0.000171338 -0.00588523 0.192916 
11.8 0.00974634 6.02351e-005 -0.00394751 0.193241 
11.8333 0.00979916 -3.70984e-005 -0.00155748 0.194747 
11.8667 0.00988556 -0.00012843 0.00206497 0.198504 
11.9 0.0099369 -0.00020424 0.00555955 0.203317 
11.9333 0.0099403 -0.000269108 0.00870433 0.208883 
11.9667 0.00993727 -0.000288032 0.010218 0.213571 
12 0.0099137 -0.000226642 0.0102535 0.217019 
12.0333 0.00998352 -0.000182698 0.00935728 0.219379 
12.0667 0.0100883 -9.05609e-005 0.00744756 0.220244 
12.1 0.0100868 -4.54071e-005 0.00468772 0.219468 
12.1333 0.0101146 1.95872e-005 0.00165725 0.217453 
12.1667 0.0101718 6.11806e-005 -0.00121625 0.214614 
12.2 0.0101533 0.000112969 -0.00372648 0.211245 
12.2333 0.0101724 6.95516e-005 -0.00506677 0.208421 
