0.7 0.00185663 -0.000426184 0.0114538 0.044917 
0.733333 0.00196375 -0.000436418 0.0101804 0.0499451 
0.766667 0.00205687 -0.00047465 0.00637061 0.0482953 
0.8 0.00210576 -0.000523189 0.00472518 0.0482069 
0.833333 0.00218098 -0.000514387 0.00473319 0.0497108 
0.866667 0.0022614 -0.000502436 0.00655964 0.0534526 
0.9 0.00216519 -0.000527519 0.0096485 0.0592606 
0.933333 0.00224698 -0.000563744 0.0122 0.0654684 
0.966667 0.00227971 -0.000607024 0.0145712 0.0723408 
1 0.00236229 -0.000670755 0.0165406 0.079523 
1.03333 0.00239182 -0.000656628 0.0187086 0.0876001 
1.06667 0.00243095 -0.000632004 0.0192548 0.0944825 
1.1 0.00245955 -0.000571436 0.0187816 0.100343 
1.13333 0.00246136 -0.000548107 0.0171386 0.104664 
1.16667 0.00254972 -0.000517982 0.0153529 0.108269 
1.2 0.00264174 -0.000514296 0.011792 0.109183 
1.23333 0.00270186 -0.000476487 0.00944183 0.110339 
1.26667 0.0027403 -0.000480079 0.00789035 0.111655 
1.3 0.00274668 -0.00045287 0.00841056 0.114899 
1.33333 0.00275765 -0.000557381 0.00906304 0.118473 
1.36667 0.00281377 -0.000650141 0.0104415 0.123121 
1.4 0.00282292 -0.000692577 0.0124363 0.128957 
1.43333 0.00280375 -0.000690163 0.0139067 0.134838 
1.46667 0.00282869 -0.000705501 0.0172935 0.143471 
1.5 0.00289123 -0.000693814 0.0207748 0.153345 
1.53333 0.00292579 -0.000634031 0.022134 0.161875 
1.56667 0.00296196 -0.000625349 0.0220111 0.169108 
1.6 0.00301933 -0.000560219 0.0201356 0.174231 
1.63333 0.00314581 -0.000586749 0.0155537 0.175534 
1.66667 0.00324721 -0.0006287 0.011862 0.176361 
1.7 0.0032883 -0.000634932 0.0112376 0.179578 
1.73333 0.00330654 -0.000684819 0.0108762 0.182897 
1.76667 0.0033005 -0.000755941 0.0110754 0.186757 
1.8 0.00328568 -0.000772175 0.0121122 0.191673 
1.83333 0.00329624 -0.000817248 0.0141257 0.198087 
1.86667 0.00333589 -0.000826258 0.0172641 0.206501 
1.9 0.00334567 -0.0008006 0.0194398 0.214824 
1.93333 0.00333933 -0.000730395 0.0222211 0.224587 
1.96667 0.00334845 -0.000722958 0.0225787 0.232416 
2 0.00340321 -0.000650475 0.0227935 0.240196 
2.03333 0.00343039 -0.000630021 0.0205946 0.245198 
2.06667 0.00350846 -0.000579873 0.0183755 0.249443 
2.1 0.00354509 -0.00049573 0.0166738 0.25356 
2.13333 0.00354829 -0.000460071 0.0136702 0.255572 
2.16667 0.00367562 -0.000514435 0.0126049 0.258871 
2.2 0.00373167 -0.000576798 0.0117995 0.262122 
2.23333 0.0037378 -0.000645118 0.0124674 0.266843 
2.26667 0.0037472 -0.000673495 0.013807 0.272581 
2.3 0.00377054 -0.000708485 0.0154032 0.279067 
2.33333 0.00371499 -0.000759893 0.0172874 0.286426 
2.36667 0.00370302 -0.000738775 0.0206267 0.29613 
2.4 0.00366424 -0.000696562 0.0221893 0.30485 
2.43333 0.00369275 -0.00063392 0.0222408 0.312308 
2.46667 0.00371359 -0.000576555 0.0212234 0.31852 
2.5 0.00380626 -0.00051986 0.020078 0.324243 
2.53333 0.00390778 -0.000513623 0.0181791 0.328694 
2.56667 0.00398784 -0.000518391 0.0160242 0.33221 
2.6 0.00402067 -0.000556265 0.013009 0.333992 
2.63333 0.00405861 -0.000643117 0.0128531 0.338144 
2.66667 0.00414875 -0.00072615 0.0137445 0.343481 
2.7 0.00420121 -0.000827632 0.0163576 0.351147 
2.73333 0.00422365 -0.000889812 0.0177626 0.358258 
2.76667 0.00431317 -0.000962269 0.0208849 0.367864 
2.8 0.00432545 -0.000968959 0.0229774 0.377296 
2.83333 0.00432764 -0.000957676 0.0243736 0.386603 
2.86667 0.00436895 -0.000946518 0.0254271 0.395972 
2.9 0.00433395 -0.000850164 0.0253185 0.404319 
2.93333 0.00434422 -0.000780635 0.0237248 0.410877 
2.96667 0.00439443 -0.000694437 0.0210923 0.415678 
3 0.00444719 -0.000657054 0.0182052 0.419301 
3.03333 0.00449467 -0.000635407 0.0150788 0.421678 
3.06667 0.00456163 -0.000678686 0.0145359 0.426064 
3.1 0.00467706 -0.000772903 0.0144648 0.430825 
3.13333 0.00474922 -0.000879488 0.0157226 0.437132 
3.16667 0.00477706 -0.000947416 0.0174426 0.444403 
3.2 0.00484831 -0.000968213 0.0201827 0.453452 
3.23333 0.0048118 -0.000975147 0.0221522 0.462504 
3.26667 0.00477166 -0.000971521 0.023547 0.471535 
3.3 0.00476152 -0.00091073 0.02408 0.480013 
3.33333 0.00474761 -0.00080524 0.0241608 0.488135 
3.36667 0.00476779 -0.000731353 0.0235101 0.49542 
3.4 0.00474605 -0.00069868 0.0221345 0.501633 
3.43333 0.00473622 -0.000628901 0.0188124 0.50509 
3.46667 0.00481977 -0.00060524 0.0163851 0.508495 
3.5 0.0048942 -0.000600345 0.0147956 0.512081 
3.53333 0.00489115 -0.000662535 0.0132024 0.515132 
3.56667 0.00495709 -0.000772208 0.0137366 0.520163 
3.6 0.00499811 -0.00087813 0.0161879 0.527636 
3.63333 0.00503616 -0.000928972 0.0188839 0.536214 
3.66667 0.00508072 -0.000943734 0.0214694 0.545561 
3.7 0.00506969 -0.00100533 0.024939 0.556813 
3.73333 0.00507009 -0.000986274 0.0269988 0.567558 
3.76667 0.00503553 -0.000924533 0.028294 0.578086 
3.8 0.00504618 -0.000851895 0.0273213 0.586369 
3.83333 0.00500784 -0.00071162 0.0254199 0.593232 
3.86667 0.00499506 -0.000666709 0.0229176 0.598751 
3.9 0.00506174 -0.000621139 0.0193743 0.602208 
3.93333 0.00503134 -0.000622947 0.0159772 0.604656 
3.96667 0.00507747 -0.000647031 0.0141773 0.607857 
4 0.00518232 -0.000762548 0.0153654 0.613985 
4.03333 0.00519956 -0.000855461 0.0168777 0.620892 
4.06667 0.00523431 -0.000956613 0.0196162 0.629751 
4.1 0.00529086 -0.000961469 0.0211649 0.638118 
4.13333 0.00528698 -0.00093935 0.0230716 0.647423 
4.16667 0.00534454 -0.000958055 0.0259195 0.658476 
4.2 0.00527706 -0.00096251 0.0272258 0.668657 
4.23333 0.00522274 -0.000931396 0.0268832 0.677328 
4.26667 0.00530222 -0.000836119 0.0268352 0.686233 
4.3 0.00531146 -0.000750695 0.0245138 0.692438 
4.33333 0.00533314 -0.000658647 0.0222982 0.697993 
4.36667 0.00546891 -0.000656983 0.0190234 0.70156 
4.4 0.00553364 -0.000684887 0.0171715 0.705715 
4.43333 0.00561144 -0.00071516 0.015539 0.709512 
4.46667 0.00560086 -0.000818334 0.0151602 0.714245 
4.5 0.00565857 -0.000918492 0.0162391 0.720572 
4.53333 0.00564338 -0.000988725 0.0181123 0.728196 
4.56667 0.00564227 -0.0010533 0.0202072 0.736706 
4.6 0.00563728 -0.00103877 0.0232467 0.74703 
4.63333 0.00567604 -0.00098442 0.0252366 0.757128 
4.66667 0.00574141 -0.000920249 0.0268504 0.767445 
4.7 0.00577221 -0.000855437 0.027916 0.777653 
4.73333 0.0057508 -0.000719876 0.026025 0.784727 
4.76667 0.00575044 -0.000642482 0.0231187 0.789971 
4.8 0.00584313 -0.000634067 0.0208623 0.795013 
4.83333 0.00578374 -0.000612723 0.0172568 0.797711 
4.86667 0.00587556 -0.000708611 0.0156633 0.801583 
4.9 0.00589034 -0.000762299 0.0143136 0.80521 
4.93333 0.00594775 -0.000809773 0.0151612 0.810982 
4.96667 0.00598403 -0.000872736 0.0160994 0.817143 
5 0.00596209 -0.000923194 0.0182809 0.825085 
5.03333 0.00589069 -0.000915754 0.0209871 0.834373 
5.06667 0.00592022 -0.00095147 0.0235621 0.844409 
5.1 0.00583441 -0.000941505 0.0260148 0.855158 
5.13333 0.00578134 -0.000866962 0.0253523 0.863048 
5.16667 0.00580584 -0.00077215 0.025317 0.871457 
5.2 0.00587749 -0.000704335 0.0255297 0.880147 
5.23333 0.00590473 -0.000646772 0.0242212 0.887112 
5.26667 0.00595715 -0.000571167 0.0208576 0.891215 
5.3 0.00600853 -0.000569348 0.0178128 0.894573 
5.33333 0.00605861 -0.00056264 0.0154797 0.897757 
5.36667 0.00601729 -0.000710552 0.0153147 0.902722 
5.4 0.00601148 -0.000832802 0.0164387 0.909154 
5.43333 0.00601374 -0.00097708 0.0181245 0.916623 
5.46667 0.0059984 -0.00100377 0.0195276 0.924321 
5.5 0.00606956 -0.00106654 0.0241027 0.936231 
5.53333 0.00610163 -0.0010479 0.0265138 0.947111 
5.56667 0.00612018 -0.00105764 0.0288528 0.95871 
5.6 0.00611562 -0.000958318 0.0282499 0.967616 
5.63333 0.00617685 -0.000870328 0.0284656 0.977288 
5.66667 0.00615939 -0.000784371 0.0264744 0.984426 
5.7 0.00618352 -0.000714671 0.0246802 0.991132 
5.73333 0.0062354 -0.000711273 0.0223846 0.996649 
5.76667 0.0063438 -0.000742551 0.0194409 1.00064 
5.8 0.00635378 -0.000747519 0.0169724 1.0042 
5.83333 0.0064214 -0.000836799 0.0162936 1.00906 
5.86667 0.00644943 -0.000902251 0.0184511 1.01704 
5.9 0.00641636 -0.000968144 0.0196895 1.02465 
5.93333 0.00640421 -0.000986641 0.0215071 1.03336 
5.96667 0.00634984 -0.00102684 0.0241331 1.04363 
6 0.00634603 -0.00106544 0.027558 1.05571 
6.03333 0.00627136 -0.00101276 0.0291415 1.06677 
6.06667 0.0063106 -0.000969696 0.0298589 1.07733 
6.1 0.00629265 -0.00088897 0.0296948 1.08709 
6.13333 0.0062496 -0.000719654 0.0267548 1.09352 
6.16667 0.00623077 -0.000608905 0.0247643 1.10009 
6.2 0.00627234 -0.000598288 0.0234729 1.10682 
6.23333 0.0062544 -0.000491742 0.0177487 1.10788 
6.26667 0.00621385 -0.000512037 0.0149212 1.11046 
6.3 0.00620767 -0.00058652 0.0136289 1.11391 
6.33333 0.00622587 -0.000681035 0.0144639 1.11944 
6.36667 0.00620057 -0.000800146 0.0152854 1.12523 
6.4 0.00629829 -0.000951078 0.0189537 1.13465 
6.43333 0.00632686 -0.00101425 0.0213717 1.14383 
6.46667 0.00624572 -0.00104361 0.0243022 1.15441 
6.5 0.00622399 -0.00107163 0.0276558 1.16647 
6.53333 0.00619486 -0.0010343 0.0287288 1.17695 
6.56667 0.00616031 -0.000923184 0.0286972 1.18649 
6.6 0.00618191 -0.000869818 0.0276006 1.19477 
6.63333 0.0061902 -0.000841898 0.0256921 1.20171 
6.66667 0.00616116 -0.000752347 0.0220582 1.20599 
6.7 0.00619981 -0.00068547 0.0184992 1.20914 
6.73333 0.00624797 -0.000677013 0.0154622 1.21172 
6.76667 0.00641349 -0.000749383 0.0140878 1.21525 
6.8 0.0063956 -0.000857362 0.0142175 1.2201 
6.83333 0.00642045 -0.000887963 0.0146968 1.2254 
6.86667 0.00647059 -0.00109254 0.0171758 1.23323 
6.9 0.00644572 -0.00116343 0.0185237 1.24055 
6.93333 0.0064398 -0.00118593 0.0201943 1.24869 
6.96667 0.00646504 -0.00129889 0.0251111 1.26123 
7 0.00647084 -0.00128773 0.0280371 1.27305 
7.03333 0.00652834 -0.00119898 0.028845 1.28335 
7.06667 0.0065352 -0.00110274 0.0290448 1.2932 
7.1 0.00651893 -0.00092648 0.0273991 1.30094 
7.13333 0.00647541 -0.000786298 0.0234327 1.30539 
7.16667 0.00650554 -0.000743545 0.0201813 1.30937 
7.2 0.00660016 -0.000674089 0.0165126 1.31176 
7.23333 0.00673231 -0.000706694 0.0150923 1.31559 
7.26667 0.00680816 -0.000804934 0.0153508 1.32093 
7.3 0.00686901 -0.000909435 0.0161998 1.32704 
7.33333 0.00689211 -0.00105353 0.0179268 1.33448 
7.36667 0.00690056 -0.00109555 0.020327 1.34329 
7.4 0.00698563 -0.00119076 0.0231883 1.35345 
7.43333 0.00706299 -0.00120936 0.0256104 1.36403 
7.46667 0.00711853 -0.00120264 0.0278269 1.37519 
7.5 0.00702069 -0.00111742 0.0285974 1.38537 
