0.200000 0.011381 0.009797 -0.251666 0.033256 0.590094 0.148635 
0.233333 0.021430 -0.001982 -0.369274 -0.000829 0.592636 0.147512 
0.266667 0.032454 -0.011838 -0.254221 0.007586 0.592352 0.148449 
0.300000 0.037242 -0.017099 0.045662 -0.015895 0.594350 0.147337 
0.333333 0.033749 -0.018393 0.352277 0.002622 0.595355 0.146775 
0.366667 0.024416 -0.014993 0.513321 0.019088 0.596067 0.146040 
0.400000 0.012923 -0.011233 0.545482 0.038533 0.597484 0.146025 
0.433333 0.006370 -0.008157 0.555712 0.049940 0.596994 0.145523 
0.466667 0.008579 -0.005240 0.543669 0.070605 0.597273 0.145046 
0.500000 0.015220 -0.002054 0.442578 0.094707 0.597871 0.145577 
0.533333 0.021122 0.003274 0.258923 0.099784 0.598484 0.145129 
0.566667 0.026196 0.007636 0.036386 0.104528 0.599203 0.145055 
0.600000 0.030763 0.004140 -0.174665 0.113275 0.600093 0.146626 
0.633333 0.031409 -0.003743 -0.314058 0.087389 0.600920 0.145847 
0.666667 0.025804 -0.008648 -0.429982 0.080313 0.602670 0.145998 
0.700000 0.019510 -0.009748 -0.575278 0.077225 0.602906 0.145257 
0.733333 0.022354 -0.012824 -0.538934 0.050228 0.603680 0.145577 
0.766667 0.032963 -0.015315 -0.096148 0.014333 0.603841 0.145286 
0.800000 0.035921 -0.011758 0.578787 0.043900 0.606151 0.143652 
0.833333 0.024822 -0.001551 1.093039 0.067798 0.606822 0.144449 
0.866667 0.012436 0.004695 1.170660 0.104111 0.608320 0.144245 
0.900000 0.016216 0.000024 0.784897 0.161235 0.606808 0.144514 
0.933333 0.032549 -0.009547 0.257029 0.169827 0.608303 0.145116 
0.966667 0.044208 -0.010226 -0.026654 0.150365 0.610323 0.143831 
1.000000 0.043537 -0.002896 -0.067297 0.165593 0.611570 0.144145 
1.033330 0.037286 0.003417 -0.095301 0.161803 0.612696 0.144834 
1.066670 0.032167 0.001044 -0.191269 0.154035 0.614178 0.144809 
1.100000 0.032082 -0.006845 -0.323423 0.148015 0.614822 0.145216 
1.133330 0.035161 -0.012306 -0.443416 0.133599 0.615813 0.144670 
1.166670 0.033332 -0.010174 -0.401847 0.129248 0.617554 0.144724 
1.200000 0.023820 -0.002060 -0.056975 0.090717 0.618605 0.143704 
1.233330 0.014281 -0.000469 0.456194 0.120147 0.618925 0.145194 
1.266670 0.015389 -0.008549 0.786553 0.128732 0.619526 0.143971 
1.300000 0.026793 -0.021700 0.734374 0.175900 0.619589 0.144709 
1.333330 0.036691 -0.025323 0.458394 0.191897 0.621124 0.143225 
1.366670 0.033566 -0.013578 0.276041 0.189649 0.623317 0.142356 
1.400000 0.024268 0.000892 0.297591 0.208690 0.624136 0.143249 
1.433330 0.025460 0.006755 0.356676 0.206610 0.623634 0.143245 
1.466670 0.037329 0.002917 0.275275 0.240168 0.625423 0.143627 
1.500000 0.046816 -0.000347 0.069938 0.231561 0.626627 0.144267 
1.533330 0.048869 -0.000632 -0.157206 0.231546 0.628635 0.144283 
1.566670 0.046946 -0.001753 -0.358452 0.226924 0.629639 0.144291 
1.600000 0.044237 -0.009198 -0.419235 0.216819 0.631619 0.145803 
1.633330 0.041820 -0.018625 -0.176875 0.189903 0.632652 0.144315 
1.666670 0.037943 -0.024308 0.255027 0.188013 0.634517 0.144397 
1.700000 0.031701 -0.023613 0.525288 0.221139 0.635675 0.143841 
1.733330 0.028082 -0.015100 0.536451 0.238616 0.636891 0.143050 
1.766670 0.030769 -0.004176 0.531361 0.246734 0.637704 0.142860 
1.800000 0.037935 0.001992 0.624890 0.262181 0.638689 0.143865 
1.833330 0.042823 0.004159 0.610261 0.289128 0.640035 0.143780 
1.866670 0.040217 0.007275 0.330542 0.318692 0.641694 0.144388 
1.900000 0.032502 0.011524 -0.034584 0.312355 0.642680 0.145394 
1.933330 0.027191 0.011738 -0.212613 0.305506 0.643173 0.145897 
1.966670 0.027446 0.007387 -0.186317 0.292388 0.643904 0.146329 
2.000000 0.032742 -0.000980 -0.136574 0.299886 0.645385 0.147261 
2.033330 0.040747 -0.007795 -0.182361 0.285947 0.645307 0.146983 
2.066670 0.045612 -0.011638 -0.275005 0.285295 0.648180 0.146935 
2.100000 0.045449 -0.016534 -0.218349 0.280209 0.649617 0.147319 
2.133330 0.044677 -0.023104 0.131118 0.252961 0.649972 0.147318 
2.166670 0.041552 -0.025457 0.588942 0.279190 0.653151 0.146254 
2.200000 0.038065 -0.017004 0.815299 0.311689 0.654231 0.145986 
2.233330 0.038633 -0.006437 0.741155 0.335434 0.654734 0.145990 
2.266670 0.038896 -0.001356 0.563084 0.357764 0.656665 0.146877 
2.300000 0.034541 0.001757 0.423571 0.369627 0.658188 0.146887 
2.333330 0.032164 0.005150 0.277584 0.378710 0.658395 0.147434 
2.366670 0.037613 0.004626 0.069782 0.403399 0.659726 0.148027 
2.400000 0.046725 0.000266 -0.110765 0.379856 0.660571 0.148762 
2.433330 0.055007 -0.006969 -0.185894 0.385199 0.662859 0.149622 
2.466670 0.061024 -0.010021 -0.207690 0.375293 0.664078 0.149210 
2.500000 0.061169 -0.011963 -0.211362 0.372625 0.666639 0.150196 
2.533330 0.053902 -0.016224 -0.124590 0.360105 0.668696 0.150674 
2.566670 0.046282 -0.021705 0.138891 0.366479 0.670310 0.150489 
2.600000 0.046002 -0.020524 0.524018 0.357898 0.671671 0.149972 
2.633330 0.046670 -0.015852 0.805872 0.403705 0.673496 0.149996 
2.666670 0.043272 -0.008510 0.832849 0.422912 0.675624 0.150837 
2.700000 0.039576 -0.004094 0.704019 0.461043 0.676422 0.150477 
2.733330 0.041211 -0.000766 0.540570 0.456329 0.677275 0.151667 
2.766670 0.043823 0.000350 0.282343 0.497294 0.679205 0.151825 
2.800000 0.042637 0.004057 -0.076817 0.492792 0.680284 0.152753 
2.833330 0.039535 0.005251 -0.323570 0.484969 0.681269 0.153699 
2.866670 0.039131 0.003274 -0.332726 0.459061 0.682511 0.154305 
2.900000 0.043863 -0.000190 -0.269147 0.462835 0.683325 0.155087 
2.933330 0.051563 -0.002079 -0.292473 0.455970 0.685273 0.155231 
2.966670 0.057186 -0.006344 -0.278857 0.441048 0.686395 0.156472 
3.000000 0.058330 -0.016410 0.005555 0.437463 0.688917 0.157036 
3.033330 0.059005 -0.025994 0.509561 0.421940 0.690754 0.156998 
3.066670 0.058693 -0.031858 0.866951 0.475188 0.692301 0.156789 
3.100000 0.056950 -0.024678 0.890774 0.508149 0.695886 0.157008 
3.133330 0.053715 -0.009253 0.765804 0.518598 0.696846 0.156961 
3.166670 0.049763 0.001657 0.601308 0.545166 0.698316 0.158154 
3.200000 0.045202 0.005030 0.299276 0.574365 0.700259 0.159485 
3.233330 0.042858 0.007590 -0.076420 0.571780 0.700549 0.159898 
3.266670 0.044935 0.010745 -0.268924 0.558778 0.702041 0.160775 
3.300000 0.047877 0.008172 -0.167945 0.552998 0.703303 0.162384 
3.333330 0.048103 -0.001137 0.022637 0.536584 0.703791 0.163389 
3.366670 0.046736 -0.010041 0.014866 0.563986 0.706250 0.163975 
3.400000 0.050487 -0.008762 -0.135401 0.559595 0.707752 0.164052 
3.433330 0.059585 -0.007043 -0.097589 0.537086 0.708166 0.164605 
3.466670 0.062212 -0.016469 0.169006 0.531249 0.711311 0.166457 
3.500000 0.054091 -0.032172 0.418610 0.576173 0.713649 0.166771 
3.533330 0.050024 -0.032281 0.593139 0.559918 0.714354 0.165482 
3.566670 0.050128 -0.018786 0.750440 0.595660 0.717608 0.166294 
3.600000 0.050017 -0.001140 0.810504 0.623456 0.718932 0.166646 
3.633330 0.047934 0.006445 0.699002 0.651562 0.719347 0.168343 
3.666670 0.046355 0.006891 0.427971 0.661599 0.721197 0.169656 
3.700000 0.046885 0.008132 0.063523 0.688597 0.721865 0.169553 
3.733330 0.048406 0.011446 -0.202742 0.673841 0.723342 0.172071 
3.766670 0.050648 0.007748 -0.234207 0.653569 0.723680 0.172884 
3.800000 0.054420 -0.004333 -0.199767 0.657416 0.725618 0.173903 
3.833330 0.058761 -0.015910 -0.291659 0.659124 0.726826 0.175610 
3.866670 0.061088 -0.019249 -0.357563 0.640025 0.729030 0.174627 
3.900000 0.060594 -0.018848 -0.130872 0.621208 0.731856 0.177159 
3.933330 0.062175 -0.023221 0.352035 0.628222 0.732629 0.176580 
3.966670 0.064662 -0.026559 0.768249 0.642203 0.734628 0.177663 
4.000000 0.059913 -0.019905 0.878341 0.693601 0.738918 0.178224 
4.033330 0.054392 -0.001084 0.762798 0.704952 0.738909 0.178921 
4.066670 0.052966 0.011024 0.625955 0.731471 0.740124 0.179889 
4.100000 0.049807 0.009722 0.499976 0.748058 0.741888 0.182766 
4.133330 0.043585 0.001330 0.298082 0.764323 0.741979 0.182910 
4.166670 0.042836 -0.004001 0.047123 0.780239 0.743895 0.184134 
4.200000 0.051378 -0.002517 -0.139344 0.755248 0.744389 0.184796 
4.233330 0.062016 -0.002871 -0.246281 0.766932 0.746018 0.185946 
4.266670 0.068388 -0.004978 -0.292500 0.755816 0.747882 0.188342 
4.300000 0.073820 -0.007875 -0.224853 0.732165 0.749899 0.188863 
4.333330 0.078301 -0.014317 -0.027068 0.745685 0.750920 0.190141 
4.366670 0.072359 -0.019142 0.218258 0.730035 0.754727 0.192515 
4.400000 0.055125 -0.024374 0.385446 0.753010 0.756279 0.192947 
4.433330 0.042990 -0.023139 0.439327 0.772125 0.757734 0.193271 
4.466670 0.042186 -0.015626 0.507594 0.777957 0.759156 0.193285 
4.500000 0.044835 -0.006544 0.650195 0.792762 0.760956 0.194994 
4.533330 0.050081 0.000737 0.690059 0.825149 0.761597 0.195404 
4.566670 0.063186 0.007616 0.479265 0.846355 0.762871 0.197324 
4.600000 0.077457 0.012159 0.178074 0.867147 0.763831 0.197922 
4.633330 0.077739 0.013722 0.035410 0.843363 0.765924 0.202583 
4.666670 0.066184 0.005545 -0.010488 0.855201 0.766921 0.203375 
4.700000 0.057020 -0.004327 -0.162921 0.866781 0.767972 0.204862 
4.733330 0.057077 -0.010330 -0.339713 0.849209 0.769853 0.206503 
4.766670 0.060731 -0.012858 -0.328664 0.820325 0.770554 0.206952 
4.800000 0.061350 -0.018767 -0.105644 0.842410 0.774164 0.208993 
4.833330 0.061027 -0.022174 0.222950 0.807413 0.773374 0.209646 
4.866670 0.058291 -0.024455 0.505430 0.849490 0.777852 0.210569 
4.900000 0.055791 -0.016441 0.636947 0.860051 0.778516 0.211203 
4.933330 0.052408 -0.007472 0.664641 0.882225 0.779736 0.212888 
4.966670 0.048856 -0.001369 0.663948 0.902479 0.781675 0.213732 
5.000000 0.049987 0.000481 0.619626 0.930533 0.782344 0.215483 
5.033330 0.057756 0.000396 0.451226 0.936505 0.782325 0.216000 
5.066670 0.064318 0.000875 0.141747 0.966464 0.785080 0.218620 
5.100000 0.066068 0.005454 -0.081995 0.966520 0.785826 0.220104 
5.133330 0.067809 0.007251 -0.018752 0.926581 0.786272 0.221787 
5.166670 0.069094 -0.001705 0.061987 0.957124 0.787657 0.224318 
5.200000 0.064439 -0.006848 -0.162036 0.969139 0.789812 0.225767 
5.233330 0.058560 -0.006302 -0.437267 0.945997 0.790912 0.227212 
5.266670 0.058042 -0.009920 -0.335471 0.915420 0.791550 0.228660 
5.300000 0.062217 -0.022297 0.111953 0.920236 0.794009 0.230069 
5.333330 0.066107 -0.034193 0.586217 0.937183 0.795014 0.231089 
5.366670 0.066421 -0.033740 0.863986 0.952595 0.798534 0.232140 
5.400000 0.064620 -0.020089 0.892241 0.996701 0.800014 0.233540 
5.433330 0.068677 -0.002188 0.802843 1.031110 0.802090 0.234695 
5.466670 0.075712 0.008887 0.701809 1.018560 0.801697 0.237285 
5.500000 0.074948 0.004274 0.445043 1.082340 0.803844 0.239521 
5.533330 0.065158 0.003414 0.024526 1.081780 0.805266 0.242650 
5.566670 0.059099 0.005687 -0.228291 1.062590 0.804741 0.242749 
5.600000 0.058479 0.007867 -0.194920 1.045420 0.806560 0.245378 
5.633330 0.057684 0.002955 -0.111546 1.072820 0.807403 0.247849 
5.666670 0.060153 -0.005478 -0.116763 1.039260 0.807272 0.248451 
5.700000 0.067666 -0.018088 -0.168730 1.050030 0.809387 0.250451 
5.733330 0.072796 -0.024896 -0.150606 1.051900 0.811422 0.252348 
5.766670 0.073603 -0.023620 0.089506 1.024210 0.813212 0.253866 
5.800000 0.069555 -0.019816 0.495007 1.044920 0.814474 0.255410 
5.833330 0.062041 -0.010072 0.805525 1.073350 0.817641 0.257384 
5.866670 0.055509 -0.001304 0.905270 1.102100 0.817278 0.258871 
5.900000 0.052778 -0.000448 0.842652 1.124590 0.818105 0.260153 
5.933330 0.050577 -0.002768 0.630061 1.160730 0.819295 0.262640 
5.966670 0.049948 0.001634 0.298817 1.171910 0.820059 0.263024 
6.000000 0.055907 0.006529 -0.003651 1.181340 0.820691 0.265432 
6.033330 0.064149 0.006162 -0.155571 1.163450 0.820181 0.266452 
6.066670 0.064446 0.002030 -0.168510 1.169520 0.821797 0.269909 
6.100000 0.059085 0.001677 -0.081629 1.167300 0.823429 0.271048 
6.133330 0.061774 0.002932 -0.011246 1.138110 0.822053 0.272868 
6.166670 0.071893 -0.002200 -0.163023 1.175620 0.824287 0.274385 
6.200000 0.073981 -0.007567 -0.406384 1.166630 0.825714 0.277534 
6.233330 0.065780 -0.016117 -0.322245 1.105820 0.825556 0.279503 
6.266670 0.058988 -0.031491 0.123262 1.138500 0.828602 0.281060 
6.300000 0.065485 -0.034344 0.605708 1.138460 0.829622 0.281072 
6.333330 0.076390 -0.028682 0.926476 1.167050 0.832144 0.284147 
6.366670 0.077495 -0.019345 1.021232 1.200220 0.833530 0.285365 
6.400000 0.064048 -0.011698 0.892545 1.246620 0.835455 0.288475 
6.433330 0.049854 -0.005412 0.635766 1.251820 0.835696 0.290213 
6.466670 0.050030 -0.002544 0.336334 1.284740 0.835937 0.290211 
6.500000 0.062246 0.003285 0.084938 1.289520 0.837539 0.293082 
6.533330 0.070934 0.008515 -0.016550 1.275600 0.837056 0.294874 
6.566670 0.067955 0.006797 -0.039939 1.283210 0.837647 0.297685 
6.600000 0.057816 0.005195 -0.163825 1.284060 0.838167 0.299933 
6.633330 0.053391 0.005547 -0.370238 1.277430 0.839135 0.301002 
6.666670 0.063176 0.000591 -0.451256 1.254770 0.838348 0.303155 
6.700000 0.080120 -0.012961 -0.277633 1.241250 0.839640 0.305036 
6.733330 0.086156 -0.025884 0.078664 1.238130 0.841329 0.307614 
6.766670 0.074992 -0.030591 0.422431 1.241150 0.843673 0.311193 
6.800000 0.059025 -0.030997 0.606404 1.276200 0.845071 0.311090 
6.833330 0.052638 -0.025587 0.653093 1.284010 0.845621 0.313724 
6.866670 0.056816 -0.014926 0.667303 1.310270 0.848472 0.315000 
6.900000 0.069365 -0.003162 0.692188 1.336580 0.848203 0.315877 
6.933330 0.079648 0.002309 0.656818 1.345850 0.848318 0.319734 
6.966670 0.078455 0.002234 0.441868 1.381600 0.849684 0.322012 
7.000000 0.070337 0.007721 0.109231 1.398640 0.849898 0.324427 
7.033330 0.062659 0.016831 -0.138075 1.365040 0.849314 0.326384 
7.066670 0.060236 0.014178 -0.290480 1.383760 0.850134 0.329159 
7.100000 0.064928 0.002461 -0.415703 1.370480 0.848714 0.330487 
7.133330 0.076976 -0.011859 -0.373778 1.344540 0.850150 0.332887 
7.166670 0.089378 -0.023574 -0.046506 1.339220 0.852124 0.335820 
7.200000 0.094478 -0.031427 0.400997 1.337450 0.852007 0.337812 
7.233330 0.087180 -0.037120 0.712909 1.373730 0.855597 0.342061 
7.266670 0.073232 -0.032007 0.825280 1.392990 0.856525 0.343057 
7.300000 0.061344 -0.019386 0.811425 1.417830 0.857522 0.346023 
7.333330 0.061087 -0.003738 0.683747 1.447710 0.859198 0.347663 
7.366670 0.075197 0.007392 0.455570 1.471230 0.858162 0.348928 
7.400000 0.091212 0.008966 0.248242 1.478140 0.858642 0.352770 
7.433330 0.097056 0.007654 0.170696 1.474200 0.858179 0.355432 
