0.066667 0.021806 -0.001811 -0.011139 0.283282 0.557955 0.186042 
0.100000 0.022360 0.001977 -0.126813 0.290462 0.558350 0.186374 
0.133333 0.021157 0.007389 -0.316770 0.294526 0.559772 0.186737 
0.166667 0.017886 0.008411 -0.402247 0.264370 0.559462 0.187134 
0.200000 0.016866 0.004261 -0.413804 0.254135 0.560453 0.187643 
0.233333 0.018261 -0.002171 -0.400230 0.255231 0.560751 0.187775 
0.266667 0.021759 -0.007227 -0.222771 0.231341 0.561512 0.187788 
0.300000 0.026032 -0.012308 0.227253 0.218653 0.562471 0.187162 
0.333333 0.025424 -0.018445 0.688379 0.243006 0.562765 0.188108 
0.366667 0.017506 -0.020110 0.825815 0.286492 0.565117 0.186204 
0.400000 0.012684 -0.015408 0.666529 0.296431 0.564826 0.186572 
0.433333 0.018654 -0.009937 0.463128 0.327311 0.564847 0.186105 
0.466667 0.028474 -0.001639 0.335799 0.320438 0.566324 0.186141 
0.500000 0.029877 0.008164 0.218369 0.351110 0.567511 0.186207 
0.533333 0.023898 0.013445 0.052057 0.341583 0.568067 0.187589 
0.566667 0.019658 0.008677 -0.100927 0.352251 0.568126 0.188145 
0.600000 0.019269 0.003266 -0.157632 0.334572 0.568971 0.188221 
0.633333 0.019938 0.003242 -0.165138 0.333982 0.569795 0.188477 
0.666667 0.020428 0.005550 -0.250586 0.328015 0.569923 0.188940 
0.700000 0.023646 0.003146 -0.370909 0.330500 0.571101 0.189422 
0.733333 0.032192 -0.004889 -0.280229 0.295892 0.571329 0.189651 
0.766667 0.040090 -0.017073 0.121155 0.300758 0.572450 0.189753 
0.800000 0.035891 -0.026168 0.581950 0.300591 0.574817 0.189259 
0.833333 0.020440 -0.028823 0.803417 0.352048 0.576146 0.189120 
0.866667 0.012720 -0.020579 0.778659 0.364586 0.576008 0.187785 
0.900000 0.016379 -0.005495 0.638543 0.381077 0.576713 0.187508 
0.933333 0.022299 0.008836 0.434167 0.421677 0.578005 0.188303 
0.966667 0.026610 0.015968 0.248661 0.415166 0.578085 0.188676 
1.000000 0.032416 0.013225 0.158695 0.418648 0.578284 0.190170 
1.033330 0.036108 0.006526 0.083595 0.436083 0.579895 0.190327 
1.066670 0.033286 0.001579 -0.066127 0.427496 0.580900 0.191144 
1.100000 0.029254 -0.002941 -0.268819 0.427549 0.581681 0.192042 
1.133330 0.030119 -0.004010 -0.445939 0.411192 0.582326 0.191488 
1.166670 0.032918 -0.003256 -0.447032 0.406359 0.583795 0.191927 
1.200000 0.032825 -0.006895 -0.167631 0.368214 0.584814 0.192641 
1.233330 0.030555 -0.017219 0.229272 0.383700 0.585467 0.193119 
1.266670 0.028505 -0.021821 0.512877 0.409133 0.587282 0.191472 
1.300000 0.026602 -0.017201 0.690371 0.412333 0.588049 0.192131 
1.333330 0.022981 -0.010492 0.801799 0.439382 0.589080 0.191992 
1.366670 0.021039 -0.003515 0.737840 0.478549 0.589982 0.191916 
1.400000 0.024499 0.001922 0.474646 0.492384 0.590484 0.191920 
1.433330 0.031260 0.002155 0.166616 0.506689 0.590721 0.193306 
1.466670 0.036494 0.003023 -0.046333 0.501265 0.592693 0.193481 
1.500000 0.036788 0.008091 -0.145114 0.501569 0.592756 0.193531 
1.533330 0.031612 0.010471 -0.162319 0.494174 0.594679 0.195502 
1.566670 0.028080 0.004345 -0.111599 0.492652 0.594665 0.196084 
1.600000 0.032152 -0.001474 -0.047047 0.478606 0.594922 0.195967 
1.633330 0.036440 -0.001952 -0.080889 0.492773 0.597243 0.196398 
1.666670 0.033589 -0.003409 -0.198801 0.484973 0.597973 0.197370 
1.700000 0.028965 -0.012367 -0.202260 0.473886 0.598398 0.198003 
1.733330 0.028424 -0.019544 0.028678 0.462710 0.599849 0.197145 
1.766670 0.030407 -0.018511 0.389118 0.475794 0.601509 0.196958 
1.800000 0.033811 -0.015202 0.727937 0.498481 0.601885 0.197474 
1.833330 0.036030 -0.012687 0.942592 0.514631 0.603385 0.197343 
1.866670 0.032370 -0.006899 0.908090 0.561110 0.605000 0.197824 
1.900000 0.024428 0.003117 0.602594 0.588775 0.605707 0.197659 
1.933330 0.018295 0.007623 0.233822 0.600842 0.606049 0.199235 
1.966670 0.021490 0.005658 -0.005097 0.589062 0.606068 0.199392 
2.000000 0.036471 0.004939 -0.135799 0.606048 0.607110 0.199663 
2.033330 0.052012 0.008656 -0.224034 0.586155 0.607738 0.200264 
2.066670 0.053545 0.007732 -0.250618 0.584304 0.609861 0.203122 
2.100000 0.041091 0.002616 -0.209950 0.573339 0.610822 0.203075 
2.133330 0.029410 -0.004403 -0.181771 0.562420 0.611975 0.203813 
2.166670 0.029332 -0.014460 -0.206445 0.570345 0.612475 0.204265 
2.200000 0.037732 -0.022541 -0.130531 0.560366 0.613363 0.204158 
2.233330 0.041982 -0.019721 0.158627 0.534252 0.615926 0.203971 
2.266670 0.034328 -0.010576 0.446863 0.572063 0.617239 0.204457 
2.300000 0.024258 -0.002906 0.542914 0.589872 0.617722 0.204780 
2.333330 0.022750 -0.004098 0.612541 0.601368 0.618703 0.205495 
2.366670 0.031908 -0.009817 0.778825 0.611131 0.618568 0.205159 
2.400000 0.039490 -0.013143 0.814515 0.657732 0.620833 0.205786 
2.433330 0.035488 -0.006200 0.528911 0.682435 0.621622 0.206604 
2.466670 0.030870 0.007971 0.108412 0.691498 0.623874 0.207268 
2.500000 0.043509 0.015285 -0.123370 0.684841 0.622364 0.207253 
2.533330 0.061522 0.008298 -0.127475 0.671369 0.623049 0.209807 
2.566670 0.058650 -0.002092 -0.160491 0.673631 0.627164 0.211805 
2.600000 0.044463 -0.004822 -0.292062 0.693111 0.628319 0.211827 
2.633330 0.045549 -0.004186 -0.258300 0.637926 0.626728 0.211889 
2.666670 0.052027 -0.013883 0.000561 0.648852 0.630429 0.214098 
2.700000 0.043983 -0.023828 0.231058 0.667918 0.632301 0.214376 
2.733330 0.030990 -0.023101 0.351161 0.664477 0.633002 0.213944 
2.766670 0.026134 -0.013433 0.459664 0.676084 0.634220 0.213824 
2.800000 0.029373 -0.001397 0.579651 0.705016 0.635587 0.214872 
2.833330 0.038981 0.006441 0.699928 0.717317 0.635855 0.215029 
2.866670 0.049633 0.006828 0.724925 0.734023 0.636127 0.216511 
2.900000 0.050927 0.002223 0.474613 0.775612 0.638786 0.217956 
2.933330 0.045250 -0.000972 0.048662 0.790596 0.639261 0.219468 
2.966670 0.045795 -0.000711 -0.193621 0.753566 0.639766 0.219473 
3.000000 0.052095 0.000410 -0.161637 0.768672 0.641445 0.221202 
3.033330 0.053135 0.004698 -0.085239 0.756541 0.643166 0.222332 
3.066670 0.044222 0.003605 -0.118530 0.761799 0.643220 0.223528 
3.100000 0.030650 -0.003065 -0.223907 0.750499 0.645259 0.225353 
3.133330 0.024687 -0.011776 -0.279834 0.746544 0.645219 0.224553 
3.166670 0.033260 -0.019171 -0.152148 0.733227 0.646332 0.224978 
3.200000 0.047666 -0.023752 0.191205 0.729814 0.647655 0.225902 
3.233330 0.053383 -0.020448 0.560922 0.739272 0.649877 0.225632 
3.266670 0.044281 -0.009289 0.687042 0.775485 0.651732 0.227133 
3.300000 0.028635 0.001782 0.558114 0.797655 0.652697 0.227595 
3.333330 0.020868 0.003231 0.442757 0.807412 0.652454 0.228754 
3.366670 0.028956 0.000452 0.486194 0.812736 0.652714 0.228652 
3.400000 0.046440 0.002679 0.509977 0.840569 0.654648 0.229732 
3.433330 0.057914 0.008103 0.323912 0.861018 0.654395 0.230552 
3.466670 0.055113 0.008998 0.018741 0.860275 0.656924 0.234192 
3.500000 0.048371 0.003493 -0.172723 0.862276 0.656859 0.234262 
3.533330 0.046075 -0.000831 -0.189769 0.835843 0.657147 0.234736 
3.566670 0.043562 -0.004667 -0.189673 0.853305 0.660625 0.238013 
3.600000 0.041484 -0.006572 -0.281025 0.835837 0.659131 0.236770 
3.633330 0.041681 -0.010355 -0.357988 0.825420 0.661357 0.238343 
3.666670 0.042419 -0.016783 -0.202442 0.822422 0.663474 0.240016 
3.700000 0.051497 -0.022239 0.264557 0.797907 0.663128 0.239330 
3.733330 0.067208 -0.023575 0.752448 0.824384 0.665959 0.240390 
3.766670 0.072215 -0.017485 0.866852 0.873975 0.668642 0.241906 
3.800000 0.060197 -0.005813 0.641585 0.893121 0.670123 0.243937 
3.833330 0.045551 0.003148 0.395954 0.895963 0.671117 0.244956 
3.866670 0.044685 0.007269 0.230121 0.916505 0.671510 0.245927 
3.900000 0.056565 0.008587 0.087317 0.925332 0.672703 0.247275 
3.933330 0.065711 0.006249 0.018116 0.918519 0.673092 0.249340 
3.966670 0.060489 0.001186 0.042116 0.915832 0.675049 0.251553 
4.000000 0.048970 -0.002145 0.026612 0.926368 0.676362 0.253031 
4.033330 0.047913 -0.001945 -0.114373 0.926427 0.676576 0.253313 
4.066670 0.054623 -0.001504 -0.285567 0.910992 0.677526 0.254607 
4.100000 0.054758 -0.004940 -0.272458 0.919360 0.680005 0.257662 
4.133330 0.050287 -0.008692 0.059789 0.879757 0.680013 0.257157 
4.166670 0.048268 -0.017222 0.518110 0.907157 0.681702 0.258896 
4.200000 0.048119 -0.021450 0.766023 0.939116 0.683379 0.259998 
4.233330 0.051438 -0.014090 0.767306 0.961999 0.684831 0.260511 
4.266670 0.059623 0.000217 0.673634 0.975398 0.686402 0.261150 
4.300000 0.064263 0.007920 0.458013 1.004880 0.686536 0.264421 
4.333330 0.060213 0.011509 0.057140 1.019900 0.687945 0.265975 
4.366670 0.056501 0.018764 -0.313587 1.011370 0.689098 0.267814 
4.400000 0.059109 0.021456 -0.338050 0.993654 0.688435 0.268362 
4.433330 0.061293 0.009619 -0.073774 0.964257 0.689364 0.273428 
4.466670 0.058689 -0.012096 0.091549 1.005260 0.690394 0.272428 
4.500000 0.055705 -0.019916 0.018013 0.991713 0.692591 0.275114 
4.533330 0.056036 -0.018435 -0.070766 0.984891 0.693892 0.275501 
4.566670 0.055490 -0.018912 -0.006166 0.990531 0.694890 0.276524 
4.600000 0.049293 -0.020506 0.164300 0.984669 0.697006 0.279327 
4.633330 0.042695 -0.015755 0.327007 0.992788 0.698281 0.278460 
4.666670 0.045877 -0.007838 0.503577 1.031700 0.699876 0.279544 
4.700000 0.058152 -0.003809 0.787207 1.005470 0.699363 0.282142 
4.733330 0.067100 -0.009742 0.985442 1.067700 0.701788 0.282252 
4.766670 0.065692 -0.006451 0.749290 1.101350 0.703031 0.285659 
4.800000 0.060208 0.006833 0.141437 1.115930 0.704390 0.286923 
4.833330 0.059683 0.016794 -0.324838 1.120930 0.704154 0.287940 
4.866670 0.058556 0.017590 -0.298249 1.066820 0.704352 0.291440 
4.900000 0.051992 0.007528 -0.036899 1.087730 0.705239 0.292971 
4.933330 0.044530 0.001488 0.007118 1.097940 0.706299 0.293921 
4.966670 0.046470 -0.002171 -0.156651 1.087290 0.706053 0.295615 
5.000000 0.057295 -0.010449 -0.215265 1.080860 0.707665 0.296551 
5.033330 0.067133 -0.019641 -0.101511 1.056570 0.708301 0.298583 
5.066670 0.066018 -0.026451 0.053694 1.090860 0.711048 0.300203 
5.100000 0.061649 -0.019723 0.293817 1.071550 0.712836 0.301848 
5.133330 0.064391 -0.010946 0.674103 1.078110 0.713505 0.302678 
5.166670 0.075711 -0.009768 0.967416 1.129450 0.715385 0.305007 
5.200000 0.084135 -0.009657 0.936852 1.154560 0.715959 0.307450 
5.233330 0.078586 -0.002482 0.608886 1.181270 0.718334 0.309676 
5.266670 0.061648 0.012365 0.200121 1.208540 0.719211 0.312560 
5.300000 0.046981 0.021788 -0.039497 1.188690 0.718678 0.313811 
5.333330 0.047811 0.012361 -0.083112 1.187220 0.718121 0.315787 
5.366670 0.059066 -0.002517 -0.148070 1.196900 0.718632 0.316859 
5.400000 0.067049 -0.006048 -0.306944 1.186350 0.720873 0.319323 
5.433330 0.068481 -0.005588 -0.371321 1.173290 0.721615 0.321471 
5.466670 0.067703 -0.010114 -0.252845 1.146430 0.720768 0.322752 
5.500000 0.063766 -0.014228 -0.062966 1.162590 0.724536 0.325911 
5.533330 0.058369 -0.009739 0.218756 1.164740 0.725336 0.325952 
5.566670 0.055145 -0.010521 0.662340 1.145760 0.725071 0.328635 
5.600000 0.051003 -0.022207 0.989049 1.201910 0.726474 0.330285 
5.633330 0.046598 -0.022549 0.898128 1.248280 0.729329 0.330545 
5.666670 0.049212 -0.008433 0.586382 1.254610 0.728916 0.332585 
5.700000 0.060850 0.003895 0.402015 1.273990 0.730309 0.333877 
5.733330 0.074899 0.009440 0.322845 1.273980 0.729602 0.335845 
5.766670 0.079630 0.003913 0.150567 1.308450 0.731663 0.339049 
5.800000 0.072815 -0.004784 -0.081840 1.294990 0.730754 0.342147 
5.833330 0.064615 -0.011016 -0.220551 1.279560 0.732075 0.342688 
5.866670 0.061357 -0.009394 -0.266450 1.292620 0.734495 0.346071 
5.900000 0.064939 -0.004970 -0.285082 1.259310 0.733615 0.346596 
5.933330 0.070864 -0.012526 -0.223505 1.277060 0.734444 0.349640 
5.966670 0.073504 -0.018047 0.056979 1.248230 0.737003 0.351542 
6.000000 0.072069 -0.021124 0.550224 1.263270 0.737444 0.353760 
6.033330 0.072005 -0.019895 0.952796 1.286560 0.738815 0.355496 
6.066670 0.071284 -0.017924 0.946579 1.335790 0.740993 0.357817 
6.100000 0.064829 -0.014264 0.619134 1.366260 0.740644 0.359926 
6.133330 0.054628 -0.007269 0.349552 1.363820 0.742423 0.362503 
6.166670 0.051248 0.001441 0.299565 1.374150 0.742959 0.363209 
6.200000 0.057902 0.007740 0.302153 1.396910 0.741991 0.364655 
6.233330 0.064000 0.010600 0.191117 1.391640 0.743365 0.368135 
6.266670 0.065060 0.007983 -0.015998 1.416300 0.742330 0.369143 
6.300000 0.065957 0.007199 -0.237464 1.386480 0.743027 0.372078 
6.333330 0.071519 0.002160 -0.446608 1.389630 0.743287 0.373757 
6.366670 0.077695 -0.006454 -0.511967 1.387550 0.743252 0.376313 
6.400000 0.077576 -0.013097 -0.200130 1.332170 0.744524 0.379032 
6.433330 0.070259 -0.022463 0.378588 1.354670 0.745743 0.381725 
6.466670 0.068129 -0.025064 0.783508 1.381210 0.746876 0.383191 
6.500000 0.074970 -0.023780 0.830206 1.412530 0.748246 0.384568 
6.533330 0.079812 -0.021231 0.704247 1.433650 0.749213 0.388677 
6.566670 0.076176 -0.015147 0.578383 1.449450 0.750048 0.390433 
6.600000 0.067867 -0.003018 0.466879 1.479610 0.751208 0.392290 
6.633330 0.060165 0.012190 0.342522 1.478530 0.751160 0.395876 
6.666670 0.060078 0.015308 0.178892 1.498710 0.750131 0.396375 
6.700000 0.069327 0.007942 -0.024248 1.497790 0.750096 0.398937 
6.733330 0.078780 -0.000134 -0.189507 1.496860 0.750061 0.401500 
6.766670 0.080997 -0.001670 -0.272426 1.477450 0.751043 0.404591 
6.800000 0.080035 -0.008051 -0.314480 1.477460 0.751015 0.406642 
6.833330 0.081442 -0.023067 -0.224740 1.480900 0.750812 0.409763 
6.866670 0.084355 -0.029823 0.136965 1.435210 0.752992 0.411802 
6.900000 0.078015 -0.028560 0.581832 1.477300 0.754998 0.414911 
6.933330 0.065562 -0.018646 0.818712 1.513590 0.754706 0.417580 
6.966670 0.053569 -0.010716 0.847096 1.509910 0.756486 0.418528 
7.000000 0.046747 -0.011068 0.755204 1.567530 0.755100 0.421263 
7.033330 0.053260 -0.007202 0.561914 1.577020 0.757636 0.422333 
7.066670 0.070567 0.000112 0.288852 1.584020 0.755913 0.423144 
7.100000 0.080017 0.003335 -0.031471 1.611590 0.757149 0.427337 
7.133330 0.073064 0.004164 -0.267399 1.584020 0.755818 0.430339 
7.166670 0.067599 0.000289 -0.250892 1.584020 0.755805 0.431368 
7.200000 0.072821 0.002954 -0.036956 1.562080 0.756802 0.433440 
7.233330 0.075235 0.005305 0.130210 1.584020 0.755730 0.437026 
7.266670 0.069387 0.004548 0.126591 1.584020 0.755696 0.439599 
7.300000 0.067988 -0.003706 0.066547 1.584020 0.755682 0.440628 
7.333330 0.076279 -0.019162 0.151370 1.594930 0.756154 0.443724 
7.366670 0.086899 -0.030933 0.451380 1.584020 0.755607 0.446291 
7.400000 0.089915 -0.032638 0.756640 1.615600 0.759155 0.449435 
7.433330 0.081732 -0.025418 0.771034 1.648000 0.758609 0.452004 
7.466670 0.064300 -0.022813 0.535068 1.682200 0.758619 0.456050 
7.500000 0.052651 -0.018471 0.343544 1.669220 0.759581 0.456142 
7.533330 0.056428 -0.006010 0.254442 1.687070 0.760573 0.458736 
7.566670 0.070494 0.008571 0.135108 1.713510 0.759857 0.460525 
7.600000 0.080103 0.014245 0.023866 1.691600 0.758467 0.462830 
7.633330 0.078648 0.007787 -0.011092 1.696230 0.757907 0.466433 
7.666670 0.067783 0.007050 -0.049490 1.708920 0.757380 0.467457 
7.700000 0.060479 0.012129 -0.085132 1.689090 0.758188 0.471522 
