0.304 25 30 
0.397 25 30 
0.492 25 30 
0.599 25 30 
0.663 25 30 
0.74 25 30 
0.803 25 30 
0.88 25 30 
0.927 25 30 
1.021 25 30 
1.084 25 30 
1.147 25 30 
1.225 25 30 
1.318 25 30 
1.413 25 30 
1.475 25 30 
1.569 25 30 
1.662 25 30 
1.757 25 30 
1.819 25 30 
1.881 25 30 
1.976 25 30 
2.038 25 30 
2.1 25 30 
2.179 25 30 
2.256 25 30 
2.32 25 30 
2.38 25 30 
2.443 25 30 
2.505 25 30 
2.585 25 30 
2.646 25 30 
2.71 25 30 
2.787 25 30 
2.882 25 30 
3.085 25 30 
3.162 25 30 
3.24 25 30 
3.318 25 30 
3.381 25 30 
3.444 25 30 
3.506 25 30 
3.569 25 30 
3.648 25 30 
3.726 25 30 
3.787 25 30 
3.851 25 30 
3.913 25 30 
3.975 25 30 
4.038 25 30 
4.099 25 30 
4.193 25 30 
4.272 25 30 
4.35 25 30 
4.428 25 30 
4.506 25 30 
4.6 25 30 
4.678 25 30 
4.756 25 30 
4.865 25 30 
4.943 25 30 
5.021 25 30 
5.084 25 30 
5.163 25 30 
5.241 25 30 
5.319 25 30 
5.412 25 30 
5.475 25 30 
5.554 25 30 
5.616 25 30 
5.709 25 30 
5.789 25 30 
5.866 25 30 
5.974 25 30 
6.052 25 30 
6.115 25 30 
6.224 25 30 
6.302 25 30 
6.382 25 30 
6.459 25 30 
6.537 25 30 
6.632 25 30 
6.725 25 30 
6.803 25 30 
6.882 25 30 
6.944 25 30 
7.022 25 30 
7.1 25 30 
7.178 25 30 
7.242 25 30 
7.303 25 30 
7.398 25 30 
7.491 25 30 
7.553 25 30 
7.615 25 30 
7.678 25 30 
7.74 25 30 
7.835 25 30 
7.943 25 30 
8.022 25 30 
8.131 25 30 
8.193 25 30 
8.272 25 30 
8.35 25 30 
8.444 25 30 
8.506 25 30 
8.6 25 30 
8.679 25 30 
8.773 25 30 
8.851 25 30 
8.912 25 30 
8.992 25 30 
9.069 25 30 
9.148 25 30 
9.21 25 30 
9.288 25 30 
9.396 25 30 
9.46 25 30 
9.553 25 30 
9.647 25 30 
9.724 25 30 
9.818 25 30 
9.897 25 30 
9.974 25 30 
10.054 25 30 
10.146 25 30 
10.24 25 30 
10.319 25 30 
10.412 25 30 
10.49 25 30 
10.554 25 30 
10.615 25 30 
