0.7 0.00229245 0.000236195 -0.00811149 -0.0185131 
0.733333 0.00245399 0.000271354 -0.0106491 -0.0248252 
0.766667 0.00253335 0.000232497 -0.010729 -0.02859 
0.8 0.00254471 0.000158612 -0.0108487 -0.0330541 
0.833333 0.00259592 0.000116849 -0.00903351 -0.0345135 
0.866667 0.00261545 9.55767e-005 -0.00666541 -0.0347263 
0.9 0.00272302 6.4614e-005 -0.00383504 -0.0336026 
0.933333 0.00272077 9.66554e-007 0.000418697 -0.0298253 
0.966667 0.002841 -9.80131e-005 0.00301017 -0.0266227 
1 0.00290061 -0.000103925 0.00565059 -0.022493 
1.03333 0.00291803 -1.58633e-005 0.00825861 -0.0175277 
1.06667 0.00298959 9.14206e-005 0.00809958 -0.0149603 
1.1 0.00304065 0.000282275 0.00738468 -0.0131042 
1.13333 0.0029939 0.000325265 0.00266273 -0.016217 
1.16667 0.00298158 0.000371342 -0.000320255 -0.0188507 
1.2 0.00292817 0.000313718 -0.00599614 -0.0256579 
1.23333 0.00300308 0.000352272 -0.00955612 -0.0318591 
1.26667 0.00303078 0.000332969 -0.0114693 -0.0373029 
1.3 0.00310737 0.00024095 -0.00980392 -0.0391601 
1.33333 0.00313582 0.00013261 -0.00917313 -0.0416835 
1.36667 0.00322638 0.000104681 -0.00718296 -0.0423919 
1.4 0.00330441 5.17614e-005 -0.00275941 -0.0395644 
1.43333 0.00332355 1.03733e-005 0.00158663 -0.0353538 
1.46667 0.00334168 -3.79744e-005 0.00592229 -0.0297069 
1.5 0.00338188 -2.75128e-005 0.00732551 -0.0260763 
1.53333 0.00340343 2.682e-005 0.00770851 -0.0231824 
1.56667 0.00346225 9.41226e-005 0.00643189 -0.0221199 
1.6 0.00343073 0.000114748 0.00427986 -0.0225163 
1.63333 0.00350606 0.000157509 0.00189062 -0.0239101 
1.66667 0.00363208 0.000235212 -0.000932026 -0.0266119 
1.7 0.003643 0.000344637 -0.00470113 -0.0313719 
1.73333 0.00363445 0.000384264 -0.00834445 -0.0372397 
1.76667 0.00370533 0.00034794 -0.0108682 -0.0430004 
1.8 0.00372304 0.000227108 -0.0103844 -0.046052 
1.83333 0.00379022 0.000152027 -0.00896772 -0.0478411 
1.86667 0.00388784 6.7913e-005 -0.0072694 -0.0488256 
1.9 0.00397117 -4.17769e-006 -0.00374326 -0.0470862 
1.93333 0.00399104 -6.1399e-005 0.000553731 -0.0432615 
1.96667 0.00399576 -0.000108515 0.00491245 -0.0379317 
2 0.00399051 -8.74437e-005 0.00794753 -0.0327114 
2.03333 0.00398486 1.33756e-005 0.00761645 -0.0304531 
2.06667 0.00408877 0.000141917 0.00776916 -0.027734 
2.1 0.00405208 0.000218639 0.00699817 -0.0260544 
2.13333 0.00405486 0.000278594 0.00369099 -0.0276256 
2.16667 0.00411431 0.000270658 -0.000178277 -0.0309628 
2.2 0.00412021 0.000229656 -0.00425354 -0.0358329 
2.23333 0.0041131 0.000313908 -0.00620909 -0.0395592 
2.26667 0.00414377 0.00029897 -0.00768657 -0.043373 
2.3 0.00419367 0.000254042 -0.00641751 -0.0444371 
2.33333 0.00440277 0.000234914 -0.00468508 -0.0445313 
2.36667 0.0043931 0.000133137 -0.00153765 -0.0423775 
2.4 0.00444048 5.71928e-005 0.000976624 -0.0399221 
2.43333 0.00444761 -3.63694e-005 0.00421425 -0.0357747 
2.46667 0.00452684 -4.82796e-005 0.00794817 -0.0299622 
2.5 0.00454006 -0.000109371 0.00819906 -0.0270166 
2.53333 0.00450663 1.37673e-005 0.00896668 -0.0233774 
2.56667 0.00445227 5.66099e-006 0.00515465 -0.0248885 
2.6 0.00448976 0.000138578 0.00518084 -0.0231394 
2.63333 0.00455535 0.000251737 0.0030276 -0.0239542 
2.66667 0.00461169 0.000320355 -0.000149025 -0.0266949 
2.7 0.00472442 0.000449302 -0.00164238 -0.0285074 
2.73333 0.00473404 0.000389852 -0.00510999 -0.0331483 
2.76667 0.00479665 0.000308467 -0.00589476 -0.035778 
2.8 0.00468159 0.000182281 -0.00552703 -0.0373088 
2.83333 0.00475809 8.96291e-005 -0.0052806 -0.0388603 
2.86667 0.00478175 1.90871e-005 -0.00319401 -0.0381573 
2.9 0.00476621 2.00188e-005 -0.000612354 -0.0361745 
2.93333 0.0048174 8.5185e-005 0.00401756 -0.0309131 
2.96667 0.00488176 3.39388e-005 0.00606563 -0.0271563 
3 0.00492495 -2.24439e-005 0.0071618 -0.0238404 
3.03333 0.00495365 1.521e-005 0.00858821 -0.0197693 
3.06667 0.00495277 4.18752e-005 0.00819167 -0.0173747 
3.1 0.00496545 0.000173661 0.00444298 -0.0190693 
3.13333 0.00501991 0.000243784 0.00267055 -0.0196806 
3.16667 0.00510349 0.000324409 0.000750091 -0.0210575 
3.2 0.0050672 0.000357274 -0.00168516 -0.0236821 
3.23333 0.00509482 0.000403422 -0.00441757 -0.0274694 
3.26667 0.00506937 0.000328237 -0.00629233 -0.031155 
3.3 0.00516361 0.000272131 -0.00528049 -0.032058 
3.33333 0.00513663 0.000217639 -0.00449567 -0.0328917 
3.36667 0.00512857 0.000202933 -0.00158245 -0.0309513 
3.4 0.00514132 0.00013635 0.0013052 -0.02807 
3.43333 0.00510125 2.7284e-005 0.00257485 -0.0261362 
3.46667 0.005207 5.83086e-005 0.00628205 -0.0209017 
3.5 0.00521402 3.46163e-005 0.00707645 -0.0178699 
3.53333 0.00536316 4.63249e-005 0.0071007 -0.0154825 
3.56667 0.00532878 0.000130014 0.00633922 -0.0140145 
3.6 0.00531607 0.000241266 0.00417731 -0.0144535 
3.63333 0.005309 0.000311578 0.00250575 -0.0150342 
3.66667 0.00534998 0.000309468 -0.00113593 -0.0184978 
3.7 0.00542278 0.00033317 -0.0032121 -0.0213273 
3.73333 0.00551329 0.000384115 -0.00450676 -0.0239263 
3.76667 0.00556207 0.000358463 -0.00720573 -0.0286146 
3.8 0.00559054 0.000344717 -0.00758537 -0.0314647 
3.83333 0.00552548 0.000306168 -0.0049628 -0.0308973 
3.86667 0.00549857 0.000229457 -0.00388986 -0.031285 
3.9 0.00551377 0.00017755 -0.000860323 -0.0290054 
3.93333 0.00559124 0.000103037 0.0012853 -0.0267593 
3.96667 0.00569301 7.56319e-005 0.00514009 -0.0217805 
4 0.00584615 7.42422e-005 0.0075429 -0.0172307 
4.03333 0.00589475 6.52527e-005 0.00823675 -0.0138973 
4.06667 0.00603873 7.51684e-005 0.00722656 -0.0123442 
4.1 0.00611003 9.787e-005 0.0030936 -0.0148142 
4.13333 0.00617435 0.000235189 0.00136442 -0.0158242 
4.16667 0.00620288 0.000253898 -0.00123143 -0.0184337 
4.2 0.00620608 0.000257918 -0.00455568 -0.0227683 
4.23333 0.00613701 0.00038499 -0.00437404 -0.0240724 
4.26667 0.00606681 0.000398325 -0.00599743 -0.0274468 
4.3 0.00617323 0.000331768 -0.00602081 -0.0294735 
4.33333 0.00619416 0.000197475 -0.0046758 -0.0298928 
4.36667 0.00639408 0.000238169 0.000215274 -0.0256776 
4.4 0.00641163 0.000182773 0.00266392 -0.0227153 
4.43333 0.00640733 0.000157698 0.00462533 -0.019512 
4.46667 0.00632049 8.30795e-005 0.00552623 -0.0169068 
4.5 0.00627749 8.50494e-005 0.0080537 -0.0120811 
4.53333 0.00625128 7.06547e-005 0.00889508 -0.00840331 
4.56667 0.00629771 0.000105718 0.00922353 -0.00505056 
4.6 0.00628937 0.000173458 0.00693416 -0.00467856 
4.63333 0.0063071 0.000203612 0.00352225 -0.0063948 
4.66667 0.00631103 0.000246483 0.000354238 -0.00896043 
4.7 0.00629304 0.000295795 -0.00185733 -0.011453 
4.73333 0.00631201 0.000320682 -0.00451118 -0.0152049 
4.76667 0.00631232 0.000355789 -0.00579597 -0.0182253 
4.8 0.00631789 0.000340636 -0.00555932 -0.0198779 
4.83333 0.00630455 0.000222708 -0.00312782 -0.0188607 
4.86667 0.00629731 8.44731e-005 -0.00188553 -0.0184369 
4.9 0.00630351 6.27786e-005 0.000743906 -0.0159614 
4.93333 0.00628036 6.12821e-005 0.00293686 -0.0131248 
4.96667 0.00645884 -4.19458e-005 0.00401197 -0.0108767 
5 0.00653988 -6.19254e-005 0.00660782 -0.00647505 
5.03333 0.00652076 -5.69119e-005 0.00797103 -0.00266323 
5.06667 0.00656178 6.35132e-005 0.00842077 0.000524681 
5.1 0.00645789 -2.96569e-005 0.00337503 -0.00262469 
5.13333 0.00651285 0.000104572 0.000905533 -0.00441483 
5.16667 0.00654083 0.000139167 -0.00238164 -0.00799336 
5.2 0.00664671 0.000228524 -0.00446211 -0.0112432 
5.23333 0.00664517 0.00030056 -0.00545251 -0.0138996 
5.26667 0.00673134 0.000317366 -0.00729703 -0.0178945 
5.3 0.0068626 0.000295659 -0.00670314 -0.0196258 
5.33333 0.00691827 0.000178353 -0.00555386 -0.0205035 
5.36667 0.00694801 0.000124437 -0.00267699 -0.0189588 
5.4 0.00696256 9.23183e-005 0.000331598 -0.0162996 
5.43333 0.00696588 1.94942e-005 0.00145967 -0.0148574 
5.46667 0.00691653 -5.75997e-005 0.00402057 -0.0113478 
5.5 0.00692321 -6.77702e-005 0.00707806 -0.00639837 
5.53333 0.00693222 -2.70024e-005 0.00916507 -0.00157539 
5.56667 0.00697543 3.11498e-005 0.00773114 -0.000213055 
5.6 0.00708461 0.00012957 0.00702215 0.00152705 
5.63333 0.0070632 0.000172142 0.00507996 0.00157509 
5.66667 0.00710684 0.000162069 0.00279239 0.000568028 
5.7 0.00706766 0.000208797 -0.00122596 -0.00324468 
5.73333 0.00709638 0.000294642 -0.00417174 -0.00713071 
5.76667 0.00703577 0.00039795 -0.0041148 -0.00845407 
5.8 0.00712222 0.000339816 -0.00595056 -0.0119927 
5.83333 0.00716178 0.000270248 -0.00510783 -0.0129814 
5.86667 0.0071779 0.000114397 -0.00444537 -0.013902 
5.9 0.00719586 4.74942e-005 -0.00198052 -0.0124742 
5.93333 0.00716454 3.91638e-006 0.00221755 -0.00817868 
5.96667 0.00725439 -0.000155718 0.00463665 -0.00458384 
6 0.00724682 -0.000213059 0.00793573 0.000856137 
6.03333 0.00725063 -0.000238199 0.00774108 0.00327161 
6.06667 0.00729899 -0.000133128 0.0079028 0.00604287 
6.1 0.00730419 -8.47742e-005 0.00447085 0.00462586 
6.13333 0.00732276 5.62534e-006 0.00336828 0.0048146 
6.16667 0.00743263 7.75229e-005 0.0013892 0.00360114 
6.2 0.00747322 0.000167996 -0.00245348 -0.000471925 
6.23333 0.00745307 0.000245783 -0.00539564 -0.00476286 
6.26667 0.00744111 0.000233678 -0.00822095 -0.00989657 
6.3 0.00736576 0.000241574 -0.00675732 -0.0109091 
6.33333 0.00729669 0.000157021 -0.00632091 -0.0126464 
6.36667 0.00731248 8.10932e-005 -0.00565485 -0.0139671 
6.4 0.00735759 6.05898e-005 -0.00310015 -0.0128364 
6.43333 0.00743076 1.96197e-006 0.00171765 -0.00818251 
6.46667 0.00742393 -6.62255e-005 0.00543924 -0.00321677 
6.5 0.00757536 -0.000186726 0.00635283 -0.00032523 
6.53333 0.00757342 -0.00020976 0.00799036 0.00372543 
6.56667 0.00756992 -0.000140765 0.00808279 0.00649799 
6.6 0.00751835 -5.69426e-005 0.007011 0.00792705 
6.63333 0.00755323 2.92133e-005 0.00649407 0.00965382 
6.66667 0.00755187 5.78219e-005 0.00214698 0.00668695 
6.7 0.0075876 0.000135664 -0.00254866 0.0018596 
6.73333 0.0076687 0.000257465 -0.00545236 -0.00241767 
6.76667 0.0076616 0.000330337 -0.00858801 -0.00793663 
6.8 0.00764141 0.000375268 -0.00901128 -0.0112989 
6.83333 0.007571 0.000347348 -0.00617992 -0.0109604 
6.86667 0.00762712 0.000219605 -0.00570993 -0.0124656 
6.9 0.00759887 0.00018249 -0.00290178 -0.011054 
6.93333 0.00762319 6.24767e-005 0.000741337 -0.00772067 
6.96667 0.0076224 -0.000100484 0.00321427 -0.00455436 
7 0.0076197 -0.000157834 0.00591241 -0.000297889 
7.03333 0.00776069 -0.000221168 0.005826 0.00157091 
7.06667 0.0078122 -0.000138375 0.00538282 0.00298976 
7.1 0.00784126 -2.65793e-005 0.00551868 0.00494441 
7.13333 0.00780413 3.87297e-005 0.00346171 0.0043558 
7.16667 0.00778622 0.000112949 0.00100171 0.00260577 
7.2 0.00781722 0.000156509 -0.00188675 -0.000470044 
7.23333 0.00775585 0.000141236 -0.00534206 -0.00517781 
7.26667 0.00772259 0.000186322 -0.00781217 -0.00987436 
7.3 0.00775195 0.00027558 -0.0103594 -0.0154853 
7.33333 0.00785345 0.000251976 -0.00857101 -0.0168273 
7.36667 0.00785057 0.000188474 -0.00805601 -0.0190764 
7.4 0.00788208 0.000112308 -0.00563489 -0.0189037 
7.43333 0.00792898 5.00519e-005 -0.00277092 -0.0174012 
7.46667 0.00795654 -1.752e-005 0.000867134 -0.0140303 
7.5 0.00800405 -8.54425e-005 0.00445438 -0.0095066 
7.53333 0.00796188 -0.00017574 0.00690139 -0.00513321 
7.56667 0.00808643 -0.000152245 0.00696954 -0.0027523 
7.6 0.00808746 -4.63769e-005 0.00649982 -0.000983606 
7.63333 0.00802192 1.89518e-005 0.00482132 -0.000798402 
7.66667 0.00806946 0.000139064 0.00304848 -0.00128406 
7.7 0.00813572 0.000184005 9.11023e-005 -0.00375897 
7.73333 0.00817 0.000286602 -0.0018382 -0.00600607 
7.76667 0.00816766 0.000376209 -0.00502615 -0.0103821 
7.8 0.00818569 0.000382913 -0.00636646 -0.0136396 
7.83333 0.00819268 0.000329259 -0.00782436 -0.0174828 
7.86667 0.00826183 0.000343068 -0.00603536 -0.017979 
7.9 0.00832561 0.000252819 -0.00466405 -0.018372 
7.93333 0.00831778 0.000143204 -0.000911553 -0.0154971 
7.96667 0.0083575 0.000105346 0.00156137 -0.0128817 
8 0.00836168 2.73103e-005 0.00435942 -0.00905829 
8.03333 0.00842189 1.79807e-005 0.0106438 -0.000186656 
8.06667 0.00835554 -2.71584e-005 0.0119137 0.0048603 
8.1 0.00837092 6.25815e-006 0.0111671 0.00795027 
8.13333 0.00842528 0.000113367 0.0106209 0.0110279 
8.16667 0.00842134 0.000211673 0.00827014 0.0117932 
8.2 0.00838771 0.000209093 0.00442468 0.0100105 
8.23333 0.00839611 0.000258261 0.0015767 0.00812343 
8.26667 0.00844358 0.000351771 -0.00211454 0.00429164 
8.3 0.00846126 0.000353706 -0.00543763 -0.000335987 
8.33333 0.00847779 0.000252927 -0.00664974 -0.00357937 
8.36667 0.00852911 0.000212302 -0.00617125 -0.00523111 
8.4 0.00857241 0.000148122 -0.00428502 -0.00506158 
8.43333 0.00858202 8.64975e-005 -0.00192739 -0.00370683 
8.46667 0.00860242 -0.000110225 0.0010028 -0.000890319 
8.5 0.00859651 -0.000121905 0.0051555 0.00434604 
8.53333 0.00859941 -0.000191643 0.00754077 0.00888026 
8.56667 0.00870079 -0.000202802 0.0108975 0.0153563 
8.6 0.00873357 -0.000209535 0.0121816 0.0205046 
8.63333 0.00874812 -0.000122387 0.0119714 0.024317 
8.66667 0.00879178 5.6586e-006 0.00730222 0.0227957 
8.7 0.00879359 0.000145515 0.00507153 0.0225966 
8.73333 0.00882388 0.000264038 0.00233497 0.0210567 
8.76667 0.00882746 0.000226114 -0.00302986 0.015502 
8.8 0.00885453 0.000298587 -0.00518818 0.0119443 
8.83333 0.00881359 0.000269312 -0.00615409 0.00907466 
8.86667 0.00880906 0.000173682 -0.00633601 0.00680854 
8.9 0.00880261 9.92889e-005 -0.00511884 0.00613336 
8.93333 0.00875267 2.88605e-005 -0.00254364 0.007467 
8.96667 0.00879034 -3.1336e-005 -0.000634821 0.00887241 
9 0.00887731 -0.000159408 0.00274843 0.0126546 
9.03333 0.00885926 -0.000231523 0.00603145 0.0174462 
9.06667 0.00888065 -0.000176991 0.00919083 0.0231862 
9.1 0.00890608 -0.000176029 0.0109841 0.0283668 
9.13333 0.00889184 -0.000161975 0.00964975 0.030453 
9.16667 0.00888462 -5.07602e-005 0.00887646 0.0327567 
9.2 0.00891501 0.000132327 0.0054826 0.0317092 
9.23333 0.00894557 0.000158765 0.00268081 0.0302293 
9.26667 0.00895661 0.00025071 0.000257127 0.0282619 
9.3 0.00903726 0.00027579 -0.00257194 0.025008 
9.33333 0.0090259 0.000259116 -0.00656255 0.0194399 
9.36667 0.00899994 0.000249497 -0.00863024 0.0148116 
9.4 0.009038 0.000187388 -0.00628193 0.0147069 
9.43333 0.00907892 7.67115e-005 -0.00426559 0.0149931 
9.46667 0.00911189 -4.35199e-005 -0.00173041 0.016564 
9.5 0.00906036 -9.89624e-005 0.00132634 0.0195955 
9.53333 0.00910755 -0.000155463 0.00350481 0.0226092 
9.56667 0.00914233 -0.000229011 0.00757131 0.0285778 
9.6 0.00918021 -0.000218691 0.00908076 0.0328835 
9.63333 0.00923463 -0.000173004 0.0099202 0.0369013 
9.66667 0.00925918 -5.32407e-005 0.00793618 0.037866 
9.7 0.00927463 1.46359e-005 0.0064426 0.0387483 
9.73333 0.00924548 0.000168915 0.00371618 0.0376774 
9.76667 0.00931562 0.000292841 0.001267 0.0360249 
9.8 0.00927449 0.000358573 -0.00175899 0.0328752 
9.83333 0.00924145 0.000418597 -0.00488571 0.0285979 
9.86667 0.00921059 0.000371768 -0.00579612 0.0258946 
9.9 0.0092676 0.000302887 -0.00570043 0.0240755 
9.93333 0.00929483 0.000176799 -0.00462693 0.0234426 
9.96667 0.00935635 0.000161735 -0.0013834 0.0257292 
10 0.00940121 4.58901e-005 0.000974466 0.0280514 
10.0333 0.00932264 -2.0786e-005 0.00364355 0.031527 
10.0667 0.0093745 -9.37653e-005 0.00770665 0.0375378 
10.1 0.00939746 -0.000164523 0.0101804 0.0430268 
10.1333 0.00938363 -0.000115338 0.0101873 0.0464285 
10.1667 0.00939012 -5.23206e-005 0.0093757 0.0488662 
10.2 0.00938219 4.48326e-005 0.00787884 0.0502245 
10.2333 0.0094498 0.000162139 0.00576588 0.0503565 
10.2667 0.00946045 0.00028016 0.00256903 0.0485047 
10.3 0.00949981 0.000421317 -0.00148041 0.0445808 
10.3333 0.00953955 0.000453882 -0.0045876 0.0404194 
10.3667 0.00954686 0.000456554 -0.005745 0.037524 
10.4 0.00959429 0.0004124 -0.00598431 0.0353265 
10.4333 0.00962482 0.00031218 -0.00591682 0.0334114 
10.4667 0.00968315 0.000229262 -0.00258466 0.0353726 
10.5 0.00961953 0.000101069 -0.000249732 0.0372673 
10.5333 0.009674 -1.79264e-005 0.00250813 0.0404396 
10.5667 0.00968317 -0.000148834 0.00613112 0.0455525 
10.6 0.00968285 -0.000132941 0.00875315 0.0506914 
10.6333 0.00966301 -0.000120442 0.00888063 0.0537596 
10.6667 0.00966712 -5.32966e-006 0.00950762 0.0574599 
10.7 0.00961981 3.23393e-005 0.00698503 0.0576513 
10.7333 0.00961834 0.000109222 0.00512796 0.0577874 
10.7667 0.00964007 0.000221119 0.00217428 0.0560101 
10.8 0.009687 0.00031958 -0.000735722 0.0532997 
10.8333 0.0096908 0.000382912 -0.00328409 0.0500462 
10.8667 0.0096973 0.000398077 -0.00537087 0.0464881 
10.9 0.00974049 0.000388203 -0.00631263 0.0435861 
10.9333 0.00976394 0.000330457 -0.00524937 0.0427371 
10.9667 0.00972971 0.000184035 -0.00403657 0.0424189 
11 0.00975608 5.51848e-005 -0.00197179 0.0435108 
11.0333 0.00981059 -5.16653e-005 0.00102073 0.0463861 
11.0667 0.00982148 -5.39349e-005 0.00462301 0.0509787 
11.1 0.00982191 -0.000127638 0.00712105 0.0554685 
11.1333 0.00986593 -0.000166635 0.00959613 0.0607639 
11.1667 0.00986129 -9.9295e-005 0.0109554 0.0655673 
11.2 0.00985641 -9.07333e-005 0.00921377 0.0671631 
11.2333 0.00994616 3.63081e-005 0.00723896 0.0679032 
11.2667 0.00994289 0.000164286 0.00431253 0.0668616 
11.3 0.0100156 0.000283777 0.000772325 0.0641201 
11.3333 0.0100934 0.000315976 -0.0022659 0.060791 
11.3667 0.010151 0.000368585 -0.00393287 0.0580679 
11.4 0.010168 0.000291423 -0.00523816 0.0552161 
11.4333 0.0102445 0.000178648 -0.00451073 0.0543287 
11.4667 0.0102916 0.000123166 -0.0030095 0.0545973 
11.5 0.010318 -2.52808e-006 1.50546e-005 0.0571645 
11.5333 0.0103491 -0.000136627 0.00270296 0.0603425 
11.5667 0.0103095 -0.000186028 0.00529294 0.0643009 
11.6 0.0103619 -0.000246085 0.00899983 0.070441 
11.6333 0.0103397 -0.000226039 0.0113324 0.0761945 
11.6667 0.010325 -0.000155829 0.0104575 0.0789392 
11.7 0.0103345 -3.97194e-005 0.00970809 0.0815403 
11.7333 0.0104299 1.94322e-005 0.00742017 0.0820756 
11.7667 0.0104542 0.000160577 0.00561601 0.0824192 
11.8 0.0104003 0.000239939 0.00285371 0.0810304 
11.8333 0.0104009 0.000220367 0.000772491 0.0795249 
11.8667 0.0104468 0.000293991 -0.00195711 0.0765602 
11.9 0.0104452 0.000304602 -0.00486634 0.0724736 
11.9333 0.0104645 0.000276216 -0.00604169 0.069464 
11.9667 0.0104018 0.000145512 -0.00467435 0.0690642 
12 0.0104543 3.30508e-005 -0.00146481 0.0712948 
12.0333 0.010456 -4.37767e-005 0.00127066 0.0740357 
12.0667 0.0104096 -5.3147e-005 0.00369989 0.0773268 
12.1 0.0103642 -9.97712e-005 0.0064382 0.0817926 
12.1333 0.0104007 -0.000121839 0.00814699 0.0859558 
12.1667 0.0103717 -9.64508e-005 0.00919635 0.0899102 
12.2 0.0103498 -3.48869e-006 0.00787782 0.0914192 
12.2333 0.010375 0.000116582 0.00542259 0.0911468 
12.2667 0.0102842 0.000260011 0.00245803 0.0894548 
12.3 0.010346 0.000351148 -0.00123459 0.0859152 
12.3333 0.0102955 0.000436543 -0.00431478 0.0818676 
