0.219 15 0 
0.298 15 0 
0.36 15 0 
0.422 15 0 
0.5 15 0 
0.563 15 0 
0.625 15 0 
0.688 15 0 
0.749 15 0 
0.812 15 0 
0.906 15 0 
0.984 15 0 
1.047 15 0 
1.108 15 0 
1.188 15 0 
1.25 15 0 
1.329 15 0 
1.39 15 0 
1.454 15 0 
1.516 15 0 
1.579 15 0 
1.641 15 0 
1.719 15 0 
1.797 15 0 
1.859 15 0 
1.922 15 0 
1.985 15 0 
2.047 15 0 
2.126 15 0 
2.188 15 0 
2.251 15 0 
2.313 15 0 
2.376 15 0 
2.454 15 0 
2.531 15 0 
2.594 15 0 
2.656 15 0 
2.719 15 0 
2.781 15 0 
2.844 15 0 
2.921 15 0 
3 15 0 
3.078 15 0 
3.14 15 0 
3.218 15 0 
3.297 15 0 
3.359 15 0 
3.421 15 0 
3.485 15 0 
3.547 15 0 
3.609 15 0 
3.687 15 0 
3.765 15 0 
3.829 15 0 
3.891 15 0 
3.954 15 0 
4.015 15 0 
4.094 15 0 
4.156 15 0 
4.219 15 0 
4.282 15 0 
4.36 15 0 
4.438 15 0 
4.532 15 0 
4.594 15 0 
4.657 15 0 
4.719 15 0 
4.782 15 0 
4.845 15 0 
4.937 15 0 
5.016 15 0 
5.079 15 0 
5.141 15 0 
5.219 15 0 
5.298 15 0 
5.36 15 0 
5.422 15 0 
5.485 15 0 
5.547 15 0 
5.609 15 0 
5.703 15 0 
5.75 15 0 
5.813 15 0 
5.891 15 0 
5.954 15 0 
6.016 15 0 
6.094 15 0 
6.156 15 0 
6.218 15 0 
6.28 15 0 
6.343 15 0 
6.421 15 0 
6.499 15 0 
6.562 15 0 
6.624 15 0 
6.687 15 0 
6.75 15 0 
6.812 15 0 
6.89 15 0 
6.953 15 0 
7.016 15 0 
7.079 15 0 
7.141 15 0 
7.219 15 0 
7.297 15 0 
7.359 15 0 
7.423 15 0 
7.484 15 0 
7.548 15 0 
7.609 15 0 
7.704 15 0 
7.782 15 0 
7.859 15 0 
7.921 15 0 
7.985 15 0 
8.047 15 0 
8.126 15 0 
8.187 15 0 
8.265 15 0 
8.359 15 0 
8.422 15 0 
8.485 15 0 
8.562 15 0 
8.625 15 0 
8.688 15 0 
8.75 15 0 
8.812 15 0 
8.891 15 0 
8.952 15 0 
9.015 15 0 
9.078 15 0 
9.156 15 0 
9.22 15 0 
9.297 15 0 
9.359 15 0 
9.422 15 0 
9.485 15 0 
9.546 15 0 
9.609 15 0 
9.688 15 0 
9.75 15 0 
9.829 15 0 
9.891 15 0 
9.954 15 0 
10.015 15 0 
10.093 15 0 
10.156 15 0 
10.219 15 0 
10.281 15 0 
10.343 15 0 
10.421 15 0 
10.5 15 0 
10.562 15 0 
10.626 15 0 
10.687 15 0 
10.767 15 0 
10.845 15 0 
10.922 15 0 
10.983 15 0 
11.063 15 0 
11.125 15 0 
11.187 15 0 
11.249 15 0 
11.327 15 0 
11.39 15 0 
11.453 15 0 
11.515 15 0 
11.579 15 0 
11.641 15 0 
11.735 15 0 
11.781 15 0 
11.86 15 0 
11.923 15 0 
11.985 15 0 
12.046 15 0 
12.125 15 0 
12.188 15 0 
12.251 15 0 
12.312 15 0 
12.39 15 0 
12.438 15 0 
12.531 15 0 
12.594 15 0 
12.655 15 0 
12.719 15 0 
12.781 15 0 
12.845 15 0 
12.923 15 0 
12.985 15 0 
13.046 15 0 
13.108 15 0 
13.187 15 0 
13.25 15 0 
13.328 15 0 
13.391 15 0 
13.453 15 0 
13.515 15 0 
13.579 15 0 
13.641 15 0 
13.719 15 0 
13.781 15 0 
13.86 15 0 
13.921 15 0 
13.984 15 0 
14.047 15 0 
14.125 15 0 
14.187 15 0 
14.251 15 0 
14.313 15 0 
14.39 15 0 
14.453 15 0 
14.531 15 0 
14.593 15 0 
14.657 15 0 
14.719 15 0 
14.781 15 0 
14.844 15 0 
14.922 15 0 
14.984 15 0 
15.048 15 0 
15.109 15 0 
15.187 15 0 
15.25 15 0 
15.327 15 0 
15.392 15 0 
15.453 15 0 
15.516 15 0 
15.578 15 0 
15.641 15 0 
15.735 15 0 
15.782 15 0 
15.86 15 0 
15.922 15 0 
15.985 15 0 
16.047 15 0 
16.124 15 0 
16.187 15 0 
16.25 15 0 
16.312 15 0 
16.375 15 0 
16.454 15 0 
16.531 15 0 
16.594 15 0 
16.656 15 0 
16.719 15 0 
16.781 15 0 
16.859 15 0 
16.923 15 0 
16.984 15 0 
17.046 15 0 
17.125 15 0 
17.172 15 0 
17.249 15 0 
17.329 15 0 
17.39 15 0 
17.453 15 0 
17.515 15 0 
17.579 15 0 
17.641 15 0 
17.719 15 0 
17.781 15 0 
17.859 15 0 
17.921 15 0 
17.985 15 0 
18.047 15 0 
18.124 15 0 
18.187 15 0 
18.25 15 0 
18.313 15 0 
18.375 15 0 
18.453 15 0 
18.531 15 0 
18.594 15 0 
18.657 15 0 
18.719 15 0 
18.781 15 0 
18.844 15 0 
18.922 15 0 
18.983 15 0 
19.062 15 0 
19.125 15 0 
19.188 15 0 
19.25 15 0 
19.327 15 0 
19.39 15 0 
19.452 15 0 
19.516 15 0 
19.578 15 0 
19.64 15 0 
19.718 15 0 
19.796 15 0 
19.86 15 0 
19.921 15 0 
19.985 15 0 
20.046 15 0 
20.125 15 0 
20.187 15 0 
20.251 15 0 
20.313 15 0 
20.374 15 0 
20.452 15 0 
20.53 15 0 
20.593 15 0 
20.655 15 0 
20.718 15 0 
20.78 15 0 
20.843 15 0 
20.922 15 0 
20.985 15 0 
21.047 15 0 
21.126 15 0 
21.188 15 0 
21.25 15 0 
21.328 15 0 
21.391 15 0 
21.453 15 0 
21.515 15 0 
21.577 15 0 
21.64 15 0 
21.718 15 0 
21.781 15 0 
21.86 15 0 
21.922 15 0 
21.984 15 0 
22.048 15 0 
22.125 15 0 
22.187 15 0 
22.265 15 0 
22.313 15 0 
22.375 15 0 
22.452 15 0 
22.532 15 0 
22.593 15 0 
22.657 15 0 
22.719 15 0 
22.781 15 0 
22.843 15 0 
22.922 15 0 
23.001 15 0 
23.079 15 0 
23.141 15 0 
23.22 15 0 
23.297 15 0 
23.36 15 0 
23.423 15 0 
23.484 15 0 
23.547 15 0 
23.609 15 0 
23.688 15 0 
23.765 15 0 
23.829 15 0 
23.891 15 0 
23.953 15 0 
24.015 15 0 
24.094 15 0 
24.157 15 0 
24.218 15 0 
24.281 15 0 
24.343 15 0 
24.405 15 0 
24.5 15 0 
24.563 15 0 
24.624 15 0 
24.687 15 0 
24.75 15 0 
24.812 15 0 
24.89 15 0 
24.954 15 0 
25.016 15 0 
25.093 15 0 
25.157 15 0 
