0.215 15 0 
0.307 15 0 
0.401 15 0 
0.512 15 0 
0.604 15 0 
0.666 15 0 
0.729 15 0 
0.791 15 0 
0.855 15 0 
0.932 15 0 
0.996 15 0 
1.058 15 0 
1.119 15 0 
1.182 15 0 
1.245 15 0 
1.324 15 0 
1.386 15 0 
1.463 15 0 
1.527 15 0 
1.589 15 0 
1.652 15 0 
1.73 15 0 
1.792 15 0 
1.855 15 0 
1.918 15 0 
1.98 15 0 
2.057 15 0 
2.12 15 0 
2.198 15 0 
2.261 15 0 
2.323 15 0 
2.386 15 0 
2.447 15 0 
2.526 15 0 
2.589 15 0 
2.65 15 0 
2.713 15 0 
2.792 15 0 
2.855 15 0 
2.933 15 0 
2.995 15 0 
3.057 15 0 
3.121 15 0 
3.182 15 0 
3.245 15 0 
3.34 15 0 
3.402 15 0 
3.464 15 0 
3.527 15 0 
3.59 15 0 
3.651 15 0 
3.729 15 0 
3.792 15 0 
3.854 15 0 
3.916 15 0 
3.98 15 0 
4.058 15 0 
4.135 15 0 
4.199 15 0 
4.26 15 0 
4.324 15 0 
4.385 15 0 
4.449 15 0 
4.527 15 0 
4.589 15 0 
4.651 15 0 
4.729 15 0 
4.792 15 0 
4.855 15 0 
4.933 15 0 
4.996 15 0 
5.059 15 0 
5.121 15 0 
5.182 15 0 
5.261 15 0 
5.338 15 0 
5.401 15 0 
5.463 15 0 
5.527 15 0 
5.589 15 0 
5.652 15 0 
5.73 15 0 
5.793 15 0 
5.854 15 0 
5.917 15 0 
5.98 15 0 
6.042 15 0 
6.135 15 0 
6.198 15 0 
6.26 15 0 
6.323 15 0 
6.385 15 0 
6.464 15 0 
6.526 15 0 
6.589 15 0 
6.668 15 0 
6.729 15 0 
6.793 15 0 
6.869 15 0 
6.932 15 0 
6.995 15 0 
7.058 15 0 
7.12 15 0 
7.182 15 0 
7.277 15 0 
7.37 15 0 
7.433 15 0 
7.495 15 0 
7.557 15 0 
7.62 15 0 
7.699 15 0 
7.776 15 0 
7.855 15 0 
7.917 15 0 
7.979 15 0 
8.058 15 0 
8.135 15 0 
8.198 15 0 
8.261 15 0 
8.339 15 0 
8.433 15 0 
8.527 15 0 
8.604 15 0 
8.667 15 0 
8.746 15 0 
8.839 15 0 
8.918 15 0 
9.012 15 0 
9.105 15 0 
9.199 15 0 
9.262 15 0 
9.323 15 0 
9.402 15 0 
9.465 15 0 
9.526 15 0 
9.588 15 0 
9.651 15 0 
9.729 15 0 
9.792 15 0 
9.854 15 0 
9.918 15 0 
9.98 15 0 
10.059 15 0 
10.135 15 0 
10.198 15 0 
10.26 15 0 
10.324 15 0 
10.385 15 0 
10.449 15 0 
10.527 15 0 
10.589 15 0 
10.668 15 0 
10.729 15 0 
10.792 15 0 
10.854 15 0 
10.933 15 0 
10.995 15 0 
11.057 15 0 
11.119 15 0 
11.182 15 0 
11.26 15 0 
11.324 15 0 
11.401 15 0 
11.465 15 0 
11.527 15 0 
11.59 15 0 
11.652 15 0 
11.73 15 0 
11.792 15 0 
11.855 15 0 
11.916 15 0 
11.98 15 0 
12.057 15 0 
12.135 15 0 
12.198 15 0 
12.261 15 0 
12.323 15 0 
12.386 15 0 
12.448 15 0 
12.526 15 0 
12.588 15 0 
12.652 15 0 
12.715 15 0 
12.792 15 0 
12.871 15 0 
12.933 15 0 
12.995 15 0 
13.057 15 0 
13.12 15 0 
13.182 15 0 
13.276 15 0 
13.354 15 0 
13.433 15 0 
13.495 15 0 
13.557 15 0 
13.62 15 0 
13.699 15 0 
13.761 15 0 
13.822 15 0 
13.885 15 0 
13.948 15 0 
14.011 15 0 
14.104 15 0 
14.168 15 0 
14.23 15 0 
14.292 15 0 
14.355 15 0 
14.416 15 0 
14.494 15 0 
14.557 15 0 
14.62 15 0 
14.682 15 0 
14.761 15 0 
14.823 15 0 
14.901 15 0 
14.964 15 0 
15.027 15 0 
15.089 15 0 
15.152 15 0 
15.215 15 0 
15.309 15 0 
15.371 15 0 
15.434 15 0 
15.496 15 0 
15.559 15 0 
15.621 15 0 
15.698 15 0 
15.761 15 0 
15.823 15 0 
15.885 15 0 
15.947 15 0 
16.01 15 0 
16.104 15 0 
16.167 15 0 
16.23 15 0 
16.293 15 0 
16.354 15 0 
16.417 15 0 
16.495 15 0 
16.557 15 0 
16.635 15 0 
16.698 15 0 
16.761 15 0 
16.823 15 0 
16.901 15 0 
16.965 15 0 
17.026 15 0 
17.089 15 0 
17.151 15 0 
17.215 15 0 
17.293 15 0 
17.355 15 0 
17.418 15 0 
17.496 15 0 
17.559 15 0 
17.62 15 0 
17.699 15 0 
17.761 15 0 
17.822 15 0 
17.885 15 0 
17.948 15 0 
18.011 15 0 
18.104 15 0 
18.167 15 0 
18.229 15 0 
18.291 15 0 
18.354 15 0 
18.418 15 0 
18.495 15 0 
18.558 15 0 
18.62 15 0 
18.699 15 0 
18.746 15 0 
18.824 15 0 
18.902 15 0 
18.964 15 0 
19.025 15 0 
19.089 15 0 
19.152 15 0 
19.214 15 0 
19.307 15 0 
19.355 15 0 
19.433 15 0 
19.494 15 0 
19.558 15 0 
19.62 15 0 
19.699 15 0 
19.76 15 0 
19.823 15 0 
19.885 15 0 
19.964 15 0 
20.058 15 0 
20.135 15 0 
20.198 15 0 
20.26 15 0 
20.323 15 0 
20.385 15 0 
20.463 15 0 
20.527 15 0 
20.588 15 0 
20.652 15 0 
20.714 15 0 
20.792 15 0 
20.869 15 0 
20.933 15 0 
20.995 15 0 
21.057 15 0 
21.136 15 0 
21.213 15 0 
21.307 15 0 
21.354 15 0 
21.418 15 0 
21.496 15 0 
21.558 15 0 
21.62 15 0 
21.699 15 0 
21.761 15 0 
21.824 15 0 
21.885 15 0 
21.948 15 0 
22.01 15 0 
22.105 15 0 
22.166 15 0 
22.23 15 0 
22.291 15 0 
22.355 15 0 
22.417 15 0 
22.496 15 0 
22.557 15 0 
22.621 15 0 
22.698 15 0 
22.761 15 0 
22.823 15 0 
22.901 15 0 
22.964 15 0 
23.026 15 0 
23.089 15 0 
23.152 15 0 
23.213 15 0 
23.308 15 0 
23.354 15 0 
23.433 15 0 
23.495 15 0 
23.558 15 0 
23.62 15 0 
23.698 15 0 
23.76 15 0 
23.823 15 0 
23.885 15 0 
23.948 15 0 
24.026 15 0 
24.089 15 0 
24.166 15 0 
24.23 15 0 
24.291 15 0 
24.354 15 0 
24.416 15 0 
24.495 15 0 
24.557 15 0 
24.636 15 0 
24.683 15 0 
24.744 15 0 
24.823 15 0 
24.901 15 0 
24.964 15 0 
25.026 15 0 
25.089 15 0 
25.151 15 0 
