0.209 15 0 
0.303 15 0 
0.412 15 0 
0.506 15 0 
0.569 15 0 
0.632 15 0 
0.694 15 0 
0.757 15 0 
0.819 15 0 
0.897 15 0 
0.958 15 0 
1.021 15 0 
1.084 15 0 
1.163 15 0 
1.226 15 0 
1.303 15 0 
1.365 15 0 
1.429 15 0 
1.49 15 0 
1.554 15 0 
1.615 15 0 
1.693 15 0 
1.756 15 0 
1.818 15 0 
1.88 15 0 
1.959 15 0 
2.022 15 0 
2.099 15 0 
2.162 15 0 
2.225 15 0 
2.288 15 0 
2.365 15 0 
2.459 15 0 
2.522 15 0 
2.583 15 0 
2.662 15 0 
2.724 15 0 
2.788 15 0 
2.85 15 0 
2.928 15 0 
2.99 15 0 
3.068 15 0 
3.147 15 0 
3.209 15 0 
3.302 15 0 
3.366 15 0 
3.429 15 0 
3.491 15 0 
3.553 15 0 
3.632 15 0 
3.694 15 0 
3.756 15 0 
3.818 15 0 
3.88 15 0 
3.959 15 0 
4.021 15 0 
4.1 15 0 
4.162 15 0 
4.224 15 0 
4.288 15 0 
4.351 15 0 
4.412 15 0 
4.49 15 0 
4.568 15 0 
4.631 15 0 
4.693 15 0 
4.755 15 0 
4.819 15 0 
4.897 15 0 
4.959 15 0 
5.022 15 0 
5.084 15 0 
5.147 15 0 
5.225 15 0 
5.288 15 0 
5.366 15 0 
5.428 15 0 
5.49 15 0 
5.553 15 0 
5.615 15 0 
5.694 15 0 
5.757 15 0 
5.819 15 0 
5.881 15 0 
5.959 15 0 
6.021 15 0 
6.1 15 0 
6.163 15 0 
6.226 15 0 
6.288 15 0 
6.351 15 0 
6.412 15 0 
6.491 15 0 
6.568 15 0 
6.631 15 0 
6.694 15 0 
6.756 15 0 
6.818 15 0 
6.896 15 0 
6.959 15 0 
7.021 15 0 
7.083 15 0 
7.162 15 0 
7.225 15 0 
7.303 15 0 
7.365 15 0 
7.427 15 0 
7.49 15 0 
7.553 15 0 
7.616 15 0 
7.694 15 0 
7.756 15 0 
7.818 15 0 
7.881 15 0 
7.96 15 0 
8.021 15 0 
8.099 15 0 
8.162 15 0 
8.224 15 0 
8.288 15 0 
8.366 15 0 
8.443 15 0 
8.537 15 0 
8.6 15 0 
8.663 15 0 
8.725 15 0 
8.788 15 0 
8.851 15 0 
8.929 15 0 
8.991 15 0 
9.053 15 0 
9.116 15 0 
9.177 15 0 
9.255 15 0 
9.333 15 0 
9.397 15 0 
9.459 15 0 
9.521 15 0 
9.584 15 0 
9.646 15 0 
9.725 15 0 
9.787 15 0 
9.865 15 0 
9.96 15 0 
10.021 15 0 
10.1 15 0 
10.163 15 0 
10.225 15 0 
10.287 15 0 
10.365 15 0 
10.458 15 0 
10.522 15 0 
10.6 15 0 
10.662 15 0 
10.725 15 0 
10.788 15 0 
10.849 15 0 
10.928 15 0 
10.99 15 0 
11.053 15 0 
11.131 15 0 
11.193 15 0 
11.256 15 0 
11.334 15 0 
11.397 15 0 
11.46 15 0 
11.537 15 0 
11.615 15 0 
11.695 15 0 
11.756 15 0 
11.834 15 0 
11.896 15 0 
11.959 15 0 
12.022 15 0 
12.099 15 0 
12.162 15 0 
12.224 15 0 
12.288 15 0 
12.35 15 0 
12.412 15 0 
12.49 15 0 
12.569 15 0 
12.632 15 0 
12.694 15 0 
12.757 15 0 
12.819 15 0 
12.896 15 0 
12.959 15 0 
13.021 15 0 
13.084 15 0 
13.146 15 0 
13.224 15 0 
13.303 15 0 
13.365 15 0 
13.429 15 0 
13.49 15 0 
13.553 15 0 
13.615 15 0 
13.693 15 0 
13.772 15 0 
13.849 15 0 
13.927 15 0 
13.991 15 0 
14.052 15 0 
14.131 15 0 
14.209 15 0 
14.287 15 0 
14.35 15 0 
14.428 15 0 
14.491 15 0 
14.553 15 0 
14.63 15 0 
14.694 15 0 
14.756 15 0 
14.819 15 0 
14.897 15 0 
14.958 15 0 
15.022 15 0 
15.084 15 0 
15.162 15 0 
15.224 15 0 
15.303 15 0 
15.365 15 0 
15.428 15 0 
15.49 15 0 
15.553 15 0 
15.616 15 0 
15.693 15 0 
15.756 15 0 
15.82 15 0 
15.896 15 0 
15.959 15 0 
16.022 15 0 
16.099 15 0 
16.163 15 0 
16.224 15 0 
16.286 15 0 
16.35 15 0 
16.412 15 0 
16.491 15 0 
16.568 15 0 
16.631 15 0 
16.694 15 0 
16.755 15 0 
16.819 15 0 
16.896 15 0 
16.959 15 0 
17.021 15 0 
17.084 15 0 
17.162 15 0 
17.225 15 0 
17.304 15 0 
17.366 15 0 
17.429 15 0 
17.49 15 0 
17.554 15 0 
17.616 15 0 
17.694 15 0 
17.756 15 0 
17.818 15 0 
17.897 15 0 
17.959 15 0 
18.021 15 0 
18.1 15 0 
18.162 15 0 
18.225 15 0 
18.287 15 0 
18.35 15 0 
18.413 15 0 
18.506 15 0 
18.554 15 0 
18.632 15 0 
18.694 15 0 
18.757 15 0 
18.819 15 0 
18.897 15 0 
18.959 15 0 
19.022 15 0 
19.084 15 0 
19.163 15 0 
19.225 15 0 
19.303 15 0 
19.366 15 0 
19.428 15 0 
19.491 15 0 
19.553 15 0 
19.616 15 0 
19.694 15 0 
19.755 15 0 
19.818 15 0 
19.882 15 0 
19.959 15 0 
20.023 15 0 
20.101 15 0 
20.162 15 0 
20.225 15 0 
20.288 15 0 
20.351 15 0 
20.411 15 0 
20.49 15 0 
20.553 15 0 
20.631 15 0 
20.694 15 0 
20.757 15 0 
20.819 15 0 
20.896 15 0 
20.96 15 0 
21.021 15 0 
21.1 15 0 
21.193 15 0 
21.24 15 0 
21.334 15 0 
21.397 15 0 
21.458 15 0 
21.521 15 0 
21.584 15 0 
21.646 15 0 
21.725 15 0 
21.788 15 0 
21.85 15 0 
21.929 15 0 
21.99 15 0 
22.053 15 0 
22.131 15 0 
22.193 15 0 
22.256 15 0 
22.318 15 0 
22.381 15 0 
22.443 15 0 
22.522 15 0 
22.599 15 0 
22.662 15 0 
22.724 15 0 
22.788 15 0 
22.85 15 0 
22.944 15 0 
23.022 15 0 
23.084 15 0 
23.146 15 0 
23.224 15 0 
23.304 15 0 
23.366 15 0 
23.429 15 0 
23.49 15 0 
23.553 15 0 
23.615 15 0 
23.695 15 0 
23.771 15 0 
23.85 15 0 
23.913 15 0 
23.991 15 0 
24.052 15 0 
24.131 15 0 
24.193 15 0 
24.256 15 0 
24.319 15 0 
24.382 15 0 
24.444 15 0 
24.522 15 0 
24.599 15 0 
24.663 15 0 
24.725 15 0 
24.787 15 0 
24.85 15 0 
24.929 15 0 
24.991 15 0 
25.054 15 0 
25.132 15 0 
25.225 15 0 
