0.166667 0.003940 -0.002097 0.682757 0.110787 0.365961 0.396101 
0.200000 0.009839 -0.012016 0.559435 0.149074 0.364465 0.395899 
0.233333 0.026897 -0.018815 0.305468 0.151003 0.365403 0.395285 
0.266667 0.035557 -0.013696 0.258988 0.141678 0.368357 0.394345 
0.300000 0.031688 -0.005812 0.310852 0.170640 0.367965 0.394601 
0.333333 0.027449 -0.002582 0.197607 0.176226 0.369509 0.395134 
0.366667 0.030042 -0.001785 -0.068110 0.185210 0.370478 0.394710 
0.400000 0.039683 0.003251 -0.289593 0.167158 0.371032 0.394648 
0.433333 0.049379 0.009154 -0.355674 0.161820 0.372856 0.395713 
0.466667 0.049531 0.013496 -0.300481 0.147146 0.374651 0.396011 
0.500000 0.037970 0.014315 -0.260970 0.133713 0.375850 0.396733 
0.533333 0.023380 0.008998 -0.356421 0.136456 0.377587 0.397439 
0.566667 0.016240 0.000476 -0.466942 0.125407 0.376772 0.397943 
0.600000 0.017762 -0.003985 -0.329396 0.089358 0.377985 0.397287 
0.633333 0.024318 -0.004743 0.053794 0.090449 0.379316 0.397305 
0.666667 0.038395 -0.009947 0.396798 0.109130 0.379106 0.397488 
0.700000 0.055192 -0.019797 0.487893 0.111067 0.380777 0.397324 
0.733333 0.058121 -0.026710 0.383696 0.153515 0.383982 0.396478 
0.766667 0.046957 -0.018471 0.338366 0.136309 0.385428 0.395634 
0.800000 0.032614 -0.007586 0.483702 0.160212 0.386781 0.395756 
0.833333 0.024407 -0.000042 0.597353 0.162746 0.387221 0.395706 
0.866667 0.020050 0.004041 0.410803 0.222845 0.388571 0.396419 
0.900000 0.017178 0.014274 -0.017922 0.186003 0.388789 0.395737 
0.933333 0.018307 0.024990 -0.416815 0.217964 0.389192 0.397345 
0.966667 0.021076 0.028871 -0.578419 0.163132 0.389746 0.397878 
1.000000 0.031188 0.017497 -0.513578 0.160143 0.390507 0.399603 
1.033330 0.046334 -0.001147 -0.411915 0.143461 0.390887 0.399748 
1.066670 0.057483 -0.013657 -0.393979 0.131767 0.393647 0.399636 
1.100000 0.055543 -0.013971 -0.386272 0.122606 0.395532 0.399059 
1.133330 0.042910 -0.008964 -0.256760 0.097706 0.397184 0.398898 
1.166670 0.028595 -0.008572 0.050753 0.109771 0.398534 0.399610 
1.200000 0.021497 -0.007982 0.453121 0.095316 0.398898 0.398300 
1.233330 0.024739 -0.006969 0.727448 0.132089 0.400074 0.398615 
1.266670 0.037428 -0.008404 0.743731 0.167693 0.400558 0.398581 
1.300000 0.052881 -0.010360 0.614841 0.174084 0.402198 0.398645 
1.333330 0.061765 -0.008299 0.403243 0.190481 0.404618 0.398170 
1.366670 0.060699 -0.001160 0.037185 0.218904 0.406360 0.398759 
1.400000 0.055193 0.010815 -0.336042 0.204205 0.408879 0.399393 
1.433330 0.051346 0.020553 -0.450352 0.176284 0.409431 0.399742 
1.466670 0.047666 0.020981 -0.406993 0.162383 0.411572 0.401321 
1.500000 0.039702 0.011092 -0.522850 0.167177 0.413051 0.402360 
1.533330 0.033406 -0.000374 -0.737504 0.144707 0.414196 0.402169 
1.566670 0.039885 -0.007310 -0.663452 0.099219 0.414890 0.402414 
1.600000 0.052444 -0.012028 -0.185936 0.091021 0.416087 0.401894 
1.633330 0.052490 -0.015539 0.381125 0.086104 0.418928 0.402006 
1.666670 0.037158 -0.015692 0.714577 0.132086 0.420896 0.401935 
1.700000 0.028159 -0.005564 0.758547 0.129987 0.420983 0.400069 
1.733330 0.035196 0.002024 0.618926 0.179656 0.421626 0.401973 
1.766670 0.045676 0.002107 0.471947 0.181919 0.423818 0.401412 
1.800000 0.045224 -0.004755 0.475961 0.201901 0.424940 0.402105 
1.833330 0.034110 -0.009961 0.502953 0.197326 0.426663 0.402044 
1.866670 0.024708 -0.010029 0.221579 0.247343 0.428006 0.402063 
1.900000 0.030301 -0.000949 -0.332907 0.239489 0.427641 0.401040 
1.933330 0.041815 0.012050 -0.693405 0.205855 0.429167 0.402589 
1.966670 0.040629 0.024224 -0.619044 0.177868 0.431168 0.403126 
2.000000 0.031096 0.029633 -0.359512 0.166645 0.432490 0.403683 
2.033330 0.036327 0.021364 -0.184732 0.171100 0.432494 0.406099 
2.066670 0.055158 0.003919 -0.089864 0.149771 0.432051 0.405756 
2.100000 0.061891 -0.012698 -0.032186 0.153386 0.438136 0.406282 
2.133330 0.051095 -0.020261 -0.039024 0.160302 0.437688 0.406023 
2.166670 0.044630 -0.017826 -0.031918 0.154829 0.439677 0.405285 
2.200000 0.050474 -0.010326 0.086093 0.142732 0.441204 0.404797 
2.233330 0.057947 -0.007433 0.257116 0.163541 0.442978 0.405503 
2.266670 0.060851 -0.009060 0.436709 0.174753 0.445645 0.405290 
2.300000 0.062033 -0.008975 0.645330 0.176119 0.446736 0.405385 
2.333330 0.063476 -0.005234 0.755293 0.213420 0.449885 0.405306 
2.366670 0.060036 0.001482 0.561610 0.244735 0.450480 0.405645 
2.400000 0.047381 0.005003 0.039690 0.236094 0.454442 0.406515 
2.433330 0.038328 -0.000876 -0.540308 0.273288 0.454246 0.407531 
2.466670 0.045272 0.000427 -0.791764 0.186354 0.454954 0.406754 
2.500000 0.054941 0.006154 -0.682668 0.188561 0.457287 0.407065 
2.533330 0.053652 0.011583 -0.515380 0.177736 0.460446 0.408661 
2.566670 0.052203 0.010658 -0.399451 0.148011 0.459887 0.408974 
2.600000 0.058957 0.005717 -0.244513 0.142771 0.462278 0.409176 
2.633330 0.062114 -0.000914 -0.067057 0.134917 0.465237 0.409731 
2.666670 0.053375 -0.013944 0.072590 0.138225 0.466086 0.410141 
2.700000 0.036676 -0.026167 0.243827 0.150123 0.468694 0.409811 
2.733330 0.022789 -0.022614 0.524473 0.140064 0.469373 0.408257 
2.766670 0.019964 -0.005731 0.761606 0.179565 0.469891 0.407755 
2.800000 0.029397 0.008841 0.709954 0.202580 0.470538 0.408461 
2.833330 0.041699 0.010269 0.415333 0.237758 0.471651 0.409475 
2.866670 0.053551 0.008941 0.164564 0.221769 0.473881 0.409682 
2.900000 0.067656 0.009522 0.026359 0.233066 0.474095 0.410404 
2.933330 0.076492 0.009236 -0.196023 0.229401 0.478176 0.410648 
2.966670 0.071555 0.001094 -0.452185 0.249947 0.479522 0.413651 
3.000000 0.056742 0.002861 -0.462694 0.174433 0.482410 0.412015 
3.033330 0.045441 0.006554 -0.348642 0.185814 0.483918 0.412328 
3.066670 0.048176 0.005834 -0.406850 0.212245 0.484659 0.414757 
3.100000 0.060311 0.003017 -0.466312 0.141968 0.486289 0.413546 
3.133330 0.065868 -0.005341 -0.267620 0.151940 0.488926 0.414150 
3.166670 0.059450 -0.013418 0.091165 0.151958 0.491933 0.415215 
3.200000 0.057565 -0.017603 0.409816 0.142776 0.492478 0.413691 
3.233330 0.067346 -0.015256 0.544973 0.182637 0.494680 0.413865 
3.266670 0.075878 -0.003748 0.465080 0.188531 0.497535 0.413764 
3.300000 0.071905 0.003226 0.345789 0.215312 0.500819 0.414416 
3.333330 0.062186 0.002286 0.349227 0.199220 0.501542 0.415354 
3.366670 0.053011 -0.007230 0.347564 0.233272 0.504058 0.415901 
3.400000 0.045372 -0.007302 0.112204 0.232038 0.506219 0.414993 
3.433330 0.044992 0.002044 -0.238756 0.257432 0.507004 0.416070 
3.466670 0.052586 0.017996 -0.334999 0.207767 0.508105 0.415960 
3.500000 0.056656 0.024931 -0.204767 0.195380 0.510597 0.417528 
3.533330 0.050420 0.015205 -0.249082 0.231631 0.512026 0.419152 
3.566670 0.041760 0.000285 -0.495971 0.194923 0.513711 0.419516 
3.600000 0.045238 -0.011568 -0.617717 0.165550 0.514102 0.419112 
3.633330 0.056950 -0.013586 -0.480897 0.163953 0.516633 0.419148 
3.666670 0.065651 -0.004463 -0.127904 0.142670 0.518436 0.419144 
3.700000 0.066200 0.005892 0.323327 0.131866 0.521151 0.418773 
3.733330 0.061876 0.005228 0.633634 0.177905 0.522672 0.420770 
3.766670 0.055063 0.001315 0.720008 0.184936 0.524710 0.420288 
3.800000 0.051008 -0.003468 0.738567 0.222619 0.527230 0.420836 
3.833330 0.053993 -0.007890 0.676755 0.207777 0.527243 0.420325 
3.866670 0.056377 -0.020290 0.359564 0.295015 0.530345 0.422498 
3.900000 0.056208 -0.012101 -0.067253 0.243768 0.532321 0.419888 
3.933330 0.059170 0.007763 -0.284904 0.263711 0.534436 0.421024 
3.966670 0.074341 0.024756 -0.350194 0.218240 0.535313 0.421977 
4.000000 0.093582 0.013104 -0.487179 0.262276 0.537786 0.424570 
4.033330 0.095707 0.004731 -0.618142 0.192842 0.542440 0.424950 
4.066670 0.082065 0.000183 -0.609569 0.186756 0.544377 0.424667 
4.100000 0.066499 0.002247 -0.522960 0.179700 0.547384 0.426246 
4.133330 0.061670 0.002013 -0.330942 0.151525 0.548615 0.426129 
4.166670 0.069727 -0.003817 0.066956 0.146135 0.551199 0.426694 
4.200000 0.080674 -0.009904 0.480175 0.146495 0.553057 0.426681 
4.233330 0.078747 -0.016593 0.572722 0.189808 0.556537 0.426569 
4.266670 0.062535 -0.015512 0.376973 0.206538 0.559660 0.427021 
4.300000 0.047215 -0.006266 0.261247 0.194683 0.560276 0.426256 
4.333330 0.044130 0.003645 0.371510 0.216477 0.562173 0.426668 
4.366670 0.051842 0.009195 0.471081 0.218216 0.563596 0.427508 
4.400000 0.064435 0.005028 0.334842 0.265016 0.565281 0.428534 
4.433330 0.071657 0.003004 -0.027903 0.231949 0.567014 0.428095 
4.466670 0.066246 -0.003550 -0.461277 0.262767 0.570792 0.430238 
4.500000 0.057354 -0.001650 -0.705368 0.221779 0.571938 0.429774 
4.533330 0.058932 0.007854 -0.608895 0.177900 0.573197 0.429698 
4.566670 0.067017 0.015320 -0.365679 0.193644 0.575756 0.430947 
4.600000 0.067396 0.016751 -0.223607 0.166914 0.578049 0.432445 
4.633330 0.059792 0.007005 -0.179593 0.168859 0.579840 0.432529 
4.666670 0.053198 -0.004234 -0.104906 0.162522 0.582015 0.433605 
4.700000 0.057114 -0.010202 0.067176 0.155095 0.583404 0.433006 
4.733330 0.069672 -0.009919 0.257458 0.160073 0.585029 0.432732 
4.766670 0.079664 -0.008153 0.373451 0.185337 0.588659 0.433583 
4.800000 0.082590 -0.004834 0.514133 0.190464 0.590904 0.433547 
4.833330 0.080513 -0.005821 0.765196 0.199163 0.593309 0.433234 
4.866670 0.073624 -0.015953 0.863478 0.241339 0.596465 0.435168 
4.900000 0.070073 -0.019130 0.433450 0.260955 0.599052 0.434370 
4.933330 0.081868 -0.006802 -0.378823 0.302877 0.600576 0.433178 
4.966670 0.099766 0.021993 -0.901581 0.224771 0.603585 0.435274 
5.000000 0.102370 0.030296 -0.817147 0.199228 0.607911 0.437255 
5.033330 0.089297 0.018776 -0.514043 0.190892 0.609928 0.439304 
5.066670 0.073817 0.007142 -0.347636 0.186797 0.613181 0.439008 
5.100000 0.062970 0.006979 -0.249766 0.150557 0.614485 0.439798 
5.133330 0.057203 0.005360 -0.099751 0.170730 0.617616 0.440785 
5.166670 0.057732 0.001275 0.097801 0.149531 0.618112 0.440871 
5.200000 0.064672 -0.010188 0.282918 0.168349 0.620979 0.441259 
5.233330 0.071929 -0.021879 0.375005 0.171927 0.622612 0.440946 
5.266670 0.075405 -0.027428 0.403100 0.204510 0.626304 0.441404 
5.300000 0.078598 -0.014279 0.487413 0.188875 0.627794 0.439036 
5.333330 0.075501 0.000686 0.585440 0.225922 0.630970 0.441088 
5.366670 0.062076 0.008535 0.502164 0.244268 0.633741 0.441430 
5.400000 0.047052 0.007143 0.157280 0.252008 0.634787 0.442372 
5.433330 0.045824 0.005771 -0.294897 0.267275 0.636031 0.442944 
5.466670 0.059888 0.013719 -0.576654 0.227905 0.637552 0.442703 
5.500000 0.079838 0.019617 -0.568631 0.214053 0.640080 0.444546 
5.533330 0.095055 0.015662 -0.450659 0.195459 0.642091 0.446117 
5.566670 0.098038 0.006054 -0.445362 0.185049 0.646161 0.446693 
5.600000 0.087252 0.002252 -0.488587 0.182711 0.648833 0.447410 
5.633330 0.074249 0.008653 -0.311316 0.140459 0.652265 0.447685 
5.666670 0.075191 0.008203 0.136444 0.148202 0.653328 0.448720 
5.700000 0.085447 -0.003120 0.558446 0.155935 0.655560 0.448892 
5.733330 0.085553 -0.021123 0.691124 0.191022 0.660320 0.450274 
5.766670 0.075563 -0.025693 0.605438 0.216083 0.662460 0.448482 
5.800000 0.071135 -0.013190 0.495682 0.209281 0.663954 0.448058 
5.833330 0.074065 -0.003820 0.381143 0.253213 0.667851 0.449694 
5.866670 0.080633 0.004185 0.217759 0.246640 0.669010 0.449742 
5.900000 0.086715 0.011529 0.038889 0.254102 0.672133 0.450172 
5.933330 0.088376 0.018085 -0.108071 0.255934 0.675489 0.452020 
5.966670 0.085635 0.017094 -0.179936 0.253109 0.677256 0.453567 
6.000000 0.077303 0.011206 -0.243754 0.220382 0.679734 0.453889 
6.033330 0.063170 -0.000074 -0.452515 0.254371 0.683500 0.456068 
6.066670 0.053347 -0.001369 -0.691063 0.209606 0.683807 0.454699 
6.100000 0.057716 0.001365 -0.645004 0.178085 0.685833 0.456041 
6.133330 0.068248 0.004059 -0.271249 0.172730 0.687755 0.456310 
6.166670 0.074559 0.003571 0.170606 0.157474 0.691164 0.456339 
6.200000 0.076336 -0.007849 0.436364 0.187124 0.692008 0.457870 
6.233330 0.075106 -0.020266 0.507873 0.199301 0.696042 0.457228 
6.266670 0.073210 -0.025002 0.531676 0.209829 0.698096 0.456744 
6.300000 0.072809 -0.020540 0.582285 0.232382 0.700162 0.456702 
6.333330 0.072158 -0.007188 0.620416 0.253330 0.703399 0.456868 
6.366670 0.070299 0.011809 0.567319 0.273304 0.705452 0.457149 
6.400000 0.070196 0.023890 0.273621 0.275379 0.707493 0.458083 
6.433330 0.072776 0.013150 -0.263590 0.323417 0.708923 0.461379 
6.466670 0.074709 0.002644 -0.680485 0.256548 0.712244 0.460808 
6.500000 0.080418 -0.001832 -0.691764 0.242854 0.713972 0.461446 
6.533330 0.086301 0.002812 -0.482838 0.228508 0.716651 0.462113 
6.566670 0.086309 0.005419 -0.353621 0.210733 0.720166 0.463155 
6.600000 0.086204 0.001459 -0.340583 0.211503 0.722779 0.464462 
6.633330 0.096655 -0.000550 -0.272094 0.187733 0.724763 0.463412 
6.666670 0.111345 -0.002533 -0.017922 0.186938 0.728719 0.465901 
6.700000 0.113226 -0.002197 0.314240 0.178101 0.732793 0.465010 
6.733330 0.099010 -0.008908 0.506337 0.218136 0.736682 0.466172 
6.766670 0.082769 -0.014541 0.548733 0.221087 0.738999 0.467153 
6.800000 0.077204 -0.016600 0.594548 0.246021 0.742006 0.466185 
6.833330 0.082121 -0.005258 0.584462 0.246005 0.744057 0.466217 
6.866670 0.086009 0.005819 0.297411 0.297522 0.747453 0.467655 
6.900000 0.084989 0.017328 -0.173576 0.290302 0.750173 0.469001 
6.933330 0.085159 0.023002 -0.458738 0.254999 0.752211 0.469382 
6.966670 0.087746 0.016353 -0.419611 0.267184 0.754233 0.472570 
7.000000 0.082903 0.013090 -0.264507 0.217277 0.758654 0.472255 
7.033330 0.074498 0.005667 -0.230763 0.260544 0.759776 0.473867 
7.066670 0.068396 0.004197 -0.322161 0.210948 0.762310 0.473970 
7.100000 0.067698 -0.006522 -0.363934 0.224566 0.764885 0.475506 
7.133330 0.071640 -0.011534 -0.227455 0.199107 0.766399 0.475010 
7.166670 0.076911 -0.007326 0.045765 0.188798 0.769615 0.474362 
7.200000 0.079087 -0.001766 0.321377 0.218634 0.772074 0.476127 
7.233330 0.079129 0.001664 0.539049 0.210747 0.774340 0.475553 
7.266670 0.082461 -0.006263 0.668798 0.241251 0.777803 0.477075 
7.300000 0.089101 -0.017204 0.625329 0.267110 0.778830 0.477091 
7.333330 0.089875 -0.018932 0.421513 0.283434 0.783540 0.476986 
7.366670 0.083511 -0.005971 0.211280 0.298166 0.787048 0.477738 
7.400000 0.081456 0.014500 0.054865 0.282070 0.787531 0.477648 
7.433330 0.085822 0.021468 -0.153830 0.309302 0.791215 0.480372 
7.466670 0.088837 0.017688 -0.442235 0.282283 0.794205 0.481471 
7.500000 0.095571 0.004349 -0.640061 0.270686 0.795821 0.482872 
7.533330 0.103528 -0.002052 -0.572060 0.246325 0.799101 0.483555 
7.566670 0.100857 0.004745 -0.298682 0.212756 0.804089 0.483796 
7.600000 0.091215 0.007943 -0.093278 0.235594 0.806064 0.485415 
7.633330 0.087692 0.002294 -0.084455 0.220480 0.808568 0.485840 
7.666670 0.089799 -0.015431 -0.079114 0.226506 0.811641 0.487442 
7.700000 0.088968 -0.022713 0.123529 0.205525 0.815181 0.486328 
7.733330 0.083164 -0.017021 0.453736 0.231188 0.818062 0.485694 
7.766670 0.078816 -0.002773 0.692388 0.243297 0.820385 0.487316 
7.800000 0.078061 0.006917 0.712690 0.274862 0.823219 0.487045 
7.833330 0.080793 0.011053 0.556346 0.301132 0.825538 0.488701 
7.866670 0.082664 0.010108 0.310325 0.298676 0.827495 0.489461 
7.900000 0.078548 0.003196 0.024032 0.325558 0.831009 0.491494 
7.933330 0.070180 0.004635 -0.181948 0.316656 0.832717 0.491141 
7.966670 0.066851 0.014276 -0.218090 0.284970 0.835209 0.492599 
8.000000 0.074589 0.017595 -0.237361 0.308517 0.836543 0.493605 
8.033330 0.086658 0.014626 -0.384711 0.287204 0.839214 0.495357 
8.066670 0.094676 0.005087 -0.546072 0.271829 0.842065 0.496375 
8.100000 0.095121 -0.002440 -0.564000 0.251684 0.845569 0.497317 
8.133330 0.090865 -0.004589 -0.424513 0.229083 0.847904 0.497509 
8.166670 0.087096 -0.006242 -0.173204 0.230988 0.851753 0.498455 
8.200000 0.089412 -0.006872 0.154889 0.211776 0.854013 0.498614 
8.233330 0.092736 -0.011890 0.479209 0.241340 0.855878 0.499041 
8.266670 0.088667 -0.009487 0.659373 0.242172 0.862069 0.499661 
8.300000 0.082637 -0.004918 0.624854 0.292324 0.862069 0.499661 
8.333330 0.084775 0.003729 0.466720 0.286947 0.865440 0.500357 
8.366670 0.091720 0.001489 0.312568 0.313015 0.869174 0.502101 
8.400000 0.099422 -0.002229 0.179058 0.312347 0.870310 0.502910 
8.433330 0.105029 0.000307 0.017625 0.322740 0.875259 0.503142 
8.466670 0.103188 0.011215 -0.169452 0.317644 0.878090 0.504845 
8.500000 0.094135 0.017408 -0.291123 0.312377 0.880709 0.506539 
8.533330 0.086068 0.015418 -0.288666 0.295262 0.884228 0.508333 
8.566670 0.087635 0.007059 -0.310706 0.277570 0.885780 0.508358 
8.600000 0.094433 -0.007731 -0.513722 0.297482 0.888681 0.510693 
8.633330 0.093706 -0.011792 -0.676070 0.254369 0.892597 0.510315 
8.666670 0.085470 -0.007080 -0.433860 0.226624 0.896113 0.510608 
8.700000 0.082600 -0.001236 0.157354 0.220653 0.897144 0.511145 
8.733330 0.086653 -0.004231 0.670429 0.244158 0.900868 0.512012 
8.766670 0.088546 -0.010494 0.786211 0.269510 0.903864 0.512816 
8.800000 0.086656 -0.011071 0.579100 0.308295 0.906456 0.512339 
8.833330 0.083464 -0.000394 0.393912 0.306409 0.909323 0.513571 
8.866670 0.078003 0.008986 0.397349 0.311307 0.912199 0.514214 
8.900000 0.075466 0.010285 0.400180 0.341897 0.914203 0.516110 
8.933330 0.080577 0.010781 0.212666 0.351022 0.915973 0.516508 
8.966670 0.088892 0.015788 -0.122100 0.344099 0.919141 0.518080 
9.000000 0.094608 0.020571 -0.426418 0.355133 0.921729 0.519815 
9.033330 0.098076 0.025030 -0.526421 0.309395 0.924540 0.521488 
9.066670 0.102523 0.016987 -0.427991 0.305701 0.926778 0.523435 
9.100000 0.099503 0.007019 -0.307232 0.296234 0.930626 0.525025 
9.133330 0.089471 0.000016 -0.264863 0.282390 0.934376 0.525299 
9.166670 0.087024 -0.008955 -0.236229 0.279744 0.935818 0.526615 
9.200000 0.097708 -0.018375 -0.081245 0.271681 0.938759 0.527030 
9.233330 0.108294 -0.019808 0.235077 0.261421 0.943192 0.526588 
9.266670 0.108158 -0.015169 0.507145 0.281972 0.946928 0.527361 
9.300000 0.101227 -0.009173 0.551868 0.315382 0.949415 0.528160 
9.333330 0.094489 -0.002307 0.497946 0.322179 0.954087 0.528760 
9.366670 0.093323 -0.000552 0.500469 0.322521 0.955504 0.529636 
9.400000 0.098625 -0.011313 0.463345 0.369823 0.959164 0.531182 
9.433330 0.105055 -0.015481 0.278106 0.358241 0.962389 0.531509 
9.466670 0.105375 -0.007390 -0.003506 0.380710 0.965722 0.532458 
9.500000 0.100701 0.018707 -0.271588 0.366445 0.970162 0.532928 
9.533330 0.095501 0.035378 -0.438585 0.354826 0.971212 0.535834 
9.566670 0.090104 0.028463 -0.498474 0.338132 0.974026 0.538766 
9.600000 0.082323 0.010713 -0.532586 0.319215 0.977442 0.539595 
9.633330 0.077324 -0.000362 -0.563991 0.308800 0.979133 0.540256 
9.666670 0.080483 -0.001324 -0.447834 0.289710 0.981600 0.541234 
9.700000 0.087086 0.000949 -0.087720 0.258809 0.984548 0.541720 
9.733330 0.090025 -0.004377 0.319635 0.282465 0.987321 0.542900 
9.766670 0.088833 -0.010549 0.512624 0.298276 0.990443 0.543476 
9.800000 0.086740 -0.012602 0.478816 0.309399 0.993046 0.543521 
9.833330 0.086359 -0.009247 0.403834 0.335251 0.996168 0.544620 
9.866670 0.091912 0.000302 0.451511 0.335215 0.999292 0.544674 
9.900000 0.102198 0.006570 0.526983 0.344563 1.000830 0.546411 
9.933330 0.107664 0.004207 0.343879 0.384853 1.005860 0.547835 
9.966670 0.103086 0.004456 -0.102248 0.387312 1.008140 0.549534 
10.000000 0.096686 0.008709 -0.438222 0.362909 1.011620 0.550261 
10.033300 0.097566 0.011002 -0.402866 0.352438 1.014090 0.552459 
10.066700 0.103619 0.012651 -0.154925 0.328940 1.017000 0.553351 
10.100000 0.104074 0.008479 -0.064762 0.345125 1.020130 0.554976 
10.133300 0.094195 0.004855 -0.278955 0.342743 1.024640 0.557039 
10.166700 0.087058 0.001579 -0.543761 0.323781 1.025380 0.557086 
10.200000 0.096578 -0.002903 -0.505090 0.299696 1.029610 0.558551 
10.233300 0.121608 -0.008809 -0.092917 0.282581 1.032130 0.559376 
10.266700 0.142785 -0.013693 0.412243 0.289797 1.035780 0.559965 
10.300000 0.137342 -0.014121 0.657393 0.316555 1.043410 0.560865 
10.333300 0.108034 -0.010772 0.597476 0.349522 1.045330 0.562565 
10.366700 0.082215 -0.004321 0.504422 0.349471 1.049510 0.562639 
10.400000 0.078409 -0.000285 0.529529 0.368366 1.050620 0.563805 
10.433300 0.089226 0.005886 0.481311 0.385873 1.053220 0.564590 
10.466700 0.096434 0.012728 0.171111 0.414013 1.057200 0.566110 
10.500000 0.095561 0.018476 -0.264292 0.402644 1.059490 0.568312 
10.533300 0.093606 0.015712 -0.556219 0.381355 1.060870 0.569847 
10.566700 0.091384 0.008119 -0.605459 0.369599 1.065690 0.571548 
10.600000 0.088653 0.004975 -0.492699 0.339774 1.066820 0.572578 
10.633300 0.090680 0.002691 -0.384520 0.329670 1.070400 0.573506 
10.666700 0.097874 -0.002249 -0.368168 0.328700 1.072910 0.574787 
10.700000 0.103167 -0.008543 -0.285854 0.309695 1.075990 0.575661 
10.733300 0.099505 -0.012827 0.041381 0.292558 1.080030 0.576439 
10.766700 0.091278 -0.011737 0.467042 0.307633 1.083250 0.576768 
10.800000 0.093064 -0.004802 0.673861 0.335056 1.085750 0.577140 
10.833300 0.105086 0.000159 0.589111 0.358901 1.088100 0.578212 
10.866700 0.109831 0.000906 0.431128 0.375204 1.092820 0.580399 
10.900000 0.100666 0.005467 0.359725 0.374443 1.095750 0.581068 
10.933300 0.091879 0.011285 0.254677 0.395431 1.098740 0.582420 
10.966700 0.096524 0.012238 -0.007069 0.408378 1.100690 0.584222 
11.000000 0.111142 0.006243 -0.246746 0.400546 1.103840 0.586383 
11.033300 0.122424 0.002720 -0.269047 0.367995 1.107510 0.586976 
11.066700 0.121832 -0.002481 -0.210122 0.384702 1.112060 0.589436 
11.100000 0.115300 -0.003190 -0.278884 0.370860 1.115110 0.590205 
11.133300 0.114269 -0.005802 -0.428720 0.359067 1.118980 0.591846 
11.166700 0.118628 -0.006408 -0.464666 0.346124 1.121750 0.592568 
11.200000 0.118020 -0.000921 -0.270829 0.321168 1.127120 0.593936 
11.233300 0.108459 0.000770 0.077639 0.325483 1.129720 0.594855 
11.266700 0.098335 -0.003813 0.364625 0.324598 1.133440 0.596775 
11.300000 0.096819 -0.016018 0.470020 0.362652 1.136310 0.596840 
11.333300 0.103115 -0.016566 0.494561 0.355121 1.138750 0.597646 
11.366700 0.104270 -0.007661 0.541368 0.383753 1.143980 0.598232 
11.400000 0.095072 0.007358 0.514969 0.393976 1.145930 0.599024 
11.433300 0.082837 0.013439 0.277496 0.420640 1.149070 0.602488 
11.466700 0.079217 0.017249 -0.087882 0.423292 1.150640 0.601990 
11.500000 0.090004 0.025329 -0.324498 0.409376 1.153290 0.604710 
11.533300 0.109409 0.031303 -0.343993 0.386625 1.155610 0.606094 
11.566700 0.123898 0.021150 -0.323111 0.392997 1.158580 0.609524 
11.600000 0.120121 0.006106 -0.381267 0.376759 1.163220 0.611485 
11.633300 0.103559 -0.002777 -0.420800 0.361142 1.166490 0.612312 
11.666700 0.092135 -0.004205 -0.327189 0.345481 1.169640 0.613056 
11.700000 0.097154 -0.009880 -0.088930 0.342024 1.171770 0.614523 
11.733300 0.111562 -0.020592 0.228412 0.337958 1.175430 0.614980 
11.766700 0.119767 -0.027103 0.479410 0.348653 1.179720 0.615558 
11.800000 0.117713 -0.023699 0.562817 0.387294 1.184330 0.615771 
11.833300 0.115273 -0.007515 0.542708 0.382295 1.187050 0.616984 
11.866700 0.113380 0.000579 0.478893 0.409809 1.191290 0.618062 
11.900000 0.106930 -0.000915 0.342591 0.429691 1.194210 0.620186 
11.933300 0.099167 -0.003135 0.172110 0.429179 1.198080 0.622111 
11.966700 0.102334 0.003333 0.018515 0.436323 1.200190 0.621623 
12.000000 0.114516 0.018406 -0.192734 0.425086 1.203580 0.624265 
12.033300 0.117748 0.021311 -0.463033 0.442037 1.206710 0.626897 
12.066700 0.103665 0.015286 -0.590400 0.392256 1.211040 0.629302 
12.100000 0.091904 -0.002458 -0.499735 0.374129 1.212490 0.630634 
12.133300 0.094627 -0.013387 -0.362824 0.386074 1.215610 0.631067 
12.166700 0.104664 -0.001795 -0.278537 0.343496 1.219270 0.631345 
12.200000 0.109090 0.003525 -0.246037 0.364566 1.223080 0.633485 
