1.133330 0.042040 0.010643 0.234906 -0.044271 0.339927 0.436617 
1.166670 0.047359 -0.002127 0.451098 -0.003900 0.340306 0.437520 
1.200000 0.049556 -0.018471 0.500956 -0.006312 0.343017 0.436999 
1.233330 0.050109 -0.026648 0.538444 0.013122 0.343548 0.435056 
1.266670 0.047410 -0.026380 0.551850 0.031691 0.346416 0.435221 
1.300000 0.040489 -0.025567 0.450463 0.054649 0.346852 0.434170 
1.333330 0.031882 -0.021117 0.302157 0.068311 0.349166 0.433522 
1.366670 0.026740 -0.007175 0.214351 0.065332 0.349244 0.432754 
1.400000 0.028710 0.010141 0.078673 0.068849 0.350708 0.432526 
1.433330 0.036893 0.017973 -0.215721 0.099336 0.351095 0.434185 
1.466670 0.043217 0.018044 -0.486877 0.052400 0.352776 0.434361 
1.500000 0.046076 0.014392 -0.592685 0.037027 0.354647 0.435134 
1.533330 0.044092 0.012589 -0.651693 0.034108 0.355084 0.435265 
1.566670 0.035427 0.013713 -0.644139 0.005457 0.357785 0.436293 
1.600000 0.023994 0.013733 -0.398420 -0.028541 0.358134 0.436206 
1.633330 0.018980 0.005239 -0.029347 -0.031626 0.358572 0.436337 
1.666670 0.022237 -0.014450 0.178739 -0.006772 0.359501 0.437968 
1.700000 0.030644 -0.031430 0.218112 -0.024678 0.360266 0.435073 
1.733330 0.037943 -0.032021 0.338441 0.013297 0.361264 0.435327 
1.766670 0.043731 -0.013125 0.639632 -0.017398 0.362776 0.432706 
1.800000 0.044432 0.000092 0.857706 0.043986 0.364669 0.433909 
1.833330 0.043140 0.000782 0.724831 0.074738 0.365441 0.434551 
1.866670 0.036206 -0.002485 0.352786 0.078247 0.366719 0.433399 
1.900000 0.026400 0.002963 0.020095 0.097842 0.369699 0.434604 
1.933330 0.027386 0.018369 -0.171397 0.076941 0.367696 0.433414 
1.966670 0.040420 0.027348 -0.334667 0.078163 0.369850 0.435362 
2.000000 0.047798 0.021374 -0.581328 0.067804 0.371703 0.436920 
2.033330 0.044901 0.010340 -0.771716 0.047718 0.373213 0.436943 
2.066670 0.044725 0.008259 -0.681719 0.000171 0.374354 0.436773 
2.100000 0.053251 0.008771 -0.387494 -0.006523 0.375714 0.437491 
2.133330 0.058402 0.001275 -0.150581 -0.010866 0.377541 0.437729 
2.166670 0.049238 -0.014595 0.002087 -0.010233 0.380632 0.437837 
2.200000 0.035563 -0.024198 0.231654 -0.016955 0.381268 0.437064 
2.233330 0.033249 -0.021852 0.485332 -0.013093 0.381872 0.434774 
2.266670 0.038578 -0.021260 0.547960 0.034708 0.382935 0.435704 
2.300000 0.040740 -0.023691 0.474988 0.035557 0.385665 0.435329 
2.333330 0.040978 -0.015800 0.515869 0.045747 0.385875 0.433121 
2.366670 0.048571 0.004298 0.625495 0.066658 0.387372 0.433197 
2.400000 0.061043 0.015646 0.457655 0.085626 0.389737 0.434340 
2.433330 0.067311 0.007367 -0.097611 0.122039 0.390819 0.435800 
2.466670 0.060139 0.000685 -0.646183 0.080279 0.394442 0.434709 
2.500000 0.045400 0.001951 -0.765935 0.055840 0.395584 0.435668 
2.533330 0.033424 0.011229 -0.546669 0.023870 0.396584 0.435347 
2.566670 0.027671 0.019817 -0.381726 0.028125 0.397643 0.436173 
2.600000 0.024670 0.021252 -0.390020 0.015006 0.398914 0.436818 
2.633330 0.026052 0.010203 -0.338233 -0.005900 0.399283 0.437887 
2.666670 0.032243 -0.009320 -0.060168 -0.019856 0.399842 0.437467 
2.700000 0.038403 -0.025679 0.335240 -0.003238 0.402225 0.437765 
2.733330 0.045692 -0.029043 0.632715 -0.000316 0.402594 0.434525 
2.766670 0.052279 -0.025858 0.670288 0.042007 0.403953 0.436286 
2.800000 0.054463 -0.018043 0.444650 0.047024 0.407405 0.433372 
2.833330 0.050856 -0.009015 0.210957 0.084589 0.407641 0.434709 
2.866670 0.044653 0.007224 0.250953 0.045145 0.409713 0.433494 
2.900000 0.037299 0.020831 0.412124 0.079661 0.411872 0.434896 
2.933330 0.038057 0.027699 0.241871 0.096364 0.412203 0.435208 
2.966670 0.049249 0.016820 -0.304568 0.109555 0.412481 0.436619 
3.000000 0.055945 -0.004644 -0.722460 0.078286 0.416025 0.438097 
3.033330 0.054359 -0.016652 -0.671223 0.027799 0.417620 0.436084 
3.066670 0.054440 -0.010156 -0.417081 0.036756 0.418607 0.436092 
3.100000 0.061828 0.008249 -0.360102 0.021517 0.420715 0.435817 
3.133330 0.070608 0.013366 -0.468464 0.008114 0.423588 0.436166 
3.166670 0.079038 -0.002168 -0.382272 0.004159 0.425596 0.438751 
3.200000 0.078221 -0.013729 0.023907 -0.055494 0.426747 0.435440 
3.233330 0.056074 -0.019196 0.441481 0.016398 0.433278 0.436239 
3.266670 0.038302 -0.010119 0.636864 0.005767 0.431617 0.434836 
3.300000 0.045819 -0.006482 0.683795 0.024178 0.431875 0.435712 
3.333330 0.058483 -0.008379 0.649277 0.067712 0.435919 0.434901 
3.366670 0.051053 -0.004148 0.534929 0.069922 0.437322 0.434840 
3.400000 0.034455 0.004944 0.309149 0.085957 0.439138 0.434962 
3.433330 0.033102 0.015042 -0.078047 0.106100 0.439056 0.435506 
3.466670 0.047079 0.023076 -0.451679 0.091883 0.440322 0.435907 
3.500000 0.056607 0.026034 -0.502798 0.058785 0.442522 0.437473 
3.533330 0.052831 0.019558 -0.262495 0.047638 0.444838 0.438019 
3.566670 0.047934 0.006240 -0.124976 0.046379 0.445959 0.439033 
3.600000 0.055519 -0.010744 -0.319545 0.054577 0.447256 0.438240 
3.633330 0.069676 -0.025158 -0.579397 0.033269 0.449254 0.438751 
3.666670 0.072565 -0.027949 -0.466344 0.000761 0.452528 0.437280 
3.700000 0.057734 -0.015287 0.066074 -0.011064 0.454615 0.435847 
3.733330 0.041617 0.002638 0.600960 0.008053 0.456522 0.435970 
3.766670 0.043186 0.008940 0.744270 0.039033 0.456723 0.436765 
3.800000 0.059271 -0.001631 0.549124 0.073768 0.458834 0.436989 
3.833330 0.071365 -0.013689 0.345537 0.059166 0.460828 0.436749 
3.866670 0.070928 -0.019608 0.265517 0.088652 0.464682 0.436354 
3.900000 0.071723 -0.011338 0.177577 0.086010 0.465684 0.435468 
3.933330 0.081202 0.000717 -0.031681 0.099238 0.468002 0.435938 
3.966670 0.088025 0.014150 -0.333427 0.087177 0.471635 0.436645 
4.000000 0.082474 0.024748 -0.605761 0.076847 0.474668 0.436932 
4.033330 0.068452 0.028578 -0.712060 0.045958 0.476257 0.438573 
4.066670 0.055339 0.017153 -0.590153 0.025685 0.479153 0.439557 
4.100000 0.053739 -0.005018 -0.284892 0.006529 0.480836 0.439696 
4.133330 0.070510 -0.024386 0.094681 0.007747 0.481359 0.439757 
4.166670 0.093769 -0.028221 0.405928 0.009926 0.485429 0.437331 
4.200000 0.100490 -0.023759 0.528353 0.036411 0.488181 0.437322 
4.233330 0.084688 -0.019061 0.496201 0.057329 0.492601 0.437201 
4.266670 0.062572 -0.012892 0.445905 0.058413 0.494427 0.436205 
4.300000 0.050270 -0.002244 0.349364 0.078734 0.495439 0.436220 
4.333330 0.045901 0.012364 0.062579 0.091300 0.497786 0.436183 
4.366670 0.042930 0.021589 -0.298223 0.098436 0.499575 0.437388 
4.400000 0.046212 0.021921 -0.422020 0.057997 0.499943 0.438334 
4.433330 0.060315 0.014356 -0.325929 0.047266 0.501956 0.438876 
4.466670 0.071364 0.006045 -0.337587 0.059009 0.503909 0.439418 
4.500000 0.068477 0.003601 -0.518081 0.036301 0.507514 0.439472 
4.533330 0.061690 0.002179 -0.567624 0.011522 0.508887 0.439657 
4.566670 0.064149 0.000020 -0.255362 -0.000242 0.510355 0.440238 
4.600000 0.071460 0.000278 0.299108 -0.017900 0.513100 0.439044 
4.633330 0.075198 -0.001899 0.703080 0.018426 0.516208 0.440466 
4.666670 0.077581 -0.005394 0.711236 0.051091 0.517757 0.438916 
4.700000 0.077054 -0.010975 0.522334 0.068275 0.520282 0.440258 
4.733330 0.067231 -0.014657 0.433319 0.066523 0.524250 0.439211 
4.766670 0.055611 -0.013933 0.401399 0.095727 0.525190 0.438868 
4.800000 0.057387 -0.005382 0.224313 0.101724 0.526797 0.438737 
4.833330 0.070686 0.004467 -0.040425 0.122065 0.529051 0.439045 
4.866670 0.082943 0.015485 -0.153375 0.089708 0.532207 0.439375 
4.900000 0.083913 0.014550 -0.137707 0.091772 0.533352 0.440372 
4.933330 0.070816 0.005011 -0.256593 0.099962 0.538896 0.441993 
4.966670 0.056527 -0.000005 -0.524629 0.085981 0.538501 0.440655 
5.000000 0.052460 0.002368 -0.666977 0.052325 0.540552 0.441269 
5.033330 0.054935 0.001809 -0.572180 0.036111 0.543462 0.442062 
5.066670 0.061173 -0.005066 -0.409237 0.008522 0.544350 0.441228 
5.100000 0.067386 -0.016428 -0.218286 0.036789 0.546000 0.442100 
5.133330 0.066283 -0.014178 0.185055 -0.018275 0.550173 0.440204 
5.166670 0.058959 -0.008957 0.669704 0.012453 0.551047 0.440248 
5.200000 0.058472 -0.003207 0.801420 0.065088 0.552752 0.440479 
5.233330 0.059672 0.001997 0.562260 0.079392 0.554676 0.440181 
5.266670 0.052570 0.003782 0.303341 0.074118 0.558044 0.440443 
5.300000 0.046395 -0.002010 0.149437 0.101706 0.558207 0.441259 
5.333330 0.052658 -0.003503 0.046601 0.099005 0.559730 0.441282 
5.366670 0.064749 0.006171 -0.027981 0.089782 0.562229 0.439904 
5.400000 0.071781 0.012553 -0.170386 0.095052 0.564448 0.441599 
5.433330 0.075124 0.004391 -0.421733 0.097595 0.567016 0.443616 
5.466670 0.078923 -0.003068 -0.584520 0.061174 0.568506 0.441244 
5.500000 0.080219 -0.000866 -0.491846 0.047285 0.572904 0.443018 
5.533330 0.077827 0.008249 -0.253188 0.026818 0.574177 0.442051 
5.566670 0.075725 0.010047 -0.045839 0.043047 0.577292 0.443297 
5.600000 0.074779 0.004999 0.070346 0.017968 0.579744 0.443500 
5.633330 0.077412 -0.010624 0.097124 0.041022 0.582165 0.443434 
5.666670 0.086025 -0.019639 0.163341 0.051888 0.584830 0.443836 
5.700000 0.096235 -0.009811 0.407605 0.023294 0.587615 0.441311 
5.733330 0.093214 -0.002328 0.602351 0.063722 0.591094 0.442498 
5.766670 0.075291 -0.005603 0.463498 0.105682 0.595185 0.443530 
5.800000 0.060038 -0.010531 0.209164 0.090849 0.595806 0.442338 
5.833330 0.058654 -0.008563 0.162806 0.090845 0.597841 0.442369 
5.866670 0.057516 0.002995 0.201083 0.110616 0.600149 0.442443 
5.900000 0.046759 0.016991 0.019832 0.107047 0.602486 0.442623 
5.933330 0.045504 0.019386 -0.380404 0.122744 0.604334 0.444181 
5.966670 0.066399 0.015079 -0.670556 0.087524 0.602074 0.445145 
6.000000 0.086420 0.015476 -0.636558 0.048354 0.609066 0.444525 
6.033330 0.084778 0.015975 -0.444515 0.055657 0.610694 0.446319 
6.066670 0.077315 0.013445 -0.289065 0.030100 0.613257 0.446480 
6.100000 0.081123 0.001405 -0.104419 0.034124 0.614702 0.447347 
6.133330 0.083434 -0.009831 0.167777 0.014030 0.618996 0.446719 
6.166670 0.072058 -0.023038 0.350927 0.037743 0.621324 0.446363 
6.200000 0.057594 -0.032711 0.345347 0.063933 0.623652 0.446014 
6.233330 0.055681 -0.032051 0.367721 0.057073 0.624792 0.444315 
6.266670 0.062557 -0.020889 0.528292 0.058867 0.626849 0.443319 
6.300000 0.069958 -0.005500 0.583759 0.108493 0.630316 0.444060 
6.333330 0.079679 0.013854 0.390137 0.113787 0.631043 0.442813 
6.366670 0.090048 0.024949 0.080645 0.118530 0.634848 0.445496 
6.400000 0.094466 0.021559 -0.230433 0.117564 0.637624 0.445813 
6.433330 0.092146 0.009440 -0.456671 0.120308 0.640661 0.447786 
6.466670 0.088052 0.007505 -0.492391 0.069299 0.643698 0.447118 
6.500000 0.086299 0.006893 -0.410559 0.083091 0.646477 0.447570 
6.533330 0.085260 0.005343 -0.369762 0.057151 0.649183 0.448794 
6.566670 0.082231 -0.007138 -0.318272 0.058040 0.652244 0.448841 
6.600000 0.076504 -0.017957 -0.114816 0.032299 0.654628 0.448061 
6.633330 0.072477 -0.024783 0.145009 0.032612 0.658046 0.447739 
6.666670 0.072825 -0.025856 0.264238 0.064903 0.658354 0.446864 
6.700000 0.074286 -0.014542 0.311305 0.055930 0.663284 0.446175 
6.733330 0.073695 -0.000525 0.440333 0.063292 0.664427 0.445678 
6.766670 0.077196 0.004191 0.531331 0.086787 0.666995 0.446679 
6.800000 0.084005 -0.001332 0.421790 0.115273 0.669719 0.447379 
6.833330 0.087080 -0.002192 0.209534 0.112809 0.672726 0.446507 
6.866670 0.082850 0.005238 0.046474 0.116383 0.675515 0.447514 
6.900000 0.073450 0.016295 -0.059599 0.124718 0.678392 0.448025 
6.933330 0.064275 0.024467 -0.158306 0.111463 0.680033 0.448680 
6.966670 0.062107 0.022061 -0.306089 0.104821 0.682718 0.450520 
7.000000 0.067238 0.011776 -0.483589 0.110157 0.683264 0.450998 
7.033330 0.071148 0.004961 -0.550896 0.065525 0.687361 0.451094 
7.066670 0.068331 -0.004574 -0.473878 0.054525 0.688389 0.451595 
7.100000 0.063445 -0.017583 -0.329414 0.060019 0.691799 0.451630 
7.133330 0.069154 -0.022888 -0.084611 0.024767 0.693095 0.450777 
7.166670 0.083307 -0.019151 0.268537 0.038434 0.694961 0.449398 
7.200000 0.092766 -0.009043 0.583315 0.062144 0.699364 0.449913 
7.233330 0.093807 -0.000142 0.701707 0.063249 0.702532 0.449380 
7.266670 0.094829 -0.006517 0.568043 0.116970 0.704089 0.450112 
7.300000 0.095138 -0.014211 0.331806 0.115354 0.708600 0.450327 
7.333330 0.090701 -0.014056 0.241893 0.119101 0.711930 0.449924 
7.366670 0.087572 0.001779 0.296414 0.131122 0.714075 0.449266 
7.400000 0.086774 0.021917 0.231439 0.134888 0.716618 0.450334 
7.433330 0.085317 0.024599 -0.079575 0.167368 0.721615 0.452646 
7.466670 0.084423 0.016617 -0.464317 0.124159 0.720674 0.452970 
7.500000 0.085143 0.001260 -0.729019 0.120758 0.726290 0.454086 
7.533330 0.080268 -0.004386 -0.794761 0.096682 0.728159 0.453949 
7.566670 0.076213 0.000715 -0.632006 0.051077 0.730921 0.453785 
7.600000 0.078985 0.003768 -0.325750 0.051507 0.732640 0.454233 
7.633330 0.082020 0.000916 0.001473 0.046228 0.736239 0.454817 
7.666670 0.080878 -0.008505 0.313058 0.039677 0.739128 0.454292 
7.700000 0.078508 -0.019632 0.527164 0.063340 0.740514 0.454908 
7.733330 0.076011 -0.021172 0.544535 0.086190 0.744849 0.452976 
7.766670 0.072368 -0.012750 0.453884 0.103118 0.745897 0.453444 
7.800000 0.069018 -0.003186 0.422224 0.105752 0.749328 0.453012 
7.833330 0.069691 -0.000320 0.432937 0.129669 0.751167 0.453912 
7.866670 0.075711 0.003789 0.304720 0.135519 0.752932 0.453883 
7.900000 0.082033 0.010721 -0.034918 0.155436 0.756532 0.453930 
7.933330 0.083793 0.016408 -0.354456 0.148654 0.758798 0.455654 
7.966670 0.081607 0.014190 -0.390969 0.107650 0.761035 0.456379 
8.000000 0.079987 0.003472 -0.276280 0.111252 0.764697 0.457252 
8.033330 0.082228 -0.001486 -0.300728 0.118113 0.766386 0.456905 
8.066670 0.087609 0.003224 -0.429164 0.087319 0.769239 0.457315 
8.100000 0.089407 0.003556 -0.433551 0.079401 0.772901 0.457894 
8.133330 0.089121 -0.001685 -0.211362 0.064406 0.775604 0.458594 
8.166670 0.093776 -0.007582 0.157997 0.059013 0.778034 0.457973 
8.200000 0.098159 -0.010656 0.424935 0.065342 0.781540 0.457696 
8.233330 0.092591 -0.015728 0.406031 0.109129 0.785389 0.458516 
8.266670 0.086398 -0.013115 0.286115 0.097736 0.788447 0.457251 
8.300000 0.092057 -0.007245 0.365036 0.108560 0.789994 0.457865 
8.333330 0.101358 0.001841 0.567180 0.118249 0.793883 0.457399 
8.366670 0.097532 0.007856 0.519579 0.146309 0.798183 0.458779 
8.400000 0.087556 0.013611 0.128415 0.177818 0.800776 0.459692 
8.433330 0.085038 0.026659 -0.187675 0.156693 0.802151 0.459797 
8.466670 0.082840 0.033904 -0.127019 0.134588 0.805757 0.461906 
8.500000 0.075318 0.016652 -0.050780 0.132376 0.809839 0.463109 
8.533330 0.074350 -0.020593 -0.314480 0.188301 0.808783 0.465675 
8.566670 0.087989 -0.028144 -0.606541 0.100638 0.813969 0.461623 
8.600000 0.096047 -0.014528 -0.597984 0.102119 0.816757 0.461802 
8.633330 0.092676 -0.001968 -0.409583 0.100357 0.819546 0.463286 
8.666670 0.083668 -0.004257 -0.143055 0.069960 0.823214 0.463316 
8.700000 0.078402 -0.011748 0.194217 0.071580 0.825191 0.462406 
8.733330 0.081954 -0.010967 0.462918 0.099332 0.828149 0.462794 
8.766670 0.089934 -0.003214 0.562211 0.100600 0.830434 0.461878 
8.800000 0.091019 -0.003009 0.547906 0.136468 0.834396 0.463677 
8.833330 0.083642 -0.003569 0.500437 0.140124 0.836971 0.462928 
8.866670 0.077375 -0.002393 0.394427 0.156199 0.839687 0.463571 
8.900000 0.078432 0.003719 0.159522 0.180334 0.841785 0.463750 
8.933330 0.080910 0.016966 -0.131035 0.170070 0.844457 0.464822 
8.966670 0.079986 0.027147 -0.333869 0.160654 0.847915 0.465249 
9.000000 0.082621 0.021786 -0.435387 0.146762 0.849318 0.467585 
9.033330 0.094909 0.000350 -0.470754 0.143716 0.852020 0.468854 
9.066670 0.109531 -0.014029 -0.438977 0.102521 0.856143 0.467446 
9.100000 0.114464 -0.019739 -0.374041 0.117567 0.859574 0.468440 
9.133330 0.109176 -0.011215 -0.277116 0.087072 0.863791 0.467224 
9.166670 0.099765 -0.007658 -0.072450 0.090079 0.867482 0.468140 
9.200000 0.093260 -0.006894 0.227762 0.080525 0.869371 0.467949 
9.233330 0.088239 -0.006561 0.490610 0.104370 0.874116 0.467947 
9.266670 0.084983 0.002155 0.643499 0.124858 0.875839 0.467916 
9.300000 0.087088 0.012332 0.703368 0.136201 0.878914 0.468397 
9.333330 0.093202 0.008119 0.650790 0.172491 0.881873 0.469805 
9.366670 0.095910 -0.005261 0.453066 0.188098 0.884480 0.470897 
9.400000 0.093548 -0.012106 0.132599 0.192988 0.888681 0.470186 
9.433330 0.092318 -0.004544 -0.224434 0.205354 0.891180 0.470721 
9.466670 0.095502 0.012563 -0.449841 0.182641 0.893785 0.471138 
9.500000 0.094096 0.021979 -0.437847 0.156202 0.897390 0.472748 
9.533330 0.083468 0.015512 -0.272833 0.163707 0.900480 0.474351 
9.566670 0.072055 0.005070 -0.125871 0.140004 0.902707 0.474266 
9.600000 0.072152 -0.007123 -0.187118 0.137522 0.904518 0.475176 
9.633330 0.082340 -0.019721 -0.438982 0.160639 0.907715 0.474465 
9.666670 0.095675 -0.021779 -0.437569 0.114247 0.909982 0.475081 
9.700000 0.104264 -0.015416 0.063699 0.080200 0.914441 0.473534 
9.733330 0.109109 -0.010249 0.580000 0.126162 0.917549 0.474116 
9.766670 0.114033 -0.003358 0.670436 0.164161 0.920658 0.474620 
9.800000 0.111648 0.005972 0.550679 0.153170 0.925298 0.474222 
9.833330 0.099936 0.007229 0.475794 0.176947 0.928971 0.477002 
9.866670 0.088687 0.006757 0.348168 0.206682 0.931221 0.475909 
9.900000 0.079959 0.009560 0.094401 0.197117 0.933493 0.477574 
9.933330 0.071933 0.006787 -0.163541 0.213084 0.938216 0.478574 
9.966670 0.075690 0.005274 -0.279285 0.187162 0.937734 0.479232 
10.000000 0.097028 0.006231 -0.237343 0.186129 0.941320 0.479142 
10.033300 0.117087 0.008765 -0.200533 0.170426 0.945152 0.480229 
10.066700 0.121375 0.000247 -0.328949 0.180138 0.949374 0.482463 
10.100000 0.116075 -0.007131 -0.531245 0.157765 0.952863 0.481643 
10.133300 0.111200 -0.008083 -0.531179 0.135752 0.956812 0.482116 
10.166700 0.108914 -0.005153 -0.191188 0.118591 0.960501 0.482724 
10.200000 0.107681 -0.005321 0.310990 0.114740 0.963978 0.482487 
10.233300 0.102376 -0.010710 0.648008 0.146614 0.967104 0.483432 
10.266700 0.091120 -0.011727 0.673895 0.166763 0.971882 0.482740 
10.300000 0.081024 -0.008759 0.529656 0.192431 0.972969 0.483395 
10.333300 0.079445 -0.002249 0.402808 0.192729 0.976549 0.483334 
10.366700 0.087373 0.002417 0.312440 0.219225 0.979140 0.484414 
10.400000 0.101609 0.011034 0.160153 0.216658 0.981349 0.484671 
10.433300 0.110910 0.017901 -0.114030 0.225826 0.985354 0.486037 
10.466700 0.106170 0.020308 -0.397661 0.225226 0.989511 0.488217 
10.500000 0.094639 0.018931 -0.479347 0.187846 0.991632 0.488942 
10.533300 0.087740 0.009005 -0.370132 0.179101 0.994823 0.490135 
10.566700 0.082845 -0.002840 -0.313067 0.175221 0.997335 0.491089 
10.600000 0.078223 -0.009958 -0.374202 0.169718 1.001080 0.490968 
10.633300 0.078629 -0.009458 -0.350136 0.142879 1.001970 0.490496 
10.666700 0.083867 -0.010061 -0.117965 0.137778 1.006130 0.491603 
10.700000 0.090788 -0.012332 0.189853 0.136891 1.008190 0.490926 
10.733300 0.099421 -0.013436 0.373853 0.151852 1.011840 0.491175 
10.766700 0.110370 -0.010634 0.403915 0.170747 1.015000 0.491149 
10.800000 0.120209 -0.003865 0.436388 0.175968 1.018980 0.491619 
10.833300 0.123729 0.000990 0.578779 0.194187 1.023200 0.492457 
10.866700 0.118019 0.003091 0.680318 0.204784 1.026920 0.492978 
10.900000 0.105095 -0.002771 0.494654 0.252608 1.031060 0.494738 
10.933300 0.094272 -0.000895 0.045165 0.246098 1.033920 0.494795 
10.966700 0.093979 0.004644 -0.353170 0.252480 1.036810 0.495220 
11.000000 0.099001 0.014530 -0.473079 0.211883 1.039440 0.496989 
11.033300 0.099264 0.014357 -0.427107 0.215008 1.043580 0.497933 
11.066700 0.094843 0.010411 -0.452689 0.194413 1.046140 0.499093 
11.100000 0.097880 0.001625 -0.546638 0.192808 1.049310 0.500110 
11.133300 0.110460 -0.001249 -0.487702 0.152425 1.051920 0.500201 
11.166700 0.118151 -0.003565 -0.182881 0.149145 1.056450 0.500956 
11.200000 0.110018 -0.004067 0.206437 0.145039 1.061000 0.501322 
11.233300 0.093278 -0.007308 0.465763 0.164386 1.063280 0.501919 
11.266700 0.081467 -0.008807 0.517756 0.178944 1.066920 0.501754 
11.300000 0.079829 -0.009357 0.455140 0.203162 1.069030 0.502162 
11.333300 0.083720 -0.007837 0.421347 0.204657 1.071420 0.502182 
11.366700 0.085052 -0.006643 0.423656 0.222948 1.075370 0.503141 
11.400000 0.084181 -0.001329 0.337134 0.240969 1.077260 0.502787 
11.433300 0.086054 0.009004 0.086692 0.245173 1.080070 0.504260 
11.466700 0.092523 0.017341 -0.247710 0.248692 1.083440 0.504708 
11.500000 0.102491 0.018094 -0.449112 0.235195 1.085290 0.506954 
11.533300 0.111177 0.011351 -0.368655 0.206570 1.089380 0.507825 
11.566700 0.112980 0.001489 -0.192439 0.196523 1.093130 0.509171 
11.600000 0.108360 -0.005559 -0.233946 0.215410 1.096630 0.509175 
11.633300 0.102576 -0.002802 -0.441711 0.190913 1.100140 0.510179 
11.666700 0.097118 -0.001724 -0.473967 0.172088 1.103290 0.510356 
11.700000 0.093853 -0.004530 -0.189151 0.152020 1.106720 0.511483 
11.733300 0.097903 -0.010944 0.242301 0.162830 1.109690 0.510956 
11.766700 0.110133 -0.012913 0.581192 0.169832 1.112490 0.511636 
11.800000 0.121651 -0.012584 0.696816 0.201578 1.117340 0.511309 
11.833300 0.125684 -0.009411 0.628627 0.225929 1.121200 0.512368 
11.866700 0.121343 -0.004953 0.507397 0.235078 1.125020 0.512830 
11.900000 0.108966 -0.000463 0.370280 0.255043 1.129210 0.513944 
11.933300 0.095527 0.007834 0.171494 0.267479 1.132870 0.514528 
11.966700 0.093820 0.014643 -0.069592 0.267529 1.134810 0.515831 
12.000000 0.102957 0.014088 -0.300053 0.254798 1.137470 0.517459 
12.033300 0.105745 0.005021 -0.487116 0.255080 1.141790 0.518336 
12.066700 0.095461 -0.001813 -0.565208 0.223681 1.145290 0.519963 
12.100000 0.085413 -0.004276 -0.507906 0.205890 1.147480 0.519623 
12.133300 0.082036 0.000084 -0.397571 0.196644 1.149950 0.519945 
12.166700 0.081360 0.004458 -0.344491 0.182701 1.153850 0.521152 
