0.7 0.00694635 0.00191741 -0.0289357 -1.14887 
0.733333 0.00741425 0.0020643 -0.0274681 -1.16066 
0.766667 0.00792628 0.00211678 -0.0234252 -1.1651 
0.8 0.0083846 0.00226341 -0.020966 -1.16969 
0.833333 0.0087539 0.00246303 -0.0198454 -1.1749 
0.866667 0.00894347 0.00267802 -0.0218187 -1.18377 
0.9 0.00904917 0.00294477 -0.0254875 -1.19535 
0.933333 0.00917649 0.00319188 -0.0323281 -1.2119 
0.966667 0.00935204 0.00330088 -0.0417005 -1.23374 
1 0.00931976 0.0034302 -0.0504606 -1.25799 
1.03333 0.00923138 0.00337047 -0.0571282 -1.28269 
1.06667 0.00919114 0.00336913 -0.059455 -1.30448 
1.1 0.00922415 0.00318374 -0.0605098 -1.32555 
1.13333 0.0093845 0.00301487 -0.0591738 -1.34414 
1.16667 0.00959246 0.00292848 -0.0553535 -1.35936 
1.2 0.0098133 0.00294596 -0.048817 -1.37009 
1.23333 0.0100941 0.0028745 -0.0421655 -1.37851 
1.26667 0.0102533 0.00292335 -0.0364553 -1.38583 
1.3 0.0103992 0.00302808 -0.0344858 -1.39565 
1.33333 0.0106024 0.00316926 -0.0348635 -1.4076 
1.36667 0.0108256 0.00342249 -0.0359244 -1.42047 
1.4 0.0108122 0.0036269 -0.0413515 -1.43885 
1.43333 0.01061 0.00379255 -0.0483707 -1.46092 
1.46667 0.0105315 0.00387121 -0.0556889 -1.48568 
1.5 0.0103044 0.00394908 -0.0633961 -1.51334 
1.53333 0.0101338 0.00390083 -0.0697306 -1.54195 
1.56667 0.0101966 0.00383521 -0.0707007 -1.56634 
1.6 0.010187 0.0036585 -0.0698339 -1.58889 
1.63333 0.0103543 0.0034838 -0.0676603 -1.6096 
1.66667 0.0105661 0.00334045 -0.0615283 -1.62491 
1.7 0.0106922 0.00328606 -0.0527414 -1.63505 
1.73333 0.0109598 0.0032597 -0.0464111 -1.64516 
1.76667 0.0112802 0.0034229 -0.0435463 -1.65725 
1.8 0.0114308 0.00357473 -0.0439779 -1.67227 
1.83333 0.0115154 0.00382176 -0.0443831 -1.68741 
1.86667 0.0115589 0.00410876 -0.048279 -1.7068 
1.9 0.0115949 0.00436351 -0.0542001 -1.72988 
1.93333 0.0114943 0.00453335 -0.0642382 -1.7598 
1.96667 0.011455 0.00465552 -0.0722674 -1.79069 
2 0.0116184 0.0046483 -0.0788008 -1.82249 
2.03333 0.0116218 0.00460976 -0.0800624 -1.85025 
2.06667 0.0115982 0.00450182 -0.0794923 -1.87626 
2.1 0.0116691 0.00437044 -0.0766136 -1.89936 
2.13333 0.0117365 0.00427159 -0.0724225 -1.91995 
2.16667 0.0119668 0.00419578 -0.0655012 -1.93592 
2.2 0.0122886 0.00427422 -0.05981 -1.95104 
2.23333 0.0125949 0.0044446 -0.0553021 -1.96565 
2.26667 0.0128921 0.0048026 -0.0537045 -1.9822 
2.3 0.0129418 0.00513632 -0.0572791 -2.00432 
2.33333 0.013069 0.00555101 -0.0646095 -2.03207 
2.36667 0.0131881 0.00577574 -0.0722475 -2.06262 
2.4 0.0132265 0.00602511 -0.0776698 -2.09311 
2.43333 0.0132544 0.00610889 -0.0815713 -2.1236 
2.46667 0.0133155 0.00614621 -0.0833351 -2.15287 
2.5 0.0133521 0.00607003 -0.0820511 -2.17914 
2.53333 0.013513 0.00596118 -0.0806355 -2.20482 
2.56667 0.0136003 0.00585134 -0.0774889 -2.22798 
2.6 0.0135869 0.00574892 -0.0720448 -2.24738 
2.63333 0.0137349 0.00575579 -0.0683732 -2.26706 
2.66667 0.0138985 0.00592832 -0.0636049 -2.28423 
2.7 0.0139752 0.00608946 -0.0622116 -2.30378 
2.73333 0.0138776 0.00632547 -0.062239 -2.32455 
2.76667 0.0137738 0.00657464 -0.0650561 -2.34862 
2.8 0.0136448 0.00677129 -0.0695326 -2.37559 
2.83333 0.0134907 0.00688738 -0.0752816 -2.40556 
2.86667 0.0134733 0.00695457 -0.0779362 -2.43379 
2.9 0.0133686 0.0069641 -0.0820254 -2.46459 
2.93333 0.0133175 0.00685494 -0.0827266 -2.49276 
2.96667 0.0132661 0.0067349 -0.0822775 -2.51981 
3 0.013255 0.00644578 -0.0770431 -2.54105 
3.03333 0.0133525 0.00619241 -0.0699672 -2.55838 
3.06667 0.0135902 0.00599758 -0.0619906 -2.57229 
3.1 0.013528 0.00602073 -0.0550328 -2.58474 
3.13333 0.0133701 0.00595903 -0.0536775 -2.60148 
3.16667 0.0133422 0.0061571 -0.0559413 -2.62205 
3.2 0.0131498 0.00642167 -0.0601435 -2.64565 
3.23333 0.0129885 0.00666878 -0.067919 -2.67488 
3.26667 0.012752 0.00680721 -0.0733511 -2.70393 
3.3 0.012741 0.00691694 -0.0783556 -2.73429 
3.33333 0.0127767 0.00688923 -0.0812279 -2.7638 
3.36667 0.012706 0.00672103 -0.080143 -2.7896 
3.4 0.0127437 0.00640822 -0.0772325 -2.81287 
3.43333 0.0127852 0.00621501 -0.0724832 -2.83301 
3.46667 0.0128514 0.00603139 -0.0662086 -2.84977 
3.5 0.0131009 0.00591225 -0.0597721 -2.86424 
3.53333 0.0133931 0.00592012 -0.0547019 -2.87818 
3.56667 0.0135014 0.00593767 -0.0498616 -2.8907 
3.6 0.0136178 0.00611598 -0.0512428 -2.90895 
3.63333 0.0137082 0.00632696 -0.0536048 -2.92882 
3.66667 0.0134881 0.00651944 -0.0585776 -2.95256 
