0.231 30 50 
0.309 30 50 
0.402 30 50 
0.513 30 50 
0.605 30 50 
0.714 30 50 
0.793 30 50 
0.903 30 50 
0.965 30 50 
1.028 30 50 
1.09 30 50 
1.168 30 50 
1.247 30 50 
1.325 30 50 
1.403 30 50 
1.48 30 50 
1.559 30 50 
1.621 30 50 
1.699 30 50 
1.762 30 50 
1.825 30 50 
1.888 30 50 
1.95 30 50 
2.028 30 50 
2.106 30 50 
2.2 30 50 
2.277 30 50 
2.355 30 50 
2.434 30 50 
2.496 30 50 
2.59 30 50 
2.653 30 50 
2.73 30 50 
2.825 30 50 
2.902 30 50 
2.965 30 50 
3.028 30 50 
3.122 30 50 
3.184 30 50 
3.246 30 50 
3.325 30 50 
3.387 30 50 
3.449 30 50 
3.527 30 50 
3.591 30 50 
3.653 30 50 
3.73 30 50 
3.81 30 50 
3.919 30 50 
3.997 30 50 
4.089 30 50 
4.167 30 50 
4.23 30 50 
4.293 30 50 
4.356 30 50 
4.449 30 50 
4.528 30 50 
4.59 30 50 
4.652 30 50 
4.714 30 50 
4.778 30 50 
4.856 30 50 
4.934 30 50 
4.997 30 50 
5.058 30 50 
5.122 30 50 
5.184 30 50 
5.246 30 50 
5.341 30 50 
5.465 30 50 
5.544 30 50 
5.621 30 50 
5.7 30 50 
5.762 30 50 
5.839 30 50 
5.917 30 50 
5.981 30 50 
6.073 30 50 
6.153 30 50 
6.231 30 50 
6.292 30 50 
6.355 30 50 
6.417 30 50 
6.497 30 50 
6.559 30 50 
6.622 30 50 
6.7 30 50 
6.794 30 50 
6.855 30 50 
6.933 30 50 
7.012 30 50 
7.091 30 50 
7.152 30 50 
7.23 30 50 
7.309 30 50 
7.388 30 50 
7.482 30 50 
7.559 30 50 
7.62 30 50 
7.699 30 50 
7.762 30 50 
7.823 30 50 
7.887 30 50 
7.98 30 50 
8.059 30 50 
8.136 30 50 
8.199 30 50 
8.261 30 50 
8.325 30 50 
8.386 30 50 
8.45 30 50 
8.527 30 50 
8.591 30 50 
8.668 30 50 
8.73 30 50 
