0.066667 0.076367 -0.012616 -0.020548 -1.125240 0.655044 0.614538 
0.100000 0.085358 -0.009473 0.313198 -1.155950 0.654934 0.612085 
0.133333 0.093610 -0.006882 0.682550 -1.104250 0.657571 0.608480 
0.166667 0.090435 0.009938 0.695171 -1.083740 0.658188 0.605460 
0.200000 0.091278 0.034124 0.759233 -1.085330 0.659720 0.603302 
0.233333 0.105166 0.048303 0.852069 -1.048380 0.663170 0.602898 
0.266667 0.116917 0.053078 0.557851 -1.013610 0.666777 0.598120 
0.300000 0.115373 0.055818 -0.213334 -0.991098 0.669990 0.597392 
0.333333 0.098618 0.057807 -1.013827 -1.032070 0.673370 0.594355 
0.366667 0.074558 0.041939 -1.428479 -1.078580 0.677480 0.593385 
0.400000 0.053771 0.017191 -1.486429 -1.125110 0.679105 0.591743 
0.433333 0.047643 0.007049 -1.443444 -1.175510 0.679076 0.590419 
0.466667 0.060340 0.013607 -1.389208 -1.212160 0.679524 0.588441 
0.500000 0.083188 0.020283 -1.178276 -1.265490 0.682407 0.587984 
0.533333 0.094708 0.015738 -0.736851 -1.309460 0.682677 0.584434 
0.566667 0.086575 0.002479 -0.223213 -1.310030 0.684960 0.579633 
0.600000 0.087302 -0.001917 0.254401 -1.304220 0.685523 0.578604 
0.633333 0.117243 0.014214 0.699718 -1.315990 0.684261 0.577271 
0.666667 0.145975 0.030667 0.965882 -1.259190 0.688042 0.570990 
0.700000 0.143906 0.041563 0.870510 -1.228910 0.691033 0.564930 
0.733333 0.128999 0.043812 0.422381 -1.219780 0.693885 0.565065 
0.766667 0.119999 0.041457 -0.216548 -1.188150 0.695690 0.559312 
0.800000 0.103728 0.050393 -0.776673 -1.226150 0.699585 0.556631 
0.833333 0.085124 0.055102 -1.152068 -1.270620 0.701681 0.554068 
0.866667 0.084939 0.046493 -1.599780 -1.299290 0.704276 0.552555 
0.900000 0.102165 0.029353 -2.151366 -1.338650 0.706444 0.550721 
0.933333 0.108777 0.021036 -2.228342 -1.449340 0.707970 0.546384 
0.966667 0.091169 0.015605 -1.463587 -1.528870 0.708279 0.541755 
1.000000 0.073587 0.011262 -0.407083 -1.547120 0.709827 0.539841 
1.033330 0.086464 0.009117 0.127767 -1.534530 0.708082 0.539115 
1.066670 0.119696 0.003100 0.084405 -1.511530 0.711236 0.534498 
1.100000 0.139049 0.007432 0.101563 -1.542010 0.709893 0.530108 
1.133330 0.132545 0.021728 0.526377 -1.534160 0.710360 0.524628 
1.166670 0.116381 0.041468 0.912100 -1.510240 0.711531 0.521313 
1.200000 0.110554 0.048015 0.665922 -1.448330 0.714570 0.517961 
1.233330 0.116201 0.050450 -0.150118 -1.450740 0.715790 0.513707 
1.266670 0.129256 0.051534 -0.942383 -1.470370 0.717965 0.511630 
1.300000 0.131818 0.056331 -1.312221 -1.526220 0.720533 0.505501 
1.333330 0.116976 0.054389 -1.389862 -1.566930 0.722057 0.501613 
1.366670 0.094019 0.044934 -1.466880 -1.599210 0.724102 0.498445 
1.400000 0.074827 0.033730 -1.575651 -1.663580 0.725174 0.495359 
1.433330 0.067651 0.020093 -1.585881 -1.714440 0.725449 0.493295 
1.466670 0.077251 0.008973 -1.401923 -1.764550 0.726090 0.490297 
1.500000 0.103151 0.003830 -0.918146 -1.796690 0.725272 0.488640 
1.533330 0.126780 0.009497 -0.202288 -1.855560 0.724299 0.485007 
1.566670 0.136099 0.004743 0.341164 -1.807170 0.723728 0.477314 
1.600000 0.142903 0.011670 0.479003 -1.795250 0.722742 0.476925 
1.633330 0.155039 0.030997 0.442413 -1.794310 0.722027 0.470283 
1.666670 0.161037 0.051761 0.360553 -1.786260 0.722049 0.463812 
1.700000 0.156621 0.061176 0.051295 -1.751880 0.723803 0.459907 
1.733330 0.140756 0.071273 -0.474954 -1.769490 0.724274 0.453151 
1.766670 0.124494 0.076006 -0.967804 -1.800470 0.725731 0.448542 
1.800000 0.120836 0.072402 -1.368589 -1.842070 0.727961 0.444844 
1.833330 0.125787 0.060019 -1.775084 -1.875030 0.728724 0.440576 
1.866670 0.117072 0.049298 -2.098027 -1.960810 0.728623 0.434565 
1.900000 0.108211 0.029235 -2.097666 -2.018050 0.728171 0.430446 
1.933330 0.122177 0.014551 -1.662672 -2.106490 0.728297 0.429152 
1.966670 0.146580 0.007807 -0.923455 -2.130340 0.725920 0.424326 
2.000000 0.144695 0.018338 -0.175390 -2.170010 0.721186 0.418595 
2.033330 0.123425 0.022456 0.312584 -2.136850 0.721528 0.414827 
2.066670 0.112917 0.030931 0.508889 -2.139250 0.719746 0.412353 
2.100000 0.126543 0.040065 0.571175 -2.107390 0.718290 0.407204 
2.133330 0.150186 0.063510 0.509008 -2.116570 0.718173 0.403663 
2.166670 0.172115 0.082097 0.097103 -2.065790 0.716395 0.397441 
2.200000 0.171455 0.106913 -0.761557 -2.097090 0.717029 0.389258 
2.233330 0.161439 0.108573 -1.809859 -2.118230 0.717209 0.384772 
2.266670 0.146589 0.092482 -2.621503 -2.219620 0.717715 0.376524 
2.300000 0.150180 0.051692 -2.807638 -2.293840 0.716431 0.372085 
2.333330 0.163604 0.028727 -2.152235 -2.405660 0.714989 0.367667 
2.366670 0.168344 0.029518 -0.895921 -2.466480 0.707727 0.364088 
2.400000 0.161529 0.035163 0.250732 -2.456900 0.706172 0.358003 
2.433330 0.159082 0.034496 0.731757 -2.422790 0.703618 0.355795 
2.466670 0.158406 0.034921 0.613491 -2.413490 0.699021 0.349672 
2.500000 0.148426 0.035967 0.316153 -2.378250 0.696802 0.346609 
2.533330 0.130276 0.052972 0.082396 -2.407020 0.693333 0.340962 
2.566670 0.128672 0.069391 -0.226645 -2.384640 0.692536 0.337685 
2.600000 0.141397 0.090364 -0.765019 -2.387680 0.691924 0.333820 
2.633330 0.142232 0.105508 -1.363784 -2.451030 0.687984 0.326143 
2.666670 0.131984 0.092196 -1.772456 -2.484060 0.689676 0.320392 
2.700000 0.112792 0.075156 -1.916239 -2.560600 0.686105 0.316974 
2.733330 0.093547 0.059671 -1.848223 -2.626940 0.683863 0.313274 
2.766670 0.084272 0.038531 -1.594672 -2.666430 0.683276 0.308929 
2.800000 0.096334 0.021281 -1.077757 -2.732580 0.681174 0.308286 
2.833330 0.124240 0.018148 -0.372644 -2.766600 0.677648 0.306722 
2.866670 0.148140 0.023043 0.189806 -2.737580 0.673377 0.303099 
2.900000 0.156441 0.039198 0.441881 -2.743520 0.669531 0.301680 
2.933330 0.157840 0.048896 0.525896 -2.716820 0.663901 0.296631 
2.966670 0.165091 0.057294 0.523580 -2.713230 0.661693 0.293722 
3.000000 0.178992 0.058903 0.289948 -2.687050 0.656858 0.289576 
3.033330 0.172446 0.060955 -0.274211 -2.675060 0.652183 0.285150 
3.066670 0.137591 0.066555 -0.999782 -2.711600 0.646490 0.279544 
3.100000 0.113364 0.071367 -1.592003 -2.740380 0.646188 0.276504 
3.133330 0.115190 0.090247 -1.910359 -2.825270 0.643810 0.275087 
3.166670 0.125508 0.096528 -2.024522 -2.875210 0.639343 0.268329 
3.200000 0.125203 0.076064 -1.933732 -2.932860 0.636688 0.263734 
3.233330 0.129105 0.048660 -1.466391 -3.021230 0.632724 0.262448 
3.266670 0.146146 0.027652 -0.666468 -3.046170 0.629506 0.261156 
3.300000 0.155088 0.018502 0.088274 -3.052520 0.622613 0.258793 
3.333330 0.147491 0.016106 0.480313 -3.036880 0.618501 0.258508 
3.366670 0.134323 0.026442 0.496765 -3.018530 0.613544 0.257454 
3.400000 0.132498 0.047907 0.372645 -2.996190 0.609577 0.255566 
3.433330 0.149316 0.078699 0.327239 -3.003630 0.605397 0.252535 
3.466670 0.164070 0.092864 0.337991 -2.995530 0.601527 0.250205 
