0.7 0.00360773 -0.000681219 0.0244246 0.231986 
0.733333 0.00382757 -0.000734693 0.0273431 0.245255 
0.766667 0.00402682 -0.000739158 0.0298829 0.258439 
0.8 0.00424256 -0.000693049 0.0299515 0.268759 
0.833333 0.00439722 -0.000708511 0.0277164 0.276262 
0.866667 0.00454216 -0.000660459 0.025051 0.282334 
0.9 0.00470543 -0.000549234 0.0213818 0.286298 
0.933333 0.00483551 -0.000541902 0.0179335 0.289338 
0.966667 0.00500338 -0.000591857 0.0123825 0.28873 
1 0.00504702 -0.000615458 0.0100186 0.290064 
1.03333 0.00515607 -0.000700185 0.010286 0.293718 
1.06667 0.005146 -0.000732104 0.010836 0.297795 
1.1 0.00523444 -0.000831431 0.0139183 0.305045 
1.13333 0.00528431 -0.000877687 0.0174119 0.313809 
1.16667 0.0053127 -0.000979456 0.0209062 0.323738 
1.2 0.00533548 -0.00110391 0.0255474 0.336185 
1.23333 0.00535475 -0.00111263 0.0309276 0.351052 
1.26667 0.00537789 -0.00108938 0.0332991 0.364161 
1.3 0.00543649 -0.00103713 0.0341706 0.376289 
1.33333 0.00550491 -0.000942979 0.0323144 0.385489 
1.36667 0.00561111 -0.000877151 0.0295527 0.393 
1.4 0.00573778 -0.000837204 0.0263841 0.39911 
1.43333 0.00586438 -0.000805298 0.0230757 0.404 
1.46667 0.00597886 -0.000811745 0.0200967 0.408175 
1.5 0.00602862 -0.000837379 0.0152603 0.409165 
1.53333 0.00608182 -0.000854445 0.0114966 0.409809 
1.56667 0.00617224 -0.000862732 0.0114459 0.413581 
1.6 0.00623583 -0.000937888 0.0116853 0.417679 
1.63333 0.00626742 -0.00108186 0.013072 0.423211 
1.66667 0.00634729 -0.0011369 0.0173913 0.432667 
1.7 0.00631432 -0.00118461 0.0231655 0.44528 
1.73333 0.00636791 -0.00127691 0.0286241 0.459446 
1.76667 0.00633765 -0.00134869 0.032525 0.473592 
1.8 0.00640307 -0.00136858 0.0362767 0.488862 
1.83333 0.00643814 -0.00132828 0.0364765 0.50119 
1.86667 0.00649491 -0.00126978 0.0359631 0.512743 
1.9 0.00660279 -0.0012055 0.0336114 0.521955 
1.93333 0.00668537 -0.00113106 0.0300041 0.5289 
1.96667 0.0068014 -0.00105891 0.0252806 0.533326 
2 0.00693698 -0.00105253 0.0213659 0.537132 
2.03333 0.00696658 -0.0010404 0.0185964 0.540984 
2.06667 0.00700942 -0.00110924 0.0160566 0.544185 
2.1 0.00714588 -0.00117279 0.0149163 0.548191 
2.13333 0.00718298 -0.00126297 0.0151313 0.553417 
2.16667 0.00726444 -0.00130791 0.0166912 0.560302 
2.2 0.0072934 -0.00133956 0.019569 0.569263 
2.23333 0.0073895 -0.00143141 0.024866 0.582039 
2.26667 0.00744714 -0.0015931 0.031094 0.59768 
2.3 0.00744899 -0.00168329 0.0354063 0.613135 
2.33333 0.00742323 -0.00171711 0.0386953 0.628819 
2.36667 0.00752417 -0.00160166 0.0401468 0.643431 
2.4 0.00754501 -0.00154728 0.0392797 0.65579 
2.43333 0.00769744 -0.00141595 0.0359744 0.664981 
2.46667 0.00782448 -0.00134233 0.0328064 0.673233 
2.5 0.00789434 -0.00131513 0.029002 0.679677 
2.53333 0.0079952 -0.00128427 0.0242952 0.683789 
2.56667 0.00807076 -0.00125861 0.0203893 0.687276 
2.6 0.00813285 -0.00128488 0.0172722 0.690393 
2.63333 0.00819641 -0.00134093 0.0172736 0.696152 
2.66667 0.00824441 -0.00137886 0.0173737 0.702028 
2.7 0.00831007 -0.00146672 0.0198796 0.710778 
2.73333 0.00830389 -0.00157102 0.0236769 0.721887 
2.76667 0.00830099 -0.00168065 0.0263845 0.732975 
2.8 0.00831748 -0.00177261 0.0320822 0.748496 
2.83333 0.00823168 -0.0018802 0.0365465 0.76446 
2.86667 0.00824167 -0.00186492 0.0394991 0.780128 
2.9 0.00822007 -0.00184759 0.0407721 0.794797 
2.93333 0.00830318 -0.00182564 0.0407187 0.808324 
2.96667 0.00835457 -0.00166935 0.0390921 0.819977 
3 0.00840519 -0.00155873 0.0358942 0.829233 
3.03333 0.00852173 -0.0014694 0.0317057 0.836253 
3.06667 0.00858277 -0.00138591 0.0271839 0.841484 
3.1 0.00862328 -0.00145607 0.0243511 0.847201 
3.13333 0.0087632 -0.0015094 0.0214825 0.851932 
3.16667 0.00879192 -0.00161858 0.0198996 0.857224 
3.2 0.00881949 -0.00169552 0.0202826 0.86431 
3.23333 0.00894954 -0.00180201 0.0229841 0.87426 
3.26667 0.00895703 -0.00193459 0.0255285 0.884924 
3.3 0.0090432 -0.0020264 0.0304224 0.899211 
3.33333 0.00904168 -0.00212321 0.0360298 0.915971 
3.36667 0.00901416 -0.00221389 0.0411353 0.934008 
3.4 0.00900431 -0.00224867 0.0447528 0.95199 
3.43333 0.00900897 -0.00226063 0.0460086 0.96839 
3.46667 0.00913713 -0.00211724 0.0437727 0.981087 
3.5 0.00924112 -0.00205562 0.0410127 0.99242 
3.53333 0.00934661 -0.00196152 0.0384274 1.00304 
3.56667 0.00954506 -0.00186999 0.0342817 1.01095 
3.6 0.00968549 -0.00183335 0.0308918 1.01838 
3.63333 0.00975654 -0.00175437 0.0263349 1.0233 
3.66667 0.0098502 -0.00176559 0.0232397 1.02842 
3.7 0.00983518 -0.00195121 0.0223246 1.03509 
3.73333 0.00988981 -0.00205954 0.0229942 1.04332 
3.76667 0.00994871 -0.00223184 0.0270297 1.05575 
3.8 0.0100863 -0.00237939 0.0307467 1.06915 
3.83333 0.0101568 -0.00244884 0.0355651 1.08508 
3.86667 0.0100423 -0.00253013 0.0401695 1.10237 
3.9 0.0100216 -0.00259054 0.0464258 1.12315 
3.93333 0.0099783 -0.00258623 0.0496139 1.14239 
3.96667 0.00999056 -0.00250283 0.0490443 1.15825 
4 0.0100176 -0.00235428 0.0481885 1.17359 
4.03333 0.0100812 -0.00221771 0.0454615 1.18643 
4.06667 0.0101512 -0.00213661 0.0416959 1.19714 
4.1 0.0102435 -0.00204996 0.0366073 1.20504 
4.13333 0.0103646 -0.00206586 0.0310874 1.21072 
4.16667 0.0104889 -0.00201449 0.0267136 1.21592 
4.2 0.0105093 -0.0021008 0.0258938 1.22386 
4.23333 0.0105075 -0.00217016 0.0278269 1.23477 
4.26667 0.0104977 -0.00230505 0.0285306 1.24488 
4.3 0.0104415 -0.00243413 0.0314913 1.25788 
4.33333 0.0104028 -0.00251062 0.0352089 1.27277 
4.36667 0.0103637 -0.00268128 0.0410225 1.29137 
4.4 0.0102636 -0.00277236 0.0454227 1.31024 
4.43333 0.0102997 -0.00273241 0.0489725 1.32957 
4.46667 0.010258 -0.00266414 0.0511579 1.34847 
4.5 0.0101827 -0.00251179 0.0500062 1.36416 
4.53333 0.0102794 -0.00243627 0.0483298 1.37885 
4.56667 0.0102928 -0.00237994 0.0439709 1.38982 
4.6 0.0103941 -0.00228885 0.0403211 1.40017 
4.63333 0.0105011 -0.00223053 0.0350475 1.40738 
4.66667 0.0106002 -0.00220612 0.0305424 1.41375 
4.7 0.0105999 -0.00217136 0.0277028 1.42058 
4.73333 0.0106252 -0.0023378 0.0270206 1.429 
4.76667 0.0107176 -0.00252902 0.0277975 1.43893 
4.8 0.0107328 -0.00257357 0.031218 1.45223 
4.83333 0.0108209 -0.00264229 0.0349644 1.46706 
4.86667 0.010808 -0.00271916 0.040783 1.48558 
4.9 0.0107076 -0.00280183 0.0457614 1.50505 
4.93333 0.0106382 -0.00284707 0.0504531 1.52585 
4.96667 0.0106193 -0.00284801 0.0518362 1.5443 
5 0.010625 -0.00274878 0.0524671 1.56232 
5.03333 0.0106503 -0.00262568 0.0514427 1.5786 
5.06667 0.010692 -0.00255083 0.0489577 1.59281 
5.1 0.0108179 -0.00250714 0.0441168 1.60342 
