0.7 0.00355921 -0.000618751 0.0284019 0.70419 
0.733333 0.00371631 -0.000684866 0.0321571 0.719736 
0.766667 0.00388769 -0.000705162 0.0352811 0.735433 
0.8 0.00411995 -0.000639803 0.0337504 0.745815 
0.833333 0.00421989 -0.000562507 0.0317289 0.754871 
0.866667 0.00431703 -0.000528714 0.0282795 0.761348 
0.9 0.00446211 -0.000498141 0.0243703 0.766106 
0.933333 0.00458722 -0.000421193 0.0202113 0.769265 
0.966667 0.00477716 -0.000456222 0.0177398 0.773071 
1 0.00485504 -0.000495102 0.0146763 0.775366 
1.03333 0.00500751 -0.000573373 0.0136944 0.779098 
1.06667 0.00499011 -0.000626221 0.0141624 0.784214 
1.1 0.00524733 -0.000697116 0.0174837 0.792854 
1.13333 0.00526848 -0.00071123 0.0210919 0.802942 
1.16667 0.00521353 -0.000809432 0.0239934 0.813397 
1.2 0.00520228 -0.000834545 0.02897 0.82727 
1.23333 0.00529002 -0.000978475 0.0342732 0.843187 
1.26667 0.00532766 -0.00100674 0.0375252 0.85845 
1.3 0.00530086 -0.000923131 0.0383679 0.871953 
1.33333 0.00530945 -0.000883339 0.037766 0.884032 
1.36667 0.00542474 -0.000815022 0.0349245 0.893267 
1.4 0.0054951 -0.000732354 0.0306679 0.899883 
1.43333 0.00559662 -0.000709734 0.0263233 0.904977 
1.46667 0.00576293 -0.000685034 0.0221423 0.908816 
1.5 0.00580828 -0.000642073 0.0167431 0.909823 
1.53333 0.00583404 -0.000641966 0.0150964 0.913461 
1.56667 0.00597357 -0.000745113 0.0136506 0.916786 
1.6 0.00608063 -0.000793405 0.0144001 0.922221 
1.63333 0.00618538 -0.000846134 0.0155287 0.928353 
1.66667 0.00622699 -0.000905118 0.0167386 0.934958 
1.7 0.00619271 -0.000973582 0.0206537 0.945159 
1.73333 0.0063351 -0.00100767 0.0263754 0.958798 
1.76667 0.00626694 -0.00102388 0.0301436 0.972038 
1.8 0.00627394 -0.00106184 0.0331337 0.985615 
1.83333 0.00625081 -0.00106134 0.0313499 0.994554 
1.86667 0.00634607 -0.000943125 0.0304466 1.00394 
1.9 0.00654068 -0.000827575 0.0290571 1.01245 
1.93333 0.00672199 -0.00077314 0.0258527 1.01835 
1.96667 0.00681865 -0.000722839 0.0222506 1.02271 
2 0.00687655 -0.000610765 0.0186123 1.02584 
2.03333 0.00702557 -0.000617855 0.0142854 1.02693 
2.06667 0.00714945 -0.000607639 0.0127056 1.02983 
2.1 0.00717001 -0.000696339 0.010989 1.03204 
2.13333 0.00716742 -0.000806159 0.0126994 1.03772 
2.16667 0.00730351 -0.000892536 0.0145423 1.04413 
2.2 0.00734622 -0.000949875 0.0178964 1.05294 
2.23333 0.00738937 -0.00106157 0.0230003 1.06493 
2.26667 0.00736657 -0.00118527 0.0287855 1.07942 
2.3 0.00741996 -0.00129482 0.0342723 1.09549 
2.33333 0.0073933 -0.00132977 0.0373666 1.11057 
2.36667 -0.00884627 -0.00339742 0.106817 1.20501 
2.4 -0.0103044 0.000844379 0.0866306 1.21679 
2.43333 -0.0113427 0.00397776 0.0698187 1.22582 
2.46667 -0.0122604 0.00625748 0.0566717 1.23357 
2.5 -0.0126213 0.00784083 0.0458913 1.23974 
2.53333 -0.0128342 0.00898946 0.0381747 1.24592 
2.56667 -0.0131366 0.00978212 0.0310242 1.25021 
2.6 -0.0133185 0.010301 0.0261969 1.25485 
2.63333 -0.0134667 0.0106071 0.0228808 1.25967 
2.66667 -0.0135995 0.0107724 0.0226147 1.26698 
2.7 -0.0136214 0.010835 0.0243062 1.27652 
2.73333 -0.0136836 0.0107794 0.0266078 1.28734 
2.76667 -0.0136331 0.0107581 0.0307608 1.30111 
2.8 -0.0136681 0.0106919 0.0339103 1.31508 
2.83333 -0.013619 0.0107118 0.0387587 1.33211 
2.86667 -0.0135305 0.0108039 0.0413167 1.34804 
2.9 -0.0136256 0.0109342 0.0429819 1.36378 
2.93333 -0.0135706 0.0110523 0.0423888 1.37741 
2.96667 -0.0134995 0.011124 0.0394814 1.38811 
3 -0.0133221 0.0112081 0.0358324 1.39696 
3.03333 -0.0132938 0.0113511 0.0320963 1.40449 
3.06667 -0.0131484 0.0114254 0.029304 1.4119 
3.1 0.0031425 0.0134966 -0.0422979 1.33714 
3.13333 0.00477113 0.0092592 -0.0246501 1.34387 
3.16667 0.00597902 0.00615112 -0.0125496 1.34994 
3.2 0.00692429 0.00381807 -0.0020406 1.35816 
3.23333 0.00738793 0.00215343 0.00708444 1.36826 
3.26667 0.00778363 0.000914572 0.0137993 1.37854 
3.3 0.00812738 -3.1888e-005 0.022042 1.39287 
3.33333 0.00830905 -0.000723833 0.0293046 1.40879 
3.36667 0.00849419 -0.0011782 0.0353213 1.42567 
3.4 0.00862751 -0.00146022 0.0399894 1.44295 
3.43333 0.00866431 -0.00163783 0.0420676 1.45873 
3.46667 0.00884752 -0.00167069 0.0422994 1.47303 
3.5 0.00891058 -0.00161078 0.0406365 1.48517 
3.53333 0.00909687 -0.00162786 0.0373824 1.49487 
3.56667 0.00924769 -0.00161295 0.03427 1.50366 
3.6 0.00931828 -0.00165865 0.0303939 1.5105 
3.63333 0.00953537 -0.00174718 0.0265042 1.51604 
3.66667 0.00957466 -0.00182495 0.023533 1.52137 
3.7 0.00960798 -0.00186272 0.022164 1.5276 
3.73333 0.00961506 -0.00194829 0.0234507 1.53651 
3.76667 0.00965352 -0.00210911 0.0252563 1.54646 
3.8 0.00962003 -0.00223121 0.0262347 1.55603 
3.83333 0.00961149 -0.00232643 0.0295841 1.56873 
3.86667 0.00959351 -0.00243058 0.0345219 1.58442 
3.9 0.009577 -0.0025098 0.0400492 1.60245 
3.93333 0.00957369 -0.00251423 0.043875 1.62032 
3.96667 0.00959483 -0.00255925 0.0454585 1.63681 
4 0.00961364 -0.00240842 0.0451185 1.65156 
4.03333 0.00959374 -0.00223538 0.0427096 1.66376 
4.06667 0.0097356 -0.00217932 0.0409487 1.67592 
4.1 0.00980136 -0.0020743 0.0375843 1.68559 
4.13333 0.00993385 -0.00202438 0.0332651 1.69302 
4.16667 0.0100538 -0.00194433 0.0279022 1.69778 
4.2 0.0100852 -0.00192954 0.0239542 1.70242 
4.23333 0.0101394 -0.00208305 0.0234153 1.70977 
4.26667 0.0100221 -0.00215331 0.0245454 1.71891 
4.3 0.0100603 -0.00229151 0.0256745 1.72842 
4.33333 0.0100627 -0.00247141 0.0271617 1.73874 
4.36667 0.0100691 -0.00253746 0.0318924 1.75337 
4.4 0.00999395 -0.00268843 0.0346793 1.7673 
4.43333 0.0100541 -0.00270913 0.0404875 1.78571 
4.46667 0.010068 -0.00267902 0.0431922 1.8024 
4.5 0.0101292 -0.00266 0.0425706 1.81606 
4.53333 0.0102031 -0.00255622 0.0429212 1.83067 
4.56667 0.0102469 -0.00239047 0.0425703 1.84456 
4.6 0.0103065 -0.00228194 0.0415136 1.8575 
4.63333 0.0103907 -0.00219717 0.0386699 1.86798 
4.66667 0.0104886 -0.0020875 0.0337982 1.87512 
4.7 0.0105665 -0.00192956 0.0314289 1.88359 
4.73333 0.0107389 -0.00195765 0.0271258 1.88899 
4.76667 0.0108391 -0.00213678 0.0264249 1.8972 
4.8 0.0108683 -0.002249 0.0266898 1.90633 
4.83333 0.0108752 -0.00241008 0.0288737 1.9178 
4.86667 0.0107914 -0.00249861 0.0327894 1.93205 
4.9 0.0107357 -0.00266754 0.0382238 1.94939 
4.93333 0.0107158 -0.0027907 0.0433127 1.96814 
4.96667 0.0106315 -0.00278177 0.0472031 1.98717 
5 0.010638 -0.00279866 0.050365 2.00664 
5.03333 0.0106089 -0.00270756 0.0509335 2.0241 
