0.231 25 -40 
0.324 25 -40 
0.417 25 -40 
0.496 25 -40 
0.59 25 -40 
0.652 25 -40 
0.715 25 -40 
0.777 25 -40 
0.855 25 -40 
0.918 25 -40 
0.98 25 -40 
1.043 25 -40 
1.106 25 -40 
1.167 25 -40 
1.246 25 -40 
1.31 25 -40 
1.371 25 -40 
1.433 25 -40 
1.513 25 -40 
1.575 25 -40 
1.653 25 -40 
1.716 25 -40 
1.779 25 -40 
1.84 25 -40 
1.902 25 -40 
1.964 25 -40 
2.044 25 -40 
2.121 25 -40 
2.168 25 -40 
2.247 25 -40 
2.309 25 -40 
2.371 25 -40 
2.449 25 -40 
2.512 25 -40 
2.575 25 -40 
2.636 25 -40 
2.7 25 -40 
2.762 25 -40 
2.84 25 -40 
2.918 25 -40 
2.98 25 -40 
3.043 25 -40 
3.106 25 -40 
3.167 25 -40 
3.245 25 -40 
3.308 25 -40 
3.371 25 -40 
3.433 25 -40 
3.496 25 -40 
3.574 25 -40 
3.653 25 -40 
3.714 25 -40 
3.777 25 -40 
3.84 25 -40 
3.903 25 -40 
3.965 25 -40 
4.042 25 -40 
4.105 25 -40 
4.184 25 -40 
4.246 25 -40 
4.308 25 -40 
4.372 25 -40 
4.449 25 -40 
4.513 25 -40 
4.575 25 -40 
4.654 25 -40 
4.747 25 -40 
4.809 25 -40 
4.887 25 -40 
4.949 25 -40 
5.011 25 -40 
5.075 25 -40 
5.136 25 -40 
5.2 25 -40 
5.277 25 -40 
5.339 25 -40 
5.402 25 -40 
5.48 25 -40 
5.543 25 -40 
5.605 25 -40 
5.683 25 -40 
5.746 25 -40 
5.809 25 -40 
5.871 25 -40 
5.933 25 -40 
6.011 25 -40 
6.074 25 -40 
6.153 25 -40 
6.216 25 -40 
6.278 25 -40 
6.34 25 -40 
6.403 25 -40 
6.48 25 -40 
6.558 25 -40 
6.638 25 -40 
6.7 25 -40 
6.762 25 -40 
6.856 25 -40 
6.918 25 -40 
6.981 25 -40 
7.044 25 -40 
7.106 25 -40 
7.168 25 -40 
7.263 25 -40 
7.355 25 -40 
7.419 25 -40 
7.48 25 -40 
7.544 25 -40 
7.606 25 -40 
7.685 25 -40 
7.747 25 -40 
7.809 25 -40 
7.888 25 -40 
7.965 25 -40 
8.044 25 -40 
8.106 25 -40 
8.185 25 -40 
8.247 25 -40 
8.31 25 -40 
8.372 25 -40 
8.45 25 -40 
8.512 25 -40 
8.574 25 -40 
8.637 25 -40 
8.715 25 -40 
8.777 25 -40 
8.856 25 -40 
8.919 25 -40 
8.98 25 -40 
9.043 25 -40 
9.106 25 -40 
9.168 25 -40 
9.246 25 -40 
9.309 25 -40 
9.371 25 -40 
9.465 25 -40 
9.544 25 -40 
9.606 25 -40 
9.683 25 -40 
9.747 25 -40 
9.809 25 -40 
9.871 25 -40 
9.949 25 -40 
10.044 25 -40 
10.121 25 -40 
10.184 25 -40 
10.246 25 -40 
10.309 25 -40 
10.371 25 -40 
10.45 25 -40 
10.513 25 -40 
10.575 25 -40 
10.637 25 -40 
10.715 25 -40 
