0.212 25 -40 
0.307 25 -40 
0.401 25 -40 
0.509 25 -40 
0.573 25 -40 
0.666 25 -40 
0.728 25 -40 
0.79 25 -40 
0.853 25 -40 
0.932 25 -40 
0.995 25 -40 
1.056 25 -40 
1.12 25 -40 
1.196 25 -40 
1.259 25 -40 
1.322 25 -40 
1.399 25 -40 
1.462 25 -40 
1.525 25 -40 
1.587 25 -40 
1.649 25 -40 
1.728 25 -40 
1.79 25 -40 
1.854 25 -40 
1.916 25 -40 
1.979 25 -40 
2.057 25 -40 
2.135 25 -40 
2.197 25 -40 
2.259 25 -40 
2.323 25 -40 
2.385 25 -40 
2.448 25 -40 
2.525 25 -40 
2.587 25 -40 
2.65 25 -40 
2.728 25 -40 
2.791 25 -40 
2.852 25 -40 
2.932 25 -40 
2.994 25 -40 
3.057 25 -40 
3.119 25 -40 
3.18 25 -40 
3.243 25 -40 
3.321 25 -40 
3.385 25 -40 
3.462 25 -40 
3.525 25 -40 
3.588 25 -40 
3.651 25 -40 
3.728 25 -40 
3.79 25 -40 
3.854 25 -40 
3.931 25 -40 
4.009 25 -40 
4.104 25 -40 
4.165 25 -40 
4.228 25 -40 
4.292 25 -40 
4.354 25 -40 
4.415 25 -40 
4.494 25 -40 
4.557 25 -40 
4.618 25 -40 
4.681 25 -40 
4.76 25 -40 
4.822 25 -40 
4.9 25 -40 
4.962 25 -40 
5.025 25 -40 
5.087 25 -40 
5.151 25 -40 
5.229 25 -40 
5.29 25 -40 
5.353 25 -40 
5.43 25 -40 
5.493 25 -40 
5.556 25 -40 
5.618 25 -40 
5.697 25 -40 
5.758 25 -40 
5.822 25 -40 
5.884 25 -40 
5.946 25 -40 
6.009 25 -40 
6.104 25 -40 
6.166 25 -40 
6.228 25 -40 
6.291 25 -40 
6.353 25 -40 
6.416 25 -40 
6.493 25 -40 
6.557 25 -40 
6.618 25 -40 
6.696 25 -40 
6.76 25 -40 
6.822 25 -40 
6.9 25 -40 
6.963 25 -40 
7.026 25 -40 
7.088 25 -40 
7.15 25 -40 
7.212 25 -40 
7.307 25 -40 
7.384 25 -40 
7.463 25 -40 
7.525 25 -40 
7.587 25 -40 
7.651 25 -40 
7.728 25 -40 
7.79 25 -40 
7.853 25 -40 
7.915 25 -40 
7.994 25 -40 
8.057 25 -40 
8.135 25 -40 
8.197 25 -40 
8.259 25 -40 
8.323 25 -40 
8.384 25 -40 
8.447 25 -40 
8.526 25 -40 
8.587 25 -40 
8.667 25 -40 
8.743 25 -40 
8.821 25 -40 
8.899 25 -40 
8.962 25 -40 
9.025 25 -40 
9.087 25 -40 
9.15 25 -40 
9.212 25 -40 
9.29 25 -40 
9.353 25 -40 
9.415 25 -40 
9.494 25 -40 
9.556 25 -40 
9.62 25 -40 
9.696 25 -40 
9.759 25 -40 
9.822 25 -40 
9.884 25 -40 
9.963 25 -40 
10.057 25 -40 
10.134 25 -40 
10.197 25 -40 
10.26 25 -40 
10.322 25 -40 
10.383 25 -40 
10.446 25 -40 
10.524 25 -40 
