0.217 25 -40 
0.31 25 -40 
0.404 25 -40 
0.498 25 -40 
0.561 25 -40 
0.623 25 -40 
0.701 25 -40 
0.765 25 -40 
0.826 25 -40 
0.905 25 -40 
0.968 25 -40 
1.031 25 -40 
1.091 25 -40 
1.155 25 -40 
1.217 25 -40 
1.295 25 -40 
1.357 25 -40 
1.42 25 -40 
1.483 25 -40 
1.56 25 -40 
1.624 25 -40 
1.701 25 -40 
1.764 25 -40 
1.827 25 -40 
1.888 25 -40 
1.952 25 -40 
2.015 25 -40 
2.092 25 -40 
2.171 25 -40 
2.233 25 -40 
2.296 25 -40 
2.358 25 -40 
2.42 25 -40 
2.498 25 -40 
2.561 25 -40 
2.623 25 -40 
2.686 25 -40 
2.75 25 -40 
2.812 25 -40 
2.89 25 -40 
2.968 25 -40 
3.03 25 -40 
3.092 25 -40 
3.155 25 -40 
3.218 25 -40 
3.295 25 -40 
3.358 25 -40 
3.42 25 -40 
3.483 25 -40 
3.56 25 -40 
3.623 25 -40 
3.701 25 -40 
3.764 25 -40 
3.827 25 -40 
3.905 25 -40 
3.983 25 -40 
4.045 25 -40 
4.123 25 -40 
4.186 25 -40 
4.264 25 -40 
4.327 25 -40 
4.39 25 -40 
4.452 25 -40 
4.53 25 -40 
4.593 25 -40 
4.655 25 -40 
4.716 25 -40 
4.795 25 -40 
4.858 25 -40 
4.936 25 -40 
4.999 25 -40 
5.061 25 -40 
5.123 25 -40 
5.185 25 -40 
5.248 25 -40 
5.326 25 -40 
5.389 25 -40 
5.468 25 -40 
5.531 25 -40 
5.592 25 -40 
5.655 25 -40 
5.732 25 -40 
5.795 25 -40 
5.857 25 -40 
5.92 25 -40 
5.982 25 -40 
6.046 25 -40 
6.139 25 -40 
6.201 25 -40 
6.264 25 -40 
6.326 25 -40 
6.39 25 -40 
6.451 25 -40 
6.53 25 -40 
6.592 25 -40 
6.654 25 -40 
6.718 25 -40 
6.78 25 -40 
6.858 25 -40 
6.935 25 -40 
6.999 25 -40 
7.06 25 -40 
7.124 25 -40 
7.186 25 -40 
7.248 25 -40 
7.327 25 -40 
7.389 25 -40 
7.451 25 -40 
7.529 25 -40 
7.592 25 -40 
7.655 25 -40 
7.732 25 -40 
7.796 25 -40 
