0.066667 0.037553 -0.009434 1.209722 0.161499 0.658315 0.239140 
0.100000 0.035410 -0.014509 1.164268 0.184020 0.659770 0.239243 
0.133333 0.031668 -0.018866 1.012031 0.230835 0.661439 0.239056 
0.166667 0.033699 -0.008985 0.720410 0.264338 0.662002 0.237567 
0.200000 0.043193 0.009176 0.270257 0.262816 0.663498 0.238533 
0.233333 0.054274 0.016279 -0.231019 0.303204 0.664674 0.239930 
0.266667 0.058780 0.013429 -0.506307 0.246740 0.666791 0.240388 
0.300000 0.056831 -0.001438 -0.462473 0.238681 0.667849 0.241913 
0.333333 0.049600 -0.013043 -0.374522 0.231849 0.671123 0.241588 
0.366667 0.044064 -0.011244 -0.426328 0.228819 0.671132 0.241184 
0.400000 0.044002 -0.000660 -0.471534 0.193356 0.673719 0.241013 
0.433333 0.046524 -0.002520 -0.329695 0.193421 0.674539 0.241807 
0.466667 0.051307 -0.017207 0.043894 0.179885 0.676276 0.243101 
0.500000 0.058902 -0.026439 0.539467 0.179233 0.678476 0.240495 
0.533333 0.061648 -0.021930 0.915954 0.222492 0.679814 0.240695 
0.566667 0.051774 -0.010978 1.046204 0.254853 0.683322 0.241049 
0.600000 0.034683 -0.004905 1.018657 0.280816 0.684334 0.241060 
0.633333 0.028452 -0.006303 0.926441 0.322331 0.684492 0.241077 
0.666667 0.038578 -0.008922 0.793929 0.348066 0.685843 0.241580 
0.700000 0.054027 -0.004936 0.618622 0.369560 0.687527 0.241108 
0.733333 0.064096 0.004076 0.327661 0.384947 0.689665 0.242054 
0.766667 0.065315 0.006264 -0.083766 0.403891 0.691226 0.243298 
0.800000 0.060500 0.002810 -0.373869 0.388550 0.693375 0.245187 
0.833333 0.056740 0.001433 -0.375933 0.349078 0.695096 0.244059 
0.866667 0.058200 -0.003784 -0.346198 0.364415 0.696926 0.245836 
0.900000 0.062986 -0.013257 -0.546105 0.351563 0.698412 0.246753 
0.933333 0.065160 -0.018696 -0.732615 0.329693 0.700793 0.246008 
0.966667 0.061942 -0.011816 -0.493692 0.289810 0.704274 0.246248 
1.000000 0.057865 -0.005842 0.130913 0.276089 0.704324 0.246598 
1.033330 0.057756 -0.012955 0.707887 0.319068 0.707677 0.247370 
1.066670 0.059426 -0.021802 0.922867 0.321550 0.708532 0.247364 
1.100000 0.055952 -0.027363 0.842214 0.388320 0.711587 0.246386 
1.133330 0.050793 -0.021393 0.802874 0.386159 0.713550 0.247285 
1.166670 0.047684 -0.014879 0.985958 0.411858 0.714699 0.246666 
1.200000 0.052912 -0.007897 1.113234 0.453734 0.716638 0.247448 
1.233330 0.066420 0.000615 0.835327 0.506308 0.718573 0.247804 
1.266670 0.078755 0.011026 0.241729 0.510883 0.719656 0.248995 
1.300000 0.078190 0.013298 -0.250402 0.521679 0.723440 0.251520 
1.333330 0.068325 0.007996 -0.358787 0.483196 0.724482 0.252994 
1.366670 0.065255 -0.007488 -0.201032 0.487581 0.725987 0.253523 
1.400000 0.069416 -0.019932 -0.132621 0.482496 0.728532 0.254532 
1.433330 0.070634 -0.021884 -0.358453 0.477123 0.731072 0.254644 
1.466670 0.068292 -0.014164 -0.676939 0.476806 0.734013 0.255329 
1.500000 0.069909 -0.004202 -0.641944 0.425665 0.735108 0.255372 
1.533330 0.073555 -0.007794 -0.130984 0.402715 0.737643 0.257446 
1.566670 0.072541 -0.022194 0.493709 0.432069 0.740464 0.257458 
1.600000 0.069025 -0.028272 0.929431 0.454568 0.742863 0.257829 
1.633330 0.067489 -0.022517 1.152207 0.473268 0.744908 0.256840 
1.666670 0.064027 -0.018510 1.173194 0.537727 0.747926 0.258895 
1.700000 0.059939 -0.016042 1.073776 0.567302 0.749207 0.259002 
1.733330 0.061209 -0.011436 0.984519 0.587730 0.751589 0.259393 
1.766670 0.068768 -0.005553 0.811477 0.630285 0.753224 0.260062 
1.800000 0.076119 -0.002056 0.381554 0.657499 0.755290 0.262500 
1.833330 0.078301 -0.001767 -0.175542 0.659539 0.757522 0.263045 
1.866670 0.076983 -0.002297 -0.517372 0.640320 0.759437 0.265423 
1.900000 0.077095 -0.003301 -0.490665 0.614513 0.761906 0.266259 
1.933330 0.080975 -0.005857 -0.271462 0.606536 0.763451 0.267773 
1.966670 0.084743 -0.007958 -0.150332 0.603668 0.766348 0.269295 
2.000000 0.085052 -0.010010 -0.249806 0.594610 0.769149 0.270283 
2.033330 0.084425 -0.017341 -0.368189 0.606437 0.771130 0.272307 
2.066670 0.085805 -0.020100 -0.174153 0.553611 0.773673 0.272335 
2.100000 0.084093 -0.023174 0.336487 0.575718 0.777583 0.274293 
2.133330 0.082840 -0.020038 0.839550 0.597465 0.779251 0.273916 
2.166670 0.085131 -0.020318 1.117929 0.628598 0.782508 0.275883 
2.200000 0.086265 -0.028570 1.187223 0.673944 0.784508 0.276975 
2.233330 0.079994 -0.032938 1.127815 0.706736 0.787932 0.277706 
2.266670 0.069049 -0.023566 0.980474 0.746808 0.790915 0.278869 
2.300000 0.067817 -0.001833 0.738419 0.772081 0.792421 0.279640 
2.333330 0.081771 0.015143 0.399030 0.799630 0.793501 0.280915 
2.366670 0.098134 0.018287 0.014525 0.794730 0.795413 0.285255 
2.400000 0.102533 0.003748 -0.277489 0.809618 0.797440 0.286293 
2.433330 0.092437 -0.011041 -0.347985 0.769515 0.799831 0.290480 
2.466670 0.080342 -0.021909 -0.296561 0.769268 0.802856 0.291123 
2.500000 0.078940 -0.020506 -0.347958 0.772064 0.804525 0.290943 
2.533330 0.085085 -0.015223 -0.470437 0.747944 0.807259 0.294398 
2.566670 0.088041 -0.016802 -0.408713 0.736268 0.809505 0.295156 
2.600000 0.088093 -0.017197 -0.056845 0.708889 0.812221 0.296849 
2.633330 0.087907 -0.019896 0.458143 0.741214 0.815342 0.297933 
2.666670 0.088425 -0.021153 0.923967 0.735809 0.816676 0.299723 
2.700000 0.083857 -0.029297 1.138827 0.796153 0.820659 0.301600 
2.733330 0.077683 -0.031596 1.092105 0.839010 0.822781 0.301828 
2.766670 0.074234 -0.027419 0.984886 0.850384 0.824937 0.303718 
2.800000 0.072968 -0.021621 0.895170 0.895067 0.827444 0.305262 
2.833330 0.079151 -0.009962 0.740288 0.926925 0.829764 0.305864 
2.866670 0.093984 0.002211 0.539876 0.942152 0.830686 0.308964 
2.900000 0.107737 0.008604 0.336847 0.951319 0.832669 0.311233 
2.933330 0.109685 0.005333 0.065243 0.971552 0.835627 0.314966 
2.966670 0.099796 -0.003336 -0.260242 0.963098 0.835835 0.318225 
3.000000 0.087179 -0.013367 -0.458680 0.950432 0.839010 0.319929 
3.033330 0.083858 -0.018047 -0.423037 0.926529 0.841664 0.322446 
3.066670 0.096505 -0.022040 -0.298181 0.914706 0.841996 0.323448 
3.100000 0.112497 -0.027659 -0.240695 0.920511 0.845940 0.325930 
3.133330 0.113866 -0.030411 -0.081781 0.913694 0.849788 0.329296 
3.166670 0.105019 -0.031280 0.379312 0.885946 0.851904 0.331117 
3.200000 0.098430 -0.036500 0.883649 0.925146 0.854635 0.332643 
3.233330 0.096678 -0.035244 1.105846 0.990961 0.858641 0.334909 
3.266670 0.094611 -0.022641 1.176503 0.982573 0.860410 0.336289 
3.300000 0.083494 -0.022033 1.265155 1.050570 0.862857 0.340065 
3.333330 0.074640 -0.019053 1.203349 1.077610 0.864377 0.341083 
3.366670 0.081018 -0.013017 0.828226 1.138020 0.866928 0.342648 
3.400000 0.102547 -0.000641 0.249403 1.131420 0.866865 0.345367 
3.433330 0.118984 -0.000119 -0.239249 1.156950 0.869956 0.348823 
3.466670 0.120309 -0.002972 -0.367083 1.118340 0.870303 0.353827 
3.500000 0.116452 -0.011085 -0.206559 1.099710 0.873227 0.355843 
3.533330 0.113669 -0.016255 -0.146066 1.128690 0.874495 0.359117 
3.566670 0.109014 -0.007351 -0.326314 1.101060 0.877925 0.362936 
3.600000 0.102194 -0.009908 -0.423560 1.105520 0.879007 0.365700 
3.633330 0.100055 -0.024240 -0.137631 1.059510 0.879564 0.367893 
3.666670 0.101295 -0.047513 0.412465 1.084290 0.884091 0.372094 
3.700000 0.109052 -0.053069 0.902924 1.109760 0.886730 0.371577 
3.733330 0.120466 -0.040695 1.162003 1.131540 0.889470 0.375810 
3.766670 0.119042 -0.029371 1.224340 1.199950 0.893154 0.379046 
3.800000 0.103315 -0.016727 1.222191 1.209460 0.894477 0.382311 
3.833330 0.085212 -0.016833 1.204476 1.271120 0.895764 0.385928 
3.866670 0.082209 -0.014842 1.040729 1.294080 0.897466 0.386278 
3.900000 0.093179 -0.011746 0.621675 1.343000 0.898430 0.390730 
3.933330 0.107900 -0.000989 0.107153 1.348400 0.899201 0.392685 
3.966670 0.116686 0.009297 -0.192126 1.340010 0.900961 0.397448 
4.000000 0.115244 0.006119 -0.221044 1.320000 0.900161 0.400333 
4.033330 0.106055 -0.017751 -0.257048 1.333140 0.901325 0.405634 
4.066670 0.101958 -0.036311 -0.470233 1.313200 0.903549 0.407297 
4.100000 0.110673 -0.038179 -0.608783 1.311640 0.905747 0.410238 
4.133330 0.122233 -0.021036 -0.318844 1.256510 0.908107 0.413461 
4.166670 0.117434 -0.018669 0.304253 1.271340 0.909545 0.418631 
4.200000 0.103921 -0.029979 0.793513 1.292950 0.911123 0.421278 
4.233330 0.096257 -0.042988 0.942943 1.339800 0.912998 0.423696 
4.266670 0.097482 -0.037556 0.976512 1.351030 0.915772 0.426431 
4.300000 0.095858 -0.025287 1.076112 1.387170 0.918060 0.429897 
4.333330 0.092643 -0.020262 1.157442 1.433000 0.917457 0.433187 
4.366670 0.094288 -0.019507 1.119482 1.468690 0.919346 0.435005 
4.400000 0.099094 -0.012079 0.947977 1.499400 0.920830 0.438967 
4.433330 0.105248 -0.003455 0.622598 1.535050 0.920783 0.442564 
4.466670 0.117485 -0.004943 0.186260 1.547420 0.920572 0.445770 
4.500000 0.129785 -0.016227 -0.182496 1.545200 0.920856 0.448718 
4.533330 0.127864 -0.023542 -0.328582 1.532630 0.922289 0.456050 
4.566670 0.116398 -0.021159 -0.314861 1.512340 0.923312 0.458135 
4.600000 0.108581 -0.019520 -0.319731 1.521750 0.923813 0.461249 
4.633330 0.104413 -0.020418 -0.331378 1.501730 0.924821 0.466442 
4.666670 0.104214 -0.030515 -0.143542 1.488410 0.925989 0.468981 
4.700000 0.116475 -0.040952 0.334016 1.490240 0.926343 0.472165 
4.733330 0.131185 -0.036622 0.913490 1.505440 0.929717 0.475269 
4.766670 0.129596 -0.024074 1.269554 1.551460 0.931316 0.482749 
4.800000 0.114400 -0.020209 1.265803 1.605880 0.929779 0.483758 
4.833330 0.098308 -0.024161 1.116641 1.637870 0.931435 0.489364 
4.866670 0.089232 -0.023525 1.051244 1.664030 0.932461 0.491458 
4.900000 0.090488 -0.017195 0.952499 1.699710 0.932446 0.494574 
4.933330 0.099436 -0.013383 0.634621 1.750380 0.932101 0.497736 
4.966670 0.109663 -0.004969 0.260431 1.745710 0.932414 0.501328 
5.000000 0.115141 0.002801 0.075374 1.747540 0.931361 0.504950 
5.033330 0.116330 0.006518 0.044159 1.745330 0.931211 0.509238 
