0.7 0.00433919 0.000247237 0.0124635 0.474405 
0.733333 0.0045822 0.000295733 0.0110256 0.479759 
0.766667 0.00470569 0.000318477 0.0072258 0.479353 
0.8 0.00485363 0.000318249 0.00472984 0.478517 
0.833333 0.00509746 0.000270896 0.00378188 0.478751 
0.866667 0.00520974 0.000141315 0.00426405 0.480424 
0.9 0.00544835 -0.000122929 0.00707154 0.485149 
0.933333 0.00549498 -0.00028497 0.00964819 0.490531 
0.966667 0.0054897 -0.000378155 0.0135073 0.498294 
1 0.00549973 -0.000434976 0.0189632 0.509245 
1.03333 0.00554911 -0.000497904 0.0228786 0.520195 
1.06667 0.00563132 -0.000393853 0.0232693 0.528284 
1.1 0.00570989 -0.000315358 0.0236189 0.536454 
1.13333 0.00591876 -0.00021944 0.0231636 0.543789 
1.16667 0.00610503 -9.04223e-005 0.0205304 0.548402 
1.2 0.00625897 -0.000119219 0.0169272 0.550993 
1.23333 0.00640416 -4.79743e-005 0.0119278 0.550733 
1.26667 0.00653752 -3.94781e-005 0.00772279 0.549745 
1.3 0.00658709 -7.60883e-005 0.00612674 0.550436 
1.33333 0.00659585 -0.000199608 0.00811198 0.554821 
1.36667 0.00662153 -0.000402303 0.0107954 0.560693 
1.4 0.00664704 -0.000612296 0.0146262 0.568813 
1.43333 0.00673506 -0.000595892 0.0182791 0.578001 
1.46667 0.00685045 -0.000607353 0.0202933 0.586472 
1.5 0.00702793 -0.000675268 0.0244799 0.598178 
1.53333 0.00720734 -0.000591816 0.025656 0.607727 
1.56667 0.00727973 -0.000506381 0.0259974 0.616681 
1.6 0.00733215 -0.000367009 0.0234316 0.622318 
1.63333 0.00731116 -0.000216823 0.0204806 0.626646 
1.66667 0.00737731 -0.000159854 0.0170133 0.629379 
1.7 0.00758505 -4.66077e-005 0.0123451 0.62954 
1.73333 0.00767468 -2.95044e-005 0.00980042 0.630651 
1.76667 0.00772404 -7.00534e-005 0.00857834 0.632475 
1.8 0.00779027 -0.000144032 0.0100135 0.637029 
1.83333 0.00785497 -0.000287816 0.0130842 0.643992 
1.86667 0.00784929 -0.000405015 0.0151498 0.650791 
1.9 0.00787145 -0.000493133 0.0185375 0.65984 
1.93333 0.00796052 -0.000593227 0.0234625 0.671833 
1.96667 0.00799596 -0.000591275 0.0264115 0.683135 
2 0.00793032 -0.000561751 0.026477 0.692016 
2.03333 0.00800074 -0.000528774 0.0266339 0.701027 
2.06667 0.00816058 -0.000395533 0.0244954 0.707381 
2.1 0.00824962 -0.000278061 0.0207835 0.711164 
2.13333 0.00837464 -0.000196834 0.0166702 0.713236 
2.16667 0.00841 -8.1786e-005 0.0108068 0.711872 
2.2 0.00843073 -0.000140471 0.0100212 0.714547 
2.23333 0.00852745 -0.000176145 0.00946183 0.717227 
2.26667 0.008527 -0.000370099 0.011059 0.722266 
2.3 0.00846597 -0.000513045 0.0122749 0.727387 
2.33333 0.00856952 -0.000620443 0.0163742 0.736318 
2.36667 0.00863057 -0.000697121 0.0200439 0.746108 
2.4 0.00868975 -0.000679289 0.024348 0.75787 
2.43333 0.00876091 -0.000730575 0.0282751 0.770622 
2.46667 0.00881235 -0.000685871 0.0278149 0.779504 
2.5 0.00890891 -0.000623474 0.0280861 0.789096 
2.53333 0.00894721 -0.000585357 0.0250239 0.794843 
2.56667 0.00895253 -0.000514494 0.0221143 0.79975 
2.6 0.0089673 -0.000414662 0.0178602 0.802099 
2.63333 0.00891347 -0.00034632 0.0142746 0.80382 
2.66667 0.00893174 -0.000283773 0.00995725 0.803482 
2.7 0.00901763 -0.000433278 0.00917469 0.805877 
2.73333 0.00928554 -0.00041964 0.0088896 0.808599 
2.76667 0.00943233 -0.00052326 0.0112378 0.814334 
2.8 0.00947892 -0.000680966 0.0148013 0.822286 
2.83333 0.00951674 -0.000748581 0.0187849 0.831923 
2.86667 0.00960726 -0.000813147 0.0243552 0.84476 
2.9 0.00969253 -0.00095889 0.02882 0.858149 
2.93333 0.00976363 -0.000917208 0.0308206 0.870117 
2.96667 0.00981553 -0.000785681 0.0292864 0.878579 
3 0.00993684 -0.000657743 0.0267236 0.885316 
3.03333 0.0100262 -0.000515982 0.0234807 0.890396 
3.06667 0.0101005 -0.000454797 0.0197226 0.893787 
3.1 0.0102092 -0.000381409 0.0144931 0.894188 
3.13333 0.0102888 -0.000374595 0.0108415 0.894708 
3.16667 0.0102924 -0.000409445 0.00899178 0.896139 
3.2 0.0103597 -0.000501173 0.0102713 0.900646 
3.23333 0.0104239 -0.000592475 0.0120235 0.906138 
3.26667 0.0105097 -0.00071707 0.0161247 0.914987 
3.3 0.0106086 -0.000804337 0.0189328 0.923677 
3.33333 0.0106274 -0.000823999 0.0219621 0.933564 
3.36667 0.0107582 -0.00101397 0.0258431 0.945466 
3.4 0.0108545 -0.00103334 0.0289074 0.957698 
3.43333 0.0108633 -0.00091435 0.0286929 0.96708 
3.46667 0.0107772 -0.000844744 0.028644 0.976587 
3.5 0.0108117 -0.000743134 0.02587 0.98286 
3.53333 0.0108175 -0.000673825 0.0206573 0.98533 
3.56667 0.0108176 -0.000546538 0.0167107 0.987557 
3.6 0.0109652 -0.000465342 0.0114334 0.986898 
3.63333 0.0111135 -0.000501532 0.00989259 0.98889 
3.66667 0.0111708 -0.000632939 0.00929984 0.991488 
3.7 0.0112246 -0.000754216 0.0122849 0.998112 
3.73333 0.0111984 -0.000824465 0.0152762 1.00574 
3.76667 0.0112277 -0.000958075 0.019681 1.01603 
3.8 0.0112879 -0.00102913 0.0240183 1.02771 
3.83333 0.0113571 -0.00116728 0.0297841 1.04252 
3.86667 0.0114316 -0.00112611 0.031653 1.05466 
3.9 0.0114569 -0.00101956 0.0311913 1.06466 
3.93333 0.0114968 -0.000938477 0.0303662 1.07409 
3.96667 0.011552 -0.000791742 0.0278651 1.08126 
4 0.011581 -0.000656 0.0240541 1.08604 
4.03333 0.0116615 -0.000503198 0.0181825 1.08713 
4.06667 0.0117754 -0.000492675 0.0147846 1.08918 
4.1 0.0119491 -0.000507242 0.0138683 1.09303 
4.13333 0.0120433 -0.000644082 0.0138912 1.09768 
4.16667 0.012241 -0.000873038 0.0171622 1.10617 
4.2 0.0123967 -0.00107691 0.0207014 1.11607 
4.23333 0.012466 -0.00125877 0.024456 1.1274 
4.26667 0.0125151 -0.00135939 0.0291245 1.14106 
4.3 0.0127358 -0.00147066 0.0321025 1.15429 
4.33333 0.0127818 -0.00146586 0.0341208 1.16737 
4.36667 0.0127388 -0.0013357 0.035847 1.18078 
4.4 0.0128687 -0.00118387 0.034895 1.19161 
4.43333 0.0128549 -0.00108889 0.0328124 1.20078 
4.46667 0.0129768 -0.00101705 0.0289971 1.20721 
