0.256 25 -20 
0.349 25 -20 
0.444 25 -20 
0.552 25 -20 
0.646 25 -20 
0.74 25 -20 
0.834 25 -20 
0.943 25 -20 
1.02 25 -20 
1.083 25 -20 
1.162 25 -20 
1.255 25 -20 
1.333 25 -20 
1.397 25 -20 
1.459 25 -20 
1.521 25 -20 
1.6 25 -20 
1.677 25 -20 
1.756 25 -20 
1.833 25 -20 
1.928 25 -20 
1.991 25 -20 
2.052 25 -20 
2.131 25 -20 
2.208 25 -20 
2.288 25 -20 
2.365 25 -20 
2.458 25 -20 
2.537 25 -20 
2.598 25 -20 
2.693 25 -20 
2.787 25 -20 
2.865 25 -20 
2.958 25 -20 
3.053 25 -20 
3.114 25 -20 
3.193 25 -20 
3.286 25 -20 
3.365 25 -20 
3.427 25 -20 
3.49 25 -20 
3.553 25 -20 
3.646 25 -20 
3.74 25 -20 
3.819 25 -20 
3.897 25 -20 
3.974 25 -20 
4.053 25 -20 
4.131 25 -20 
4.193 25 -20 
4.271 25 -20 
4.349 25 -20 
4.411 25 -20 
4.473 25 -20 
4.567 25 -20 
4.645 25 -20 
4.756 25 -20 
4.817 25 -20 
4.88 25 -20 
4.958 25 -20 
5.022 25 -20 
5.099 25 -20 
5.177 25 -20 
5.256 25 -20 
5.319 25 -20 
5.396 25 -20 
5.474 25 -20 
5.552 25 -20 
5.615 25 -20 
5.694 25 -20 
5.756 25 -20 
5.834 25 -20 
5.926 25 -20 
6.021 25 -20 
6.084 25 -20 
6.161 25 -20 
6.223 25 -20 
6.286 25 -20 
6.349 25 -20 
6.427 25 -20 
6.537 25 -20 
6.63 25 -20 
6.693 25 -20 
6.771 25 -20 
6.849 25 -20 
6.944 25 -20 
7.022 25 -20 
7.084 25 -20 
7.178 25 -20 
7.241 25 -20 
7.333 25 -20 
7.396 25 -20 
7.474 25 -20 
7.552 25 -20 
7.646 25 -20 
7.724 25 -20 
7.787 25 -20 
7.865 25 -20 
7.959 25 -20 
8.021 25 -20 
8.083 25 -20 
8.162 25 -20 
8.224 25 -20 
8.286 25 -20 
8.349 25 -20 
8.411 25 -20 
8.489 25 -20 
8.6 25 -20 
8.693 25 -20 
8.755 25 -20 
8.834 25 -20 
8.927 25 -20 
8.991 25 -20 
9.068 25 -20 
9.131 25 -20 
9.225 25 -20 
9.287 25 -20 
9.366 25 -20 
9.442 25 -20 
9.52 25 -20 
9.599 25 -20 
9.678 25 -20 
9.771 25 -20 
9.85 25 -20 
9.927 25 -20 
10.02 25 -20 
10.067 25 -20 
10.161 25 -20 
10.24 25 -20 
10.333 25 -20 
10.411 25 -20 
10.49 25 -20 
10.552 25 -20 
10.631 25 -20 
10.74 25 -20 
