0.7 0.00309759 0.000251753 -0.0107268 0.0627028 
0.733333 0.00334945 0.000305089 -0.00735961 0.0618427 
0.766667 0.00356364 0.000398598 -0.00339636 0.0637573 
0.8 0.00372869 0.000346601 -0.0027225 0.0632928 
0.833333 0.00394454 0.000383367 -0.000614257 0.0650679 
0.866667 0.00414353 0.000485019 0.000733241 0.0666348 
0.9 0.00417809 0.000551324 -0.00273104 0.0627901 
0.933333 0.00428262 0.00079457 -0.00487806 0.0593688 
0.966667 0.00432844 0.000867676 -0.0096629 0.0520945 
1 0.00439493 0.000894433 -0.014935 0.0426453 
1.03333 0.00439781 0.000912649 -0.0210344 0.0304599 
1.06667 0.0045302 0.00101947 -0.0204937 0.0240856 
1.1 0.00452 0.000988152 -0.0204982 0.0172489 
1.13333 0.00463195 0.000939721 -0.0176076 0.0138277 
1.16667 0.00480353 0.000742239 -0.0166847 0.00904774 
1.2 0.00491625 0.000670886 -0.0135167 0.00722597 
1.23333 0.00494084 0.000552602 -0.0107614 0.00597292 
1.26667 0.00516019 0.000608995 -0.0059568 0.00805748 
1.3 0.0051285 0.000519034 -0.00453807 0.00774664 
1.33333 0.0051439 0.00064979 -0.00496156 0.00573404 
1.36667 0.00526908 0.000746507 -0.00593962 0.00292564 
1.4 0.00519926 0.000935266 -0.00927294 -0.00298909 
1.43333 0.00527893 0.00104922 -0.0111695 -0.00831892 
1.46667 0.00526904 0.00106953 -0.0174775 -0.0194884 
1.5 0.00525843 0.0010069 -0.0246477 -0.0337783 
1.53333 0.00525322 0.00110899 -0.0269343 -0.0446935 
1.56667 0.00531308 0.0011386 -0.0274401 -0.0542686 
1.6 0.00531787 0.00110307 -0.0264982 -0.0623035 
1.63333 0.00541208 0.000996217 -0.0240178 -0.0682082 
1.66667 0.00545393 0.000771357 -0.022384 -0.0742855 
1.7 0.00551538 0.000704559 -0.0184328 -0.0770826 
1.73333 0.00555718 0.000621186 -0.0150702 -0.0792574 
1.76667 0.00572903 0.000690621 -0.0102797 -0.0786259 
1.8 0.00575334 0.000670201 -0.0104865 -0.0822965 
1.83333 0.0058785 0.000788865 -0.0104191 -0.0857124 
1.86667 0.00596754 0.000910021 -0.014903 -0.0944786 
1.9 0.00594181 0.00119021 -0.0155953 -0.100264 
1.93333 0.00595178 0.00128728 -0.0185206 -0.108915 
1.96667 0.00603574 0.00142222 -0.0243359 -0.121953 
2 0.00602547 0.00156632 -0.0253229 -0.13123 
2.03333 0.00614183 0.00148992 -0.0280413 -0.14288 
2.06667 0.00623944 0.00148011 -0.0244814 -0.148025 
2.1 0.00629124 0.00146215 -0.0205547 -0.15155 
2.13333 0.00648687 0.00120075 -0.0196373 -0.157319 
2.16667 0.0065866 0.00107379 -0.0192373 -0.163392 
2.2 0.00677587 0.00104124 -0.0154417 -0.165324 
2.23333 0.00681848 0.00112298 -0.0111003 -0.165347 
2.26667 0.00695492 0.00113198 -0.00939095 -0.167029 
2.3 0.0070036 0.00118503 -0.0107622 -0.171778 
2.33333 0.00704707 0.00134093 -0.0129608 -0.177961 
2.36667 0.00713416 0.00156844 -0.0137257 -0.183184 
2.4 0.0072096 0.00172162 -0.0165031 -0.191038 
2.43333 0.00716542 0.00185475 -0.0209496 -0.201788 
2.46667 0.00721986 0.00192424 -0.0243994 -0.212843 
2.5 0.00719054 0.00190706 -0.0282538 -0.225526 
2.53333 0.00719512 0.00181951 -0.0296294 -0.236568 
2.56667 0.00736841 0.0017146 -0.0281772 -0.24473 
2.6 0.00747563 0.00149261 -0.0252895 -0.250714 
2.63333 0.00772447 0.0013466 -0.0233134 -0.256811 
2.66667 0.00783332 0.00135058 -0.0212097 -0.262099 
2.7 0.00795593 0.00138112 -0.0165492 -0.263667 
2.73333 0.00809373 0.00135129 -0.0186904 -0.271711 
2.76667 0.00811974 0.00147349 -0.0177546 -0.276837 
2.8 0.00816202 0.00158976 -0.021958 -0.287717 
2.83333 0.00827083 0.00179918 -0.0242518 -0.297744 
2.86667 0.00829253 0.00207048 -0.0235852 -0.305041 
2.9 0.00820092 0.00217319 -0.0271347 -0.317093 
2.93333 0.00809419 0.00216039 -0.0322509 -0.332177 
2.96667 0.0083301 0.00199638 -0.0330581 -0.34388 
3 0.00852051 0.00188878 -0.0325352 -0.354282 
3.03333 0.008606 0.00178239 -0.0304375 -0.362651 
3.06667 0.00862885 0.00173307 -0.0273062 -0.369101 
3.1 0.0086647 0.00159551 -0.0235866 -0.373812 
3.13333 0.00883854 0.00152722 -0.0218966 -0.379679 
3.16667 0.00887808 0.00150048 -0.0189214 -0.383466 
3.2 0.00890209 0.00156738 -0.016879 -0.387362 
3.23333 0.00899191 0.00171306 -0.0148375 -0.390579 
3.26667 0.0090123 0.00185519 -0.0175183 -0.398689 
3.3 0.00892725 0.00195427 -0.0231194 -0.41114 
3.33333 0.00892258 0.00208126 -0.030611 -0.42769 
3.36667 0.00870779 0.00219524 -0.0329811 -0.440692 
3.4 0.00874915 0.00219526 -0.0339634 -0.452845 
3.43333 0.00886809 0.00204115 -0.0372731 -0.468073 
3.46667 0.00865301 0.0018842 -0.0346209 -0.477367 
3.5 0.00881935 0.00184475 -0.0326746 -0.486609 
3.53333 0.00895742 0.00174825 -0.0293577 -0.493586 
3.56667 0.00909248 0.00164523 -0.0270836 -0.500687 
3.6 0.00912909 0.00155637 -0.0255619 -0.507919 
3.63333 0.00937172 0.00168206 -0.0232033 -0.513655 
3.66667 0.00950199 0.00189 -0.0184218 -0.515745 
3.7 0.00940707 0.00203608 -0.0218305 -0.525909 
3.73333 0.00941605 0.00210428 -0.0290112 -0.541663 
3.76667 0.00941424 0.00226569 -0.0330911 -0.556149 
3.8 0.00969709 0.00230979 -0.0363508 -0.571028 
3.83333 0.00971541 0.00232907 -0.0416619 -0.589414 
3.86667 0.00965766 0.00238082 -0.0408379 -0.602329 
3.9 0.00977939 0.00235619 -0.0419553 -0.617261 
3.93333 0.00992374 0.0022537 -0.0406295 -0.629681 
3.96667 0.0101868 0.00213754 -0.0386638 -0.640903 
4 0.0103039 0.0021066 -0.0345385 -0.648921 
4.03333 0.0103696 0.00217125 -0.0304671 -0.655628 
4.06667 0.0103904 0.00226319 -0.0258444 -0.660327 
4.1 0.010492 0.0023148 -0.0267118 -0.669966 
4.13333 0.0104402 0.00252989 -0.0253134 -0.677219 
4.16667 0.0102536 0.00264032 -0.0252236 -0.685551 
4.2 0.0104616 0.00275447 -0.0318485 -0.701779 
4.23333 0.0103706 0.00284736 -0.0360968 -0.71741 
4.26667 0.0101982 0.00286384 -0.0387555 -0.732581 
4.3 0.0100649 0.00282572 -0.0408803 -0.748008 
4.33333 0.0101712 0.00277548 -0.0412965 -0.762126 
4.36667 0.0101389 0.00254492 -0.0403692 -0.774797 
4.4 0.0101807 0.00234912 -0.0407506 -0.788703 
4.43333 0.010225 0.00233524 -0.0364828 -0.797249 
4.46667 0.010259 0.00238454 -0.0289621 -0.800532 
4.5 0.0102809 0.00239675 -0.0267672 -0.807595 
4.53333 0.0101702 0.00240105 -0.0259447 -0.815546 
4.56667 0.0102213 0.00254765 -0.0233841 -0.821172 
4.6 0.0102922 0.00263324 -0.0276339 -0.833983 
4.63333 0.0104724 0.00274601 -0.0319794 -0.848324 
4.66667 0.0105235 0.00291857 -0.0358674 -0.863574 
4.7 0.010253 0.00294886 -0.0409252 -0.8815 
4.73333 0.0101584 0.00298574 -0.0416215 -0.895964 
4.76667 0.0101732 0.00287557 -0.0428641 -0.911304 
4.8 0.0102132 0.00280374 -0.0412731 -0.923714 
4.83333 0.0103695 0.00261447 -0.0397846 -0.935715 
4.86667 0.01042 0.0024046 -0.0407004 -0.950057 
4.9 0.0105963 0.0023907 -0.0377944 -0.960194 
4.93333 0.0106562 0.00242597 -0.0331804 -0.967345 
4.96667 0.0107131 0.00249481 -0.0312258 -0.976098 
5 0.0108617 0.00254399 -0.0317152 -0.987084 
5.03333 0.0109781 0.00268917 -0.0326607 -0.998772 
5.06667 0.0108884 0.00280841 -0.034801 -1.01219 
5.1 0.010939 0.00303365 -0.0388526 -1.02857 
5.13333 0.0109936 0.00311754 -0.0425671 -1.0459 
5.16667 0.0110469 0.00307171 -0.0460146 -1.06416 
5.2 0.0110263 0.0030139 -0.048839 -1.08284 
5.23333 0.0112116 0.00302406 -0.045732 -1.09545 
5.26667 0.0114091 0.00289405 -0.0455802 -1.11051 
5.3 0.011349 0.00278269 -0.0452494 -1.12532 
5.33333 0.0112848 0.00282955 -0.038773 -1.13275 
5.36667 0.0110771 0.00283269 -0.0316933 -1.13732 
5.4 0.0110724 0.00278478 -0.0293539 -1.14512 
5.43333 0.0111568 0.00291365 -0.0292263 -1.15476 
5.46667 0.0112516 0.00304507 -0.0296708 -1.16502 
5.5 0.0112294 0.00308185 -0.0326292 -1.17841 
5.53333 0.0112584 0.00310177 -0.0373551 -1.19486 
5.56667 0.0112239 0.00325136 -0.0415003 -1.21221 
5.6 0.0112746 0.00321755 -0.0426557 -1.2274 
5.63333 0.0112078 0.00310713 -0.0432323 -1.2423 
5.66667 0.0111837 0.00304358 -0.0434624 -1.25699 
5.7 0.0112047 0.00296239 -0.0407567 -1.26828 
5.73333 0.0112713 0.00292515 -0.0359862 -1.27623 
5.76667 0.0113059 0.00279539 -0.0349077 -1.28696 
5.8 0.0115061 0.00290183 -0.0302448 -1.29309 
5.83333 0.0115652 0.00291467 -0.0282225 -1.30078 
5.86667 0.0114655 0.00304548 -0.0283235 -1.31031 
5.9 0.0113597 0.0031357 -0.0284027 -1.31984 
5.93333 0.0113088 0.00322452 -0.029547 -1.33066 
5.96667 0.0111089 0.00312422 -0.0372287 -1.34958 
6 0.0110343 0.00314671 -0.0424227 -1.36812 
6.03333 0.0110608 0.00314035 -0.0446376 -1.38487 
6.06667 0.0110676 0.00308818 -0.0472046 -1.40278 
6.1 0.0110957 0.00298162 -0.0505851 -1.42251 
6.13333 0.010964 0.00290932 -0.0491999 -1.43774 
6.16667 0.0110783 0.00273785 -0.0443461 -1.44841 
