0.7 0.00326304 0.000807092 -0.0184022 -0.386713 
0.733333 0.00350863 0.000928647 -0.01682 -0.394587 
0.766667 0.0037622 0.0010518 -0.013512 -0.395899 
0.8 0.00393072 0.00104887 -0.0119916 -0.398817 
0.833333 0.00405463 0.00121423 -0.0111158 -0.401258 
0.866667 0.00418601 0.00129012 -0.0124219 -0.406389 
0.9 0.00429793 0.00136241 -0.0157811 -0.414422 
0.933333 0.00425312 0.00134489 -0.0210802 -0.425951 
0.966667 0.00424038 0.00146579 -0.024784 -0.437335 
1 0.00415985 0.00141588 -0.0323154 -0.454508 
1.03333 0.00420544 0.00143732 -0.0350682 -0.468532 
1.06667 0.00423688 0.00140125 -0.0374416 -0.483028 
1.1 0.00432344 0.00140153 -0.0362977 -0.49416 
1.13333 0.0044646 0.00139264 -0.0312905 -0.500348 
1.16667 0.00458274 0.00150421 -0.025782 -0.504276 
1.2 0.00471701 0.00159796 -0.0220818 -0.508502 
1.23333 0.00484737 0.00163726 -0.0175618 -0.510527 
1.26667 0.00498334 0.00167214 -0.0147768 -0.513093 
1.3 0.00504226 0.00166202 -0.0126243 -0.515478 
1.33333 0.00516936 0.00176875 -0.0144162 -0.521801 
1.36667 0.00508298 0.00189466 -0.0179869 -0.530821 
1.4 0.00506211 0.00193329 -0.0210118 -0.540388 
1.43333 0.00497436 0.00196277 -0.0254276 -0.552604 
1.46667 0.00491144 0.00189959 -0.0308909 -0.567529 
1.5 0.00489209 0.00187918 -0.0356366 -0.583429 
1.53333 0.00490282 0.00187604 -0.0377298 -0.597778 
1.56667 0.00492725 0.00178046 -0.0355701 -0.607806 
1.6 0.00491922 0.00171635 -0.0332957 -0.616977 
1.63333 0.00501072 0.00168739 -0.0286349 -0.622574 
1.66667 0.00507456 0.00168911 -0.023703 -0.626297 
1.7 0.00519387 0.00171427 -0.0182767 -0.627793 
1.73333 0.00531532 0.00179574 -0.0116295 -0.626038 
1.76667 0.00530602 0.00196654 -0.00849749 -0.626217 
1.8 0.00522611 0.00211138 -0.00548731 -0.625496 
1.83333 0.00520345 0.00215013 -0.00516907 -0.62695 
1.86667 0.00521477 0.00217896 -0.00866136 -0.632795 
1.9 0.0051748 0.00206861 -0.013443 -0.641327 
1.93333 0.0051302 0.00208498 -0.0163437 -0.649232 
1.96667 0.00506179 0.00197403 -0.0190513 -0.657876 
2 0.00502096 0.00191413 -0.0200758 -0.665436 
2.03333 0.00505577 0.00186601 -0.0190524 -0.67092 
2.06667 0.00507979 0.00180961 -0.0151896 -0.672711 
2.1 0.00512478 0.00188592 -0.00728202 -0.66844 
2.13333 0.00512347 0.00190208 -0.00180585 -0.664402 
2.16667 0.00521968 0.00195444 0.00300404 -0.659327 
2.2 0.00547109 0.00210328 0.00843672 -0.651912 
2.23333 0.00560886 0.00219528 0.0114896 -0.645496 
2.26667 0.00572024 0.0023455 0.01042 -0.642929 
2.3 0.00579684 0.00243652 0.00806923 -0.64223 
2.33333 0.00588503 0.00257996 0.00432368 -0.643962 
2.36667 0.00585249 0.00268441 5.95335e-005 -0.647555 
2.4 0.00587558 0.00265849 -0.00462931 -0.65307 
2.43333 0.00590976 0.00252607 -0.00697803 -0.657385 
2.46667 0.00595029 0.00237881 -0.0106727 -0.664073 
2.5 0.00603779 0.00226509 -0.0107011 -0.667664 
2.53333 0.00617363 0.00210012 -0.0110429 -0.671634 
2.56667 0.0062997 0.00221656 -0.0107595 -0.674981 
2.6 0.00640172 0.00226087 -0.00673523 -0.673817 
2.63333 0.0065252 0.00239128 -0.00410967 -0.672963 
2.66667 0.0066762 0.00254227 -0.00296208 -0.672978 
2.7 0.00672209 0.00277437 -0.00222904 -0.6731 
2.73333 0.00677028 0.00292239 -0.00231058 -0.673939 
2.76667 0.00680425 0.00310256 -0.0058989 -0.678945 
2.8 0.00684196 0.00323531 -0.0104337 -0.686265 
2.83333 0.00691941 0.00306413 -0.0182004 -0.698911 
2.86667 0.006985 0.0030436 -0.023955 -0.711771 
2.9 0.00703581 0.00294596 -0.0259631 -0.722126 
2.93333 0.00701597 0.00278432 -0.0263731 -0.731265 
2.96667 0.00706058 0.00271225 -0.024937 -0.73836 
3 0.0071605 0.0025843 -0.0210481 -0.742082 
3.03333 0.00723257 0.00254321 -0.0163364 -0.743536 
3.06667 0.00729654 0.00245688 -0.0120375 -0.743907 
3.1 0.00741384 0.00254816 -0.00956836 -0.745005 
3.13333 0.00750489 0.00269844 -0.00906984 -0.747606 
3.16667 0.00753741 0.00290023 -0.0123398 -0.754489 
3.2 0.00761052 0.00311137 -0.0153498 -0.762155 
3.23333 0.00754371 0.00320996 -0.0189103 -0.771475 
3.26667 0.0075296 0.0033212 -0.0249791 -0.784942 
3.3 0.00748224 0.00318907 -0.0287524 -0.797723 
3.33333 0.00748179 0.00312491 -0.0324478 -0.811669 
3.36667 0.007537 0.00300654 -0.0334748 -0.823698 
3.4 0.0075704 0.00278437 -0.0315434 -0.832576 
3.43333 0.0077845 0.00263001 -0.0282106 -0.839156 
3.46667 0.00784982 0.00250845 -0.0252288 -0.84504 
3.5 0.00794382 0.00239876 -0.0212484 -0.848751 
3.53333 0.00802495 0.00235917 -0.0178493 -0.851821 
3.56667 0.00806339 0.00247025 -0.0161937 -0.855816 
3.6 0.00813577 0.00262095 -0.0150037 -0.85981 
3.63333 0.00813983 0.00278797 -0.0163804 -0.866436 
3.66667 0.00808483 0.00294875 -0.0208381 -0.877158 
3.7 0.00809177 0.0031137 -0.0260566 -0.890265 
3.73333 0.00802315 0.00317768 -0.0316508 -0.905554 
3.76667 0.0080221 0.00319158 -0.0364995 -0.921828 
3.8 0.00809724 0.00320443 -0.0380364 -0.935809 
3.83333 0.00817018 0.00297081 -0.0371073 -0.94739 
3.86667 0.0081994 0.00284243 -0.0348691 -0.957117 
3.9 0.00828569 0.0026825 -0.0317446 -0.965052 
3.93333 0.00843918 0.00251761 -0.0265067 -0.969451 
3.96667 0.0086073 0.00251676 -0.0244366 -0.975842 
4 0.00872103 0.00252791 -0.0205406 -0.979389 
4.03333 0.00875368 0.00266352 -0.019583 -0.985105 
4.06667 0.00880129 0.00283384 -0.0216047 -0.99402 
4.1 0.00881432 0.00299792 -0.0243661 -1.00448 
4.13333 0.00885662 0.00312801 -0.0280493 -1.01695 
4.16667 0.00880704 0.00319596 -0.032776 -1.03188 
4.2 0.00879153 0.00329253 -0.0378301 -1.04877 
4.23333 0.00876872 0.00332437 -0.0399261 -1.06386 
4.26667 0.00879626 0.00323335 -0.040883 -1.07829 
4.3 0.00889088 0.00312123 -0.0388408 -1.08951 
4.33333 0.00892671 0.00288326 -0.0358067 -1.09888 
4.36667 0.00896749 0.0027339 -0.0330164 -1.10752 
4.4 0.00899437 0.00259399 -0.0297928 -1.11472 
4.43333 0.00902173 0.00237681 -0.0251307 -1.11915 
4.46667 0.00907529 0.0023923 -0.0216787 -1.12345 
4.5 0.00907998 0.00259093 -0.020722 -1.12954 
4.53333 0.00906347 0.00265112 -0.0211235 -1.13693 
4.56667 0.00905605 0.00278789 -0.0237499 -1.14707 
4.6 0.00905136 0.00283281 -0.0278128 -1.15978 
4.63333 0.00894324 0.00297768 -0.0315799 -1.1735 
4.66667 0.00881835 0.00305801 -0.0367318 -1.19011 
4.7 0.00878473 0.00302361 -0.039534 -1.20566 
4.73333 0.00884346 0.00289331 -0.0393457 -1.21861 
4.76667 0.00885956 0.00278098 -0.0371676 -1.22916 
4.8 0.00888561 0.00257606 -0.0337459 -1.23751 
4.83333 0.00890228 0.00242722 -0.0311652 -1.24571 
4.86667 0.00886572 0.00237095 -0.0268358 -1.25099 
4.9 0.00889198 0.00225577 -0.0225391 -1.25486 
4.93333 0.0089603 0.00219757 -0.0186293 -1.25776 
4.96667 0.008995 0.00223407 -0.0175548 -1.2627 
5 0.00906518 0.00230069 -0.017315 -1.26827 
5.03333 0.00902561 0.00236577 -0.0200472 -1.27727 
5.06667 0.00897869 0.00254733 -0.0241585 -1.2888 
5.1 0.00895904 0.00262012 -0.0276264 -1.30095 
5.13333 0.00892083 0.00268181 -0.0311032 -1.31426 
5.16667 0.00884498 0.00283908 -0.0369301 -1.33151 
5.2 0.00887298 0.00276012 -0.0397332 -1.34713 
5.23333 0.0088793 0.00258181 -0.0393739 -1.35995 
5.26667 0.00885181 0.00253002 -0.0389135 -1.37253 
5.3 0.00878442 0.00245672 -0.037999 -1.38442 
5.33333 0.00890472 0.00238115 -0.034179 -1.39258 
5.36667 0.00900583 0.0022388 -0.0293332 -1.39825 
5.4 0.00909313 0.00216306 -0.0241184 -1.40187 
5.43333 0.00921406 0.00216737 -0.0212482 -1.40652 
5.46667 0.00918137 0.00228063 -0.0221632 -1.41468 
5.5 0.00926495 0.00233888 -0.0241367 -1.4244 
5.53333 0.00920858 0.00257854 -0.0281933 -1.43724 
5.56667 0.00924251 0.00270272 -0.0300479 -1.44882 
5.6 0.00930217 0.0027407 -0.0360132 -1.46588 
5.63333 0.00933162 0.00281179 -0.0410414 -1.48382 
5.66667 0.00933598 0.00290709 -0.0443345 -1.50139 
5.7 0.00923765 0.00282896 -0.0477916 -1.52025 
5.73333 0.00931244 0.0028024 -0.0474184 -1.53574 
5.76667 0.0094759 0.00266033 -0.0442254 -1.54777 
5.8 0.00952998 0.00256764 -0.0425435 -1.56053 
5.83333 0.0095976 0.00252356 -0.0397913 -1.57146 
5.86667 0.00970057 0.00249631 -0.0355211 -1.57969 
5.9 0.00991985 0.00247776 -0.0284444 -1.58317 
5.93333 0.00981445 0.00254459 -0.0276307 -1.59169 
5.96667 0.00985393 0.0026881 -0.0286826 -1.60215 
6 0.0098235 0.00282756 -0.0310924 -1.61455 
6.03333 0.00986315 0.00289405 -0.0343516 -1.62876 
6.06667 0.00981072 0.00299314 -0.0386356 -1.64527 
6.1 0.00983094 0.00310806 -0.0428156 -1.66308 
6.13333 0.00979603 0.0031409 -0.0475348 -1.68293 
6.16667 0.00971035 0.0031192 -0.0498608 -1.70152 
6.2 0.00961273 0.00313415 -0.0463656 -1.71401 
6.23333 0.0097666 0.00300884 -0.0461151 -1.72917 
6.26667 0.00981555 0.00278319 -0.0429212 -1.74077 
6.3 0.0098443 0.00270524 -0.0409252 -1.75272 
6.33333 0.00994422 0.00263256 -0.0357371 -1.76024 
