0.3 20 40 
0.41 20 40 
0.503 20 40 
0.597 20 40 
0.721 20 40 
0.799 20 40 
0.909 20 40 
1.003 20 40 
1.097 20 40 
1.206 20 40 
1.315 20 40 
1.394 20 40 
1.455 20 40 
1.519 20 40 
1.581 20 40 
1.643 20 40 
1.737 20 40 
1.816 20 40 
1.894 20 40 
1.988 20 40 
2.05 20 40 
2.129 20 40 
2.19 20 40 
2.268 20 40 
2.348 20 40 
2.409 20 40 
2.486 20 40 
2.549 20 40 
2.628 20 40 
2.721 20 40 
2.784 20 40 
2.861 20 40 
2.941 20 40 
3.019 20 40 
3.097 20 40 
3.19 20 40 
3.299 20 40 
3.393 20 40 
3.488 20 40 
3.581 20 40 
3.66 20 40 
3.768 20 40 
3.863 20 40 
3.956 20 40 
4.051 20 40 
4.128 20 40 
4.189 20 40 
4.252 20 40 
4.315 20 40 
4.378 20 40 
4.455 20 40 
4.534 20 40 
4.628 20 40 
4.69 20 40 
4.768 20 40 
4.847 20 40 
4.924 20 40 
4.988 20 40 
5.049 20 40 
5.128 20 40 
5.207 20 40 
5.3 20 40 
5.41 20 40 
5.487 20 40 
5.55 20 40 
5.613 20 40 
5.723 20 40 
5.784 20 40 
5.847 20 40 
5.924 20 40 
6.002 20 40 
6.096 20 40 
6.158 20 40 
6.221 20 40 
6.299 20 40 
6.378 20 40 
6.44 20 40 
6.55 20 40 
6.627 20 40 
6.722 20 40 
6.784 20 40 
6.847 20 40 
6.924 20 40 
6.988 20 40 
7.049 20 40 
7.112 20 40 
7.174 20 40 
7.254 20 40 
7.332 20 40 
7.394 20 40 
7.456 20 40 
7.519 20 40 
7.598 20 40 
7.689 20 40 
7.752 20 40 
7.814 20 40 
7.894 20 40 
8.002 20 40 
8.128 20 40 
8.191 20 40 
8.253 20 40 
8.316 20 40 
8.394 20 40 
8.502 20 40 
8.597 20 40 
8.691 20 40 
8.753 20 40 
8.832 20 40 
8.91 20 40 
9.004 20 40 
9.113 20 40 
9.176 20 40 
9.254 20 40 
9.332 20 40 
9.393 20 40 
9.472 20 40 
9.581 20 40 
9.659 20 40 
9.722 20 40 
9.8 20 40 
9.877 20 40 
9.955 20 40 
10.018 20 40 
10.097 20 40 
10.174 20 40 
10.237 20 40 
10.332 20 40 
10.424 20 40 
10.488 20 40 
10.55 20 40 
10.629 20 40 
10.722 20 40 
10.784 20 40 
10.863 20 40 
10.925 20 40 
11.019 20 40 
11.082 20 40 
11.142 20 40 
11.206 20 40 
11.3 20 40 
11.393 20 40 
11.455 20 40 
11.519 20 40 
11.581 20 40 
11.675 20 40 
11.752 20 40 
11.83 20 40 
11.924 20 40 
11.987 20 40 
12.096 20 40 
12.16 20 40 
12.221 20 40 
12.284 20 40 
12.347 20 40 
12.424 20 40 
12.487 20 40 
12.566 20 40 
12.659 20 40 
12.723 20 40 
12.784 20 40 
12.848 20 40 
12.924 20 40 
12.986 20 40 
13.064 20 40 
13.144 20 40 
13.221 20 40 
13.3 20 40 
13.393 20 40 
13.455 20 40 
13.534 20 40 
13.613 20 40 
13.691 20 40 
13.753 20 40 
13.816 20 40 
13.877 20 40 
13.956 20 40 
14.05 20 40 
14.128 20 40 
14.19 20 40 
14.254 20 40 
14.331 20 40 
14.393 20 40 
14.488 20 40 
14.565 20 40 
14.628 20 40 
14.721 20 40 
14.784 20 40 
