0.066667 0.037672 -0.032396 0.351672 -0.564580 0.553366 0.664107 
0.100000 0.042328 -0.026079 0.604007 -0.549913 0.554251 0.662197 
0.133333 0.047043 -0.009259 0.895129 -0.523868 0.555232 0.660099 
0.166667 0.047192 0.009735 0.821860 -0.495027 0.557006 0.659951 
0.200000 0.047827 0.022755 0.462292 -0.470343 0.557852 0.660375 
0.233333 0.043901 0.027937 -0.093957 -0.458212 0.560082 0.659175 
0.266667 0.035508 0.025052 -0.626741 -0.472253 0.562830 0.660297 
0.300000 0.034665 0.017410 -0.930116 -0.512730 0.562241 0.660642 
0.333333 0.040042 0.010230 -1.026066 -0.535465 0.564023 0.659977 
0.366667 0.037019 0.001781 -1.042157 -0.577234 0.566309 0.658897 
0.400000 0.028610 -0.013800 -0.910183 -0.591078 0.566601 0.659505 
0.433333 0.028027 -0.024921 -0.470261 -0.651388 0.566647 0.657412 
0.466667 0.032639 -0.025080 0.129847 -0.643171 0.566587 0.656380 
0.500000 0.039801 -0.015358 0.561959 -0.610975 0.568245 0.654827 
0.533333 0.051573 -0.000239 0.751935 -0.610938 0.567841 0.654081 
0.566667 0.061134 0.009828 0.779622 -0.573363 0.570091 0.653157 
0.600000 0.058329 0.012498 0.630820 -0.547468 0.573019 0.652103 
0.633333 0.046635 0.010702 0.291628 -0.536209 0.573990 0.651728 
0.666667 0.036016 0.011305 -0.149657 -0.522761 0.574987 0.651822 
0.700000 0.028495 0.019676 -0.546353 -0.547457 0.577035 0.650562 
0.733333 0.028279 0.027079 -0.801885 -0.563891 0.577405 0.651264 
0.766667 0.036500 0.023929 -0.939909 -0.602461 0.578569 0.652417 
0.800000 0.044461 0.010571 -1.016187 -0.620537 0.581386 0.651267 
0.833333 0.043005 0.000681 -1.006549 -0.671777 0.581350 0.650460 
0.866667 0.036327 -0.004391 -0.826295 -0.686491 0.583164 0.649564 
0.900000 0.034798 -0.007256 -0.471014 -0.729051 0.583559 0.648570 
0.933333 0.044430 -0.013492 -0.118850 -0.733973 0.584201 0.648151 
0.966667 0.057578 -0.020235 0.093202 -0.705385 0.584865 0.646264 
1.000000 0.062446 -0.015458 0.290755 -0.739693 0.586694 0.644208 
1.033330 0.056371 -0.004869 0.584353 -0.698339 0.587521 0.642132 
1.066670 0.052762 0.011763 0.788532 -0.693753 0.588727 0.641714 
1.100000 0.057779 0.021792 0.591850 -0.654625 0.590866 0.641089 
1.133330 0.068472 0.026491 -0.062938 -0.630169 0.593122 0.640373 
1.166670 0.077983 0.029665 -0.780592 -0.657684 0.594818 0.639302 
1.200000 0.076874 0.027795 -1.087295 -0.695348 0.598467 0.639910 
1.233330 0.060408 0.024429 -1.021076 -0.753212 0.601214 0.636490 
1.266670 0.043880 0.018243 -0.955416 -0.742783 0.601761 0.637727 
1.300000 0.040599 0.012081 -0.888064 -0.788978 0.603560 0.636696 
1.333330 0.055702 -0.000235 -0.539675 -0.841345 0.605105 0.635475 
1.366670 0.080431 -0.016080 -0.022306 -0.827370 0.605647 0.635168 
1.400000 0.096138 -0.019259 0.302401 -0.822110 0.607498 0.630583 
1.433330 0.091987 -0.007021 0.386704 -0.805267 0.609900 0.628114 
1.466670 0.077663 0.013311 0.396992 -0.804288 0.610962 0.626388 
1.500000 0.063866 0.024797 0.326253 -0.788128 0.613830 0.625551 
1.533330 0.051372 0.023459 0.078213 -0.767780 0.615640 0.624291 
1.566670 0.043016 0.019882 -0.246337 -0.777802 0.618100 0.624487 
1.600000 0.044318 0.022602 -0.487730 -0.801094 0.617202 0.623135 
1.633330 0.051504 0.025379 -0.698132 -0.809100 0.621077 0.622992 
1.666670 0.057188 0.022047 -0.970426 -0.836761 0.622366 0.622564 
1.700000 0.059616 0.015468 -1.184167 -0.871370 0.623404 0.620882 
1.733330 0.059968 0.010170 -1.137441 -0.926882 0.626265 0.619744 
1.766670 0.063880 0.001460 -0.762411 -0.941290 0.626537 0.618331 
1.800000 0.070916 -0.004735 -0.193034 -0.985777 0.628131 0.616896 
1.833330 0.072899 -0.011258 0.264266 -0.962245 0.629370 0.613952 
1.866670 0.070928 -0.009256 0.414471 -0.940371 0.630837 0.611715 
1.900000 0.073928 0.000881 0.391668 -0.944004 0.630380 0.610423 
1.933330 0.080179 0.008316 0.377483 -0.924493 0.634205 0.607998 
1.966670 0.082796 0.015561 0.340108 -0.913621 0.634928 0.606230 
2.000000 0.082984 0.026918 0.158177 -0.902940 0.637459 0.604115 
2.033330 0.083931 0.037680 -0.225438 -0.901363 0.639740 0.602724 
2.066670 0.081130 0.039401 -0.722563 -0.913669 0.642983 0.602175 
2.100000 0.069364 0.036255 -1.081312 -0.943086 0.645989 0.599950 
2.133330 0.055927 0.034464 -1.150896 -1.003660 0.646956 0.598367 
2.166670 0.056085 0.023818 -1.111248 -1.029260 0.649373 0.599163 
2.200000 0.065769 0.003946 -1.039674 -1.040650 0.651129 0.597056 
2.233330 0.073615 -0.007067 -0.603984 -1.099400 0.652169 0.594294 
2.266670 0.080543 -0.007078 0.168385 -1.145450 0.651493 0.591582 
2.300000 0.087281 -0.015175 0.602200 -1.049010 0.654611 0.591099 
2.333330 0.087286 -0.006647 0.453095 -1.062860 0.654530 0.585840 
2.366670 0.076981 0.013150 0.216698 -1.061640 0.655439 0.583934 
2.400000 0.071557 0.027422 0.203996 -1.047360 0.658035 0.582419 
2.433330 0.078568 0.025730 0.218258 -1.048730 0.660707 0.582265 
2.466670 0.087358 0.018379 0.035054 -1.029140 0.661190 0.578311 
2.500000 0.084633 0.019544 -0.254213 -1.025160 0.664347 0.576827 
2.533330 0.076511 0.028345 -0.485149 -1.075990 0.666399 0.574242 
2.566670 0.081497 0.031967 -0.776787 -1.061820 0.667949 0.573750 
2.600000 0.092914 0.034899 -1.156453 -1.087180 0.669469 0.571128 
2.633330 0.092267 0.032107 -1.226739 -1.154560 0.674716 0.568669 
2.666670 0.077990 0.020299 -0.792065 -1.200430 0.673911 0.566440 
2.700000 0.064546 0.005215 -0.239896 -1.192860 0.676859 0.563506 
2.733330 0.064639 -0.006053 0.046667 -1.201940 0.676608 0.563595 
2.766670 0.074759 -0.014585 0.106283 -1.191370 0.677434 0.559877 
2.800000 0.081335 -0.015094 0.134306 -1.200640 0.677673 0.557507 
2.833330 0.079520 -0.011251 0.209632 -1.184470 0.678756 0.554835 
2.866670 0.078067 -0.001479 0.332824 -1.179660 0.678895 0.551917 
2.900000 0.082088 0.009904 0.438362 -1.172100 0.680098 0.550392 
2.933330 0.083721 0.020855 0.345706 -1.155230 0.682352 0.548048 
2.966670 0.076387 0.031071 0.000224 -1.124760 0.683180 0.544121 
3.000000 0.068026 0.040251 -0.351911 -1.161630 0.686422 0.544450 
3.033330 0.074894 0.036728 -0.531878 -1.167680 0.688106 0.542439 
3.066670 0.088150 0.028849 -0.690206 -1.189230 0.689570 0.540352 
3.100000 0.090689 0.019804 -0.954028 -1.205420 0.692693 0.537811 
3.133330 0.079987 0.014505 -1.118069 -1.242680 0.693341 0.534196 
3.166670 0.074817 0.013455 -0.913446 -1.301960 0.694821 0.533179 
3.200000 0.090421 0.005868 -0.387324 -1.301270 0.695033 0.530335 
3.233330 0.113669 -0.002923 0.130700 -1.328400 0.697606 0.528329 
3.266670 0.119119 -0.012124 0.342791 -1.292750 0.696957 0.522241 
3.300000 0.101888 -0.004479 0.275561 -1.280280 0.697818 0.519058 
3.333330 0.082544 0.010169 0.195086 -1.296570 0.699191 0.516667 
3.366670 0.086848 0.017427 0.181780 -1.271720 0.700587 0.513258 
3.400000 0.113897 0.029658 0.056055 -1.279050 0.701292 0.513595 
3.433330 0.133223 0.044670 -0.259485 -1.261790 0.704181 0.506408 
3.466670 0.121532 0.056669 -0.595029 -1.289270 0.707104 0.502822 
3.500000 0.098306 0.044332 -0.816280 -1.324980 0.710710 0.501847 
3.533330 0.087242 0.015676 -0.998559 -1.330450 0.712311 0.497735 
3.566670 0.089644 0.002945 -1.165768 -1.387400 0.711852 0.495285 
3.600000 0.101435 0.000113 -1.089714 -1.404060 0.712903 0.492575 
3.633330 0.110698 0.001128 -0.587386 -1.469520 0.713983 0.488975 
3.666670 0.105698 -0.008489 0.083941 -1.469500 0.714046 0.484843 
3.700000 0.091350 -0.012264 0.469801 -1.426820 0.714109 0.480713 
3.733330 0.086838 0.004009 0.474411 -1.441710 0.713093 0.480094 
3.766670 0.098348 0.017284 0.312048 -1.403330 0.715223 0.474832 
3.800000 0.117119 0.028278 0.124615 -1.415520 0.716470 0.473661 
3.833330 0.130460 0.033909 -0.116823 -1.408440 0.717536 0.468173 
3.866670 0.123234 0.037309 -0.429311 -1.407020 0.719521 0.464614 
3.900000 0.096341 0.035527 -0.660820 -1.432380 0.722615 0.460213 
3.933330 0.074929 0.027580 -0.748722 -1.478680 0.722331 0.457801 
3.966670 0.076905 0.013975 -0.912386 -1.472640 0.724243 0.457660 
4.000000 0.084957 0.008615 -1.186590 -1.514260 0.724777 0.452518 
4.033330 0.081829 0.015237 -1.156780 -1.559970 0.724631 0.450352 
4.066670 0.072581 0.029787 -0.601513 -1.612570 0.725357 0.447893 
4.100000 0.076973 0.028890 -0.007220 -1.621640 0.725906 0.445327 
4.133330 0.102838 -0.002468 0.071506 -1.560170 0.728841 0.442639 
4.166670 0.131982 -0.022592 -0.149461 -1.621660 0.725982 0.440183 
4.200000 0.132572 -0.023076 -0.044782 -1.576420 0.726182 0.432728 
4.233330 0.106845 0.022483 0.417924 -1.662810 0.722306 0.429246 
4.266670 0.093162 0.040354 0.642192 -1.533620 0.728216 0.427364 
4.300000 0.098280 0.055160 0.369921 -1.571240 0.727586 0.423742 
4.333330 0.110059 0.058624 -0.072251 -1.554140 0.729433 0.420877 
4.366670 0.100915 0.058079 -0.479457 -1.570160 0.731386 0.415934 
4.400000 0.080929 0.035109 -0.892916 -1.577970 0.734566 0.412565 
4.433330 0.076730 0.005614 -1.230818 -1.624380 0.734574 0.412052 
4.466670 0.093738 -0.005770 -1.380580 -1.678550 0.733016 0.408359 
4.500000 0.105114 -0.001771 -1.343883 -1.704330 0.733136 0.405363 
4.533330 0.097535 0.004929 -1.065965 -1.760800 0.732980 0.400377 
4.566670 0.088193 0.004978 -0.499952 -1.793640 0.732147 0.398747 
4.600000 0.098423 0.008379 0.139775 -1.795610 0.731833 0.395508 
4.633330 0.122268 0.015906 0.526780 -1.771830 0.731261 0.392776 
4.666670 0.127543 0.020558 0.553712 -1.762220 0.730765 0.388119 
4.700000 0.103350 0.014598 0.380091 -1.726450 0.731956 0.380764 
4.733330 0.081949 0.018628 0.201884 -1.745460 0.730246 0.381737 
4.766670 0.090953 0.030088 0.007639 -1.726820 0.731771 0.378360 
4.800000 0.109252 0.041318 -0.311680 -1.720260 0.731505 0.374181 
4.833330 0.109750 0.044149 -0.705140 -1.761060 0.733370 0.369435 
4.866670 0.099682 0.034052 -1.033698 -1.759390 0.734028 0.367145 
4.900000 0.089114 0.038273 -1.251509 -1.844230 0.733352 0.362117 
4.933330 0.091673 0.039132 -1.307351 -1.825470 0.734276 0.361375 
4.966670 0.091890 0.044842 -1.054818 -1.930990 0.735471 0.356285 
5.000000 0.093004 0.029319 -0.533419 -1.928360 0.734771 0.352658 
5.033330 0.095278 0.010240 -0.042063 -1.937010 0.734429 0.350660 
5.066670 0.101442 -0.003667 0.247256 -1.933860 0.734528 0.347346 
5.100000 0.102540 -0.001899 0.361150 -1.926200 0.731016 0.343165 
5.133330 0.096831 0.008704 0.309548 -1.908900 0.730478 0.341942 
5.166670 0.094275 0.012396 0.138680 -1.897970 0.731272 0.336285 
5.200000 0.105038 0.011801 -0.004179 -1.901560 0.729478 0.334798 
5.233330 0.121271 0.021269 -0.057189 -1.910170 0.729073 0.332495 
5.266670 0.121387 0.036411 -0.113733 -1.898090 0.727929 0.324599 
5.300000 0.104114 0.048761 -0.248956 -1.912460 0.728235 0.322851 
5.333330 0.090710 0.047269 -0.465614 -1.925540 0.729792 0.319028 
5.366670 0.087055 0.037408 -0.744813 -1.931590 0.729157 0.315474 
5.400000 0.086090 0.034764 -1.028131 -1.980690 0.729496 0.312191 
5.433330 0.089946 0.036208 -1.217727 -2.001520 0.728999 0.310059 
5.466670 0.095240 0.037754 -1.174234 -2.049920 0.728967 0.305807 
5.500000 0.101892 0.028658 -0.815445 -2.098240 0.728886 0.302531 
5.533330 0.111833 0.008160 -0.303305 -2.103680 0.727031 0.299185 
5.566670 0.117229 -0.007053 0.066295 -2.113920 0.726051 0.296637 
5.600000 0.112136 -0.008922 0.210204 -2.090460 0.722062 0.291520 
5.633330 0.106290 0.013912 0.302698 -2.095090 0.721178 0.290270 
5.666670 0.103901 0.043611 0.424018 -2.099550 0.719870 0.287629 
5.700000 0.100776 0.052605 0.446518 -2.041050 0.720198 0.280351 
5.733330 0.096109 0.052737 0.272057 -2.075330 0.719857 0.279107 
5.766670 0.110362 0.038351 -0.125484 -2.036440 0.720774 0.275800 
5.800000 0.122035 0.033362 -0.661125 -2.053280 0.719131 0.270568 
5.833330 0.113537 0.037942 -1.082865 -2.098220 0.717624 0.266618 
5.866670 0.093879 0.039406 -1.239683 -2.137370 0.717573 0.263133 
5.900000 0.080688 0.031560 -1.151392 -2.158660 0.717460 0.260084 
5.933330 0.076537 0.026943 -0.869963 -2.230960 0.716407 0.257406 
5.966670 0.085376 0.020166 -0.559602 -2.223760 0.714495 0.255000 
6.000000 0.104837 0.012576 -0.361355 -2.241490 0.714692 0.252477 
6.033330 0.122961 0.002874 -0.172417 -2.260780 0.712265 0.248941 
6.066670 0.125841 0.003506 0.102755 -2.257760 0.708131 0.245245 
6.100000 0.125375 0.025030 0.305468 -2.258600 0.706070 0.242034 
6.133330 0.129166 0.035948 0.353385 -2.225730 0.705401 0.239915 
