0.7 0.0057832 0.00148371 -0.0325733 -1.14686 
0.733333 0.00613241 0.00157779 -0.0327607 -1.16184 
0.766667 0.00643418 0.00171174 -0.0306392 -1.17044 
0.8 0.00671383 0.00173958 -0.0291985 -1.17912 
0.833333 0.00700096 0.00194156 -0.0267553 -1.1853 
0.866667 0.00716099 0.00201762 -0.0294705 -1.1974 
0.9 0.00733831 0.00223163 -0.0327641 -1.21106 
0.933333 0.00733566 0.0022923 -0.0371779 -1.22721 
0.966667 0.00742779 0.00242468 -0.0416758 -1.24491 
1 0.00747313 0.00243541 -0.0486173 -1.26701 
1.03333 0.00733173 0.00239619 -0.0538369 -1.28938 
1.06667 0.0073305 0.00235194 -0.0570118 -1.31108 
1.1 0.00722453 0.00221096 -0.0576352 -1.33082 
1.13333 0.00734332 0.0020789 -0.0542093 -1.34599 
1.16667 0.00750887 0.00200271 -0.0497325 -1.35877 
1.2 0.00769473 0.00200752 -0.0421999 -1.36646 
1.23333 0.00794622 0.00200452 -0.0355023 -1.37262 
1.26667 0.00810447 0.00206167 -0.0311767 -1.37935 
1.3 0.00830055 0.00227293 -0.0292108 -1.38742 
1.33333 0.00841055 0.0023771 -0.0289377 -1.39683 
1.36667 0.00839975 0.0025027 -0.0333384 -1.41167 
1.4 0.00850185 0.00260177 -0.0380543 -1.42835 
1.43333 0.00853844 0.00276419 -0.0436801 -1.44768 
1.46667 0.00852387 0.00282487 -0.0498593 -1.46953 
1.5 0.00852039 0.00279681 -0.0547317 -1.4919 
1.53333 0.00855017 0.0027039 -0.0575646 -1.51349 
1.56667 0.00860078 0.00256947 -0.0586455 -1.53396 
1.6 0.00876054 0.00253942 -0.0560071 -1.55039 
1.63333 0.00902212 0.00247492 -0.0524789 -1.5649 
1.66667 0.00921835 0.00244379 -0.0498228 -1.57925 
1.7 0.00942774 0.00241768 -0.0442864 -1.58932 
1.73333 0.00979328 0.00256488 -0.0373539 -1.5959 
1.76667 0.0100061 0.0026997 -0.0339019 -1.60428 
1.8 0.0101913 0.0028579 -0.0342424 -1.61598 
1.83333 0.0103626 0.00309338 -0.0362568 -1.62977 
1.86667 0.0102826 0.00326908 -0.0401393 -1.64644 
1.9 0.0102007 0.00341279 -0.0468575 -1.66775 
1.93333 0.0102115 0.00343091 -0.056497 -1.69475 
1.96667 0.0101186 0.00343357 -0.0624349 -1.72059 
2 0.0101999 0.00342486 -0.0643116 -1.74362 
2.03333 0.0101697 0.00325178 -0.0664105 -1.76754 
2.06667 0.0102109 0.00312878 -0.0651714 -1.78821 
2.1 0.0103428 0.0030356 -0.0614662 -1.80556 
2.13333 0.0104241 0.00307299 -0.0555746 -1.81909 
2.16667 0.0106607 0.00310613 -0.051021 -1.83224 
2.2 0.0108587 0.00315847 -0.0452607 -1.84245 
2.23333 0.011036 0.00327078 -0.0430322 -1.85491 
2.26667 0.011048 0.00353357 -0.0427429 -1.86891 
2.3 0.0110098 0.00376172 -0.0438596 -1.88447 
2.33333 0.0110632 0.00393748 -0.0489068 -1.90505 
2.36667 0.0109778 0.00405729 -0.0533016 -1.92654 
2.4 0.0108891 0.00413118 -0.0598548 -1.95205 
2.43333 0.0108667 0.00413131 -0.0658301 -1.97905 
2.46667 0.0106921 0.00405453 -0.0704243 -2.00642 
2.5 0.0107818 0.00397276 -0.0710912 -2.03068 
2.53333 0.0107901 0.00388047 -0.0671021 -2.04967 
2.56667 0.0109264 0.00379102 -0.0621971 -2.06624 
2.6 0.0110675 0.00371288 -0.0589121 -2.0831 
2.63333 0.0111497 0.00370465 -0.0516119 -2.09412 
2.66667 0.0111871 0.00378982 -0.0442925 -2.10268 
2.7 0.0112868 0.00390534 -0.0409802 -2.11354 
2.73333 0.0112695 0.00408673 -0.040736 -2.12691 
2.76667 0.011344 0.00432936 -0.0412437 -2.14109 
2.8 0.011288 0.00461254 -0.0454354 -2.15978 
2.83333 0.0111557 0.00473984 -0.0503203 -2.18069 
2.86667 0.0111079 0.00468098 -0.0581887 -2.20676 
2.9 0.0108833 0.00466506 -0.0630696 -2.23191 
2.93333 0.0108487 0.00461238 -0.0664599 -2.25694 
2.96667 0.0109085 0.00449748 -0.0659461 -2.27849 
3 0.0109282 0.00435275 -0.0640036 -2.29818 
3.03333 0.0111474 0.0042343 -0.060194 -2.31501 
3.06667 0.011225 0.00408147 -0.0550778 -2.32904 
3.1 0.0113357 0.00399513 -0.0494617 -2.34077 
3.13333 0.01148 0.00407296 -0.0427766 -2.34936 
3.16667 0.0114813 0.00410442 -0.0410205 -2.36155 
3.2 0.0114614 0.00424213 -0.0397774 -2.37375 
3.23333 0.0114108 0.0044381 -0.042825 -2.39061 
3.26667 0.0113517 0.00465969 -0.0461324 -2.40879 
3.3 0.0113 0.0049197 -0.0506012 -2.42944 
3.33333 0.0112907 0.00509727 -0.0557792 -2.45242 
3.36667 0.0113411 0.00514984 -0.0618353 -2.47817 
3.4 0.0114694 0.00507429 -0.0651794 -2.50272 
3.43333 0.0115309 0.00499753 -0.065441 -2.52476 
3.46667 0.0115897 0.00484674 -0.0646501 -2.54564 
3.5 0.0116436 0.00466851 -0.0617687 -2.56379 
3.53333 0.011812 0.00456078 -0.056288 -2.57791 
3.56667 0.0120423 0.0045639 -0.0523748 -2.59205 
3.6 0.0121738 0.00463466 -0.0480758 -2.60444 
3.63333 0.0124283 0.00485278 -0.0461661 -2.61821 
3.66667 0.012456 0.00508118 -0.0466548 -2.63417 
3.7 0.0124251 0.00526423 -0.0495642 -2.65316 
3.73333 0.0124104 0.00543861 -0.0516453 -2.67214 
3.76667 0.0122687 0.00556239 -0.0559822 -2.69447 
3.8 0.0120644 0.00564753 -0.0599501 -2.71782 
3.83333 0.0119646 0.00571564 -0.0650121 -2.74377 
3.86667 0.0119606 0.0056385 -0.066808 -2.76757 
3.9 0.0120768 0.00559947 -0.0646266 -2.78726 
3.93333 0.0123037 0.00553937 -0.0625679 -2.80637 
3.96667 0.0124557 0.00548364 -0.0577447 -2.82153 
4 0.012623 0.0053476 -0.0541698 -2.83656 
4.03333 0.0127092 0.00519776 -0.0505443 -2.85034 
4.06667 0.0128388 0.00517675 -0.0471456 -2.86317 
4.1 0.0128837 0.00517094 -0.0447277 -2.87604 
4.13333 0.0127834 0.00529031 -0.0449312 -2.89119 
4.16667 0.0127327 0.00542934 -0.0428446 -2.9037 
4.2 0.0126952 0.00553827 -0.0436149 -2.91889 
4.23333 0.0125266 0.00573438 -0.0466158 -2.93697 
4.26667 0.0123653 0.00573566 -0.0499357 -2.95643 
4.3 0.0121688 0.00563401 -0.0508416 -2.97414 
4.33333 0.011998 0.00546358 -0.0494475 -2.98944 
4.36667 0.0118981 0.00517178 -0.0470874 -3.00314 
4.4 0.0119933 0.00493257 -0.0411283 -3.0118 
4.43333 0.0120522 0.00485193 -0.0361646 -3.01965 
4.46667 0.0122234 0.00475367 -0.0325305 -3.02742 
4.5 0.0124048 0.00483459 -0.0293525 -3.03451 
