0.066667 0.081990 0.023017 0.044485 -0.817600 0.754099 0.646747 
0.100000 0.083748 0.021863 0.477250 -0.833185 0.756112 0.646467 
0.133333 0.088238 0.014308 0.991054 -0.761157 0.759179 0.644108 
0.166667 0.084825 0.015490 0.980761 -0.775168 0.760233 0.641687 
0.200000 0.072800 0.006842 0.741697 -0.703020 0.765165 0.642337 
0.233333 0.060680 0.014191 0.385696 -0.720074 0.764947 0.638471 
0.266667 0.064273 0.034424 -0.154974 -0.693598 0.766550 0.639294 
0.300000 0.078523 0.053461 -0.861399 -0.705721 0.770204 0.638715 
0.333333 0.084964 0.051605 -1.416343 -0.746968 0.773254 0.638452 
0.366667 0.076536 0.035400 -1.577258 -0.833423 0.777620 0.637639 
0.400000 0.064982 0.017477 -1.523714 -0.842798 0.778226 0.635874 
0.433333 0.052676 0.019477 -1.442571 -0.913088 0.780110 0.635091 
0.466667 0.045668 0.023186 -1.207860 -0.953669 0.781898 0.633339 
0.500000 0.050744 0.016025 -0.693649 -0.993952 0.783610 0.634125 
0.533333 0.068207 0.002088 -0.040027 -1.005890 0.784459 0.632072 
0.566667 0.085976 -0.002976 0.456739 -0.996214 0.786033 0.629295 
0.600000 0.097271 0.006920 0.646234 -0.961794 0.787510 0.627167 
0.633333 0.104896 0.028720 0.648709 -0.950929 0.789479 0.624079 
0.666667 0.112146 0.047580 0.562219 -0.940534 0.793911 0.622676 
0.700000 0.117083 0.053325 0.291521 -0.899602 0.796008 0.620631 
0.733333 0.106207 0.055655 -0.200781 -0.913850 0.801310 0.618217 
0.766667 0.085858 0.050355 -0.815933 -0.925991 0.804735 0.616871 
0.800000 0.072465 0.042843 -1.456296 -0.960782 0.806204 0.615972 
0.833333 0.074218 0.033494 -1.938527 -1.017740 0.809423 0.614846 
0.866667 0.081752 0.026360 -1.976889 -1.090020 0.811870 0.613499 
0.900000 0.086059 0.028965 -1.512057 -1.172460 0.812944 0.609852 
0.933333 0.094353 0.029080 -0.827092 -1.180180 0.815283 0.608204 
0.966667 0.108007 0.024350 -0.219735 -1.217910 0.817638 0.606798 
1.000000 0.117522 0.012188 0.181398 -1.207750 0.819946 0.601581 
1.033330 0.113431 0.014079 0.370384 -1.190580 0.820831 0.598480 
1.066670 0.103966 0.033216 0.457208 -1.186220 0.822614 0.595600 
1.100000 0.100460 0.048356 0.489592 -1.169260 0.826052 0.592551 
1.133330 0.105710 0.050139 0.273992 -1.161210 0.828671 0.591300 
1.166670 0.117621 0.042714 -0.317573 -1.126210 0.831948 0.587693 
1.200000 0.121824 0.050506 -1.002646 -1.180660 0.834028 0.584865 
1.233330 0.113654 0.054943 -1.402382 -1.210980 0.837730 0.581612 
1.266670 0.088529 0.051639 -1.527308 -1.280860 0.841218 0.578981 
1.300000 0.066282 0.033793 -1.607573 -1.302200 0.842798 0.576490 
1.333330 0.065360 0.020382 -1.588416 -1.371330 0.843826 0.575100 
1.366670 0.087851 0.017953 -1.187250 -1.424060 0.845398 0.574876 
1.400000 0.110128 0.028984 -0.430232 -1.466420 0.845322 0.567842 
1.433330 0.128899 0.036691 0.290419 -1.442880 0.848161 0.566219 
1.466670 0.150749 0.038406 0.709218 -1.430100 0.849383 0.562229 
1.500000 0.160246 0.029616 0.821940 -1.412120 0.851253 0.556708 
1.533330 0.139825 0.016472 0.625885 -1.372200 0.854415 0.549984 
1.566670 0.109499 0.019686 0.106594 -1.361610 0.853672 0.547434 
1.600000 0.100656 0.037897 -0.620534 -1.373250 0.856187 0.545030 
1.633330 0.111990 0.056307 -1.279150 -1.388420 0.857928 0.541079 
1.666670 0.116285 0.068714 -1.586241 -1.467610 0.861222 0.538369 
1.700000 0.107752 0.060740 -1.588123 -1.519130 0.863865 0.533476 
1.733330 0.097622 0.041354 -1.558090 -1.546740 0.865674 0.530312 
1.766670 0.098401 0.027610 -1.477893 -1.611150 0.866211 0.528751 
1.800000 0.108806 0.017671 -1.132657 -1.672880 0.867047 0.523643 
1.833330 0.118581 0.006309 -0.566326 -1.680720 0.867585 0.520285 
1.866670 0.123754 0.010625 -0.002218 -1.703280 0.866356 0.516496 
1.900000 0.126065 0.026380 0.402482 -1.689100 0.866103 0.512190 
1.933330 0.131428 0.043208 0.538907 -1.667390 0.867417 0.506754 
1.966670 0.142260 0.058435 0.316944 -1.663740 0.869573 0.504633 
2.000000 0.151167 0.070757 -0.214621 -1.628570 0.869320 0.497185 
2.033330 0.141274 0.088229 -0.826549 -1.680600 0.872316 0.492418 
2.066670 0.128584 0.074687 -1.333157 -1.703450 0.876380 0.488659 
2.100000 0.115618 0.043052 -1.636895 -1.745390 0.875933 0.483139 
2.133330 0.102482 0.020571 -1.600773 -1.817980 0.877641 0.479719 
2.166670 0.092255 0.018024 -1.303403 -1.882620 0.874927 0.476985 
2.200000 0.089960 0.020844 -1.059539 -1.876930 0.876361 0.473437 
2.233330 0.098222 0.025359 -0.895654 -1.939290 0.875532 0.470585 
2.266670 0.120081 0.022103 -0.575285 -1.962410 0.875706 0.466749 
2.300000 0.142459 0.023071 -0.103990 -1.975620 0.873821 0.463668 
2.333330 0.152639 0.025639 0.291189 -1.963580 0.872279 0.456192 
2.366670 0.150906 0.031666 0.492386 -1.954670 0.872556 0.453395 
2.400000 0.141042 0.044577 0.520578 -1.927560 0.870996 0.447411 
2.433330 0.124070 0.069347 0.317819 -1.934070 0.869745 0.442335 
2.466670 0.120848 0.077364 -0.237600 -1.900320 0.873423 0.437797 
2.500000 0.131635 0.072496 -0.965380 -1.919470 0.873800 0.434621 
2.533330 0.136435 0.068761 -1.481700 -1.997510 0.873619 0.427757 
2.566670 0.129242 0.057379 -1.761217 -2.030690 0.873621 0.422576 
2.600000 0.118088 0.043443 -1.928674 -2.080730 0.873760 0.419633 
2.633330 0.112806 0.031517 -1.714378 -2.154930 0.873048 0.414548 
2.666670 0.111715 0.028274 -0.940556 -2.238880 0.870300 0.411181 
2.700000 0.116910 0.021278 -0.112689 -2.212680 0.870151 0.408704 
2.733330 0.125029 0.021234 0.213457 -2.216340 0.866959 0.403657 
2.766670 0.134902 0.022973 0.212990 -2.188330 0.866565 0.400618 
2.800000 0.139830 0.045205 0.363488 -2.223860 0.862776 0.396403 
2.833330 0.139003 0.061414 0.588157 -2.190880 0.862354 0.391438 
2.866670 0.129712 0.066370 0.420954 -2.150510 0.861937 0.385672 
2.900000 0.116032 0.066628 -0.195420 -2.155360 0.860971 0.381489 
2.933330 0.109330 0.061982 -0.860076 -2.172100 0.860872 0.377913 
2.966670 0.107109 0.057168 -1.286143 -2.223690 0.861423 0.372784 
3.000000 0.106889 0.053275 -1.497084 -2.253480 0.858998 0.369134 
3.033330 0.105301 0.057772 -1.597918 -2.321570 0.858831 0.366330 
3.066670 0.109862 0.051082 -1.578887 -2.359590 0.857595 0.360860 
3.100000 0.116701 0.035307 -1.310416 -2.417550 0.857047 0.358168 
3.133330 0.120781 0.019224 -0.784717 -2.468370 0.852474 0.354737 
3.166670 0.120517 0.006226 -0.306258 -2.471010 0.850918 0.351369 
3.200000 0.117543 0.005309 -0.110584 -2.466580 0.847901 0.350075 
3.233330 0.113743 0.021528 0.036126 -2.466610 0.843840 0.345933 
3.266670 0.114234 0.053901 0.365518 -2.505870 0.842503 0.344083 
3.300000 0.131023 0.068536 0.625438 -2.434140 0.841043 0.339707 
3.333330 0.141481 0.073129 0.538924 -2.431430 0.838623 0.334077 
3.366670 0.138488 0.063365 0.159404 -2.429060 0.836829 0.328995 
3.400000 0.128581 0.051737 -0.380426 -2.406120 0.834452 0.325564 
3.433330 0.116424 0.057982 -0.942723 -2.448620 0.832644 0.320834 
3.466670 0.109032 0.067574 -1.388100 -2.488480 0.830799 0.317705 
3.500000 0.104585 0.067838 -1.654812 -2.525020 0.829885 0.313240 
3.533330 0.096204 0.057205 -1.685381 -2.601790 0.828100 0.309154 
3.566670 0.089724 0.036730 -1.467547 -2.649650 0.825799 0.306443 
3.600000 0.090474 0.019701 -1.101662 -2.686820 0.823910 0.304940 
3.633330 0.101943 0.011642 -0.679388 -2.730120 0.821477 0.302459 
3.666670 0.121223 0.007727 -0.226953 -2.725210 0.817681 0.301260 
3.700000 0.138849 0.017950 0.194424 -2.752880 0.814640 0.299191 
3.733330 0.148130 0.027119 0.437140 -2.715500 0.809424 0.296527 
3.766670 0.149394 0.045741 0.444887 -2.705920 0.805523 0.292986 
3.800000 0.150812 0.067867 0.354362 -2.692280 0.802848 0.289821 
3.833330 0.151344 0.081442 0.310175 -2.697030 0.798192 0.285674 
