0.066667 0.065709 -0.016422 -0.389302 -1.065220 0.588105 0.614464 
0.100000 0.057372 -0.008836 0.049255 -1.163360 0.584549 0.612831 
0.133333 0.053991 -0.001518 0.668775 -1.074060 0.588377 0.611946 
0.166667 0.070947 0.017321 0.750690 -1.082750 0.586375 0.610779 
0.200000 0.083758 0.022215 0.505805 -1.033670 0.591639 0.607020 
0.233333 0.085301 0.023885 0.278076 -1.055230 0.592381 0.606203 
0.266667 0.089346 0.021709 0.043659 -1.033180 0.593649 0.604368 
0.300000 0.094499 0.024078 -0.403167 -1.028760 0.597324 0.600800 
0.333333 0.093415 0.029568 -0.976064 -1.055300 0.598663 0.600068 
0.366667 0.081828 0.034205 -1.385779 -1.105970 0.601339 0.596687 
0.400000 0.061338 0.031298 -1.555084 -1.154880 0.603795 0.595426 
0.433333 0.043682 0.019667 -1.578845 -1.200330 0.605112 0.594026 
0.466667 0.042003 0.004440 -1.395713 -1.250190 0.605466 0.593425 
0.500000 0.057321 -0.005855 -0.879112 -1.309210 0.606523 0.591882 
0.533333 0.081400 -0.003903 -0.168975 -1.318040 0.606674 0.589132 
0.566667 0.104614 0.013125 0.428789 -1.299980 0.606284 0.586788 
0.600000 0.111558 0.033348 0.722543 -1.301420 0.609264 0.583086 
0.633333 0.095796 0.030369 0.657970 -1.246570 0.611398 0.578964 
0.666667 0.070118 0.022396 0.349088 -1.246940 0.614372 0.577818 
0.700000 0.062634 0.022342 0.055437 -1.230190 0.612997 0.575873 
0.733333 0.075986 0.033169 -0.125548 -1.254160 0.615601 0.573841 
0.766667 0.092460 0.032724 -0.374631 -1.240360 0.618696 0.572857 
0.800000 0.089293 0.026936 -0.774984 -1.256080 0.619576 0.568158 
0.833333 0.070114 0.026616 -1.081839 -1.299400 0.621862 0.566238 
0.866667 0.059137 0.029311 -1.102661 -1.340080 0.622435 0.565130 
0.900000 0.066527 0.028949 -1.057919 -1.383280 0.624515 0.563609 
0.933333 0.075880 0.015856 -1.219671 -1.389110 0.624893 0.561273 
0.966667 0.068684 -0.002177 -1.375877 -1.444670 0.627699 0.557953 
1.000000 0.057209 -0.014982 -1.145833 -1.519240 0.625178 0.555832 
1.033330 0.062131 -0.018099 -0.586341 -1.520990 0.625252 0.555407 
1.066670 0.089994 -0.007236 0.025784 -1.532640 0.625922 0.551560 
1.100000 0.120562 0.016262 0.570434 -1.540270 0.624265 0.550108 
1.133330 0.130284 0.037366 0.920221 -1.488580 0.626411 0.543135 
1.166670 0.115928 0.052377 0.861895 -1.481610 0.628303 0.539570 
1.200000 0.103478 0.044660 0.378152 -1.419270 0.631160 0.537785 
1.233330 0.099641 0.042734 -0.209696 -1.444740 0.632273 0.533141 
1.266670 0.104454 0.044865 -0.614076 -1.466050 0.633336 0.531087 
1.300000 0.110248 0.043535 -0.913756 -1.477560 0.636959 0.527059 
1.333330 0.110686 0.039585 -1.233522 -1.508540 0.637576 0.523394 
1.366670 0.099090 0.037996 -1.488715 -1.573070 0.638648 0.520824 
1.400000 0.076790 0.028287 -1.593017 -1.613890 0.640792 0.515687 
1.433330 0.060582 0.009788 -1.462956 -1.655360 0.640655 0.515034 
1.466670 0.070991 -0.007985 -1.013127 -1.734950 0.640328 0.513094 
1.500000 0.099182 -0.019499 -0.410259 -1.732530 0.640650 0.510881 
1.533330 0.120928 -0.008003 0.071524 -1.731010 0.637396 0.505809 
1.566670 0.128199 0.022325 0.343450 -1.749610 0.636943 0.502701 
1.600000 0.130590 0.036921 0.436062 -1.701630 0.639075 0.498089 
1.633330 0.133059 0.046144 0.468506 -1.702370 0.639229 0.492430 
1.666670 0.138927 0.055531 0.474920 -1.704970 0.639230 0.489833 
1.700000 0.138091 0.054068 0.156900 -1.666260 0.641661 0.484342 
1.733330 0.116993 0.043285 -0.645505 -1.663970 0.643161 0.476880 
1.766670 0.093569 0.032086 -1.451520 -1.705270 0.643547 0.477528 
1.800000 0.083240 0.032198 -1.738245 -1.790100 0.643882 0.472319 
1.833330 0.082538 0.033074 -1.704822 -1.843700 0.644149 0.469528 
1.866670 0.089054 0.022310 -1.746425 -1.855290 0.644935 0.467352 
1.900000 0.098817 0.014003 -1.601386 -1.950440 0.644826 0.463643 
1.933330 0.107762 0.008990 -0.918588 -2.013230 0.642342 0.460002 
1.966670 0.112528 0.003641 -0.101359 -2.013260 0.641870 0.457937 
2.000000 0.116473 -0.001572 0.328208 -1.972650 0.640563 0.452133 
2.033330 0.124403 0.018710 0.490700 -2.003680 0.638500 0.450777 
2.066670 0.137178 0.051570 0.623090 -1.963370 0.637475 0.445606 
2.100000 0.143633 0.081956 0.553666 -1.954770 0.637099 0.440393 
2.133330 0.138478 0.073144 0.113209 -1.911640 0.641125 0.434228 
2.166670 0.115416 0.054622 -0.489216 -1.944650 0.639301 0.429276 
2.200000 0.094294 0.043641 -0.950274 -1.959510 0.639399 0.426573 
2.233330 0.085905 0.047249 -1.216161 -2.006570 0.639966 0.422730 
2.266670 0.097262 0.046315 -1.390083 -2.039070 0.640552 0.419414 
2.300000 0.113167 0.039526 -1.520265 -2.092060 0.640193 0.417092 
2.333330 0.115707 0.027254 -1.587211 -2.154340 0.638321 0.410304 
2.366670 0.112364 0.008907 -1.476198 -2.175150 0.637347 0.407960 
2.400000 0.117808 0.008702 -1.009075 -2.266040 0.635336 0.406679 
2.433330 0.126734 0.010185 -0.254431 -2.260370 0.632261 0.400984 
2.466670 0.127793 0.019194 0.399132 -2.266040 0.630298 0.398459 
2.500000 0.127340 0.025619 0.615132 -2.239040 0.627709 0.394558 
2.533330 0.126468 0.031518 0.430291 -2.207830 0.627110 0.391026 
2.566670 0.115430 0.044441 0.198604 -2.208400 0.624397 0.385844 
2.600000 0.098766 0.061722 0.100453 -2.226090 0.623296 0.382924 
2.633330 0.097837 0.066986 -0.092753 -2.192870 0.624705 0.378813 
2.666670 0.109493 0.066111 -0.501489 -2.201630 0.624277 0.374726 
2.700000 0.119050 0.068323 -0.911261 -2.252050 0.622741 0.370576 
2.733330 0.119759 0.064684 -1.209406 -2.266830 0.622807 0.365691 
2.766670 0.110264 0.053206 -1.459775 -2.315600 0.620792 0.361342 
2.800000 0.104378 0.032144 -1.623514 -2.374680 0.620907 0.357341 
2.833330 0.104964 0.015033 -1.544992 -2.414820 0.618245 0.356038 
2.866670 0.106080 0.015360 -1.113961 -2.484990 0.614002 0.351581 
2.900000 0.112447 0.017179 -0.437254 -2.498120 0.614447 0.350641 
2.933330 0.123188 0.020929 0.159364 -2.510070 0.609891 0.347152 
2.966670 0.133662 0.021173 0.424010 -2.480590 0.606347 0.343291 
3.000000 0.142857 0.025868 0.425743 -2.472230 0.605334 0.341483 
3.033330 0.145220 0.034255 0.371394 -2.462480 0.600341 0.336172 
3.066670 0.133195 0.047880 0.207167 -2.462900 0.597515 0.332778 
3.100000 0.118257 0.052232 -0.271621 -2.433210 0.595769 0.329066 
3.133330 0.107562 0.051997 -0.897681 -2.455140 0.595176 0.324115 
3.166670 0.101357 0.057738 -1.240499 -2.528460 0.591747 0.321915 
3.200000 0.104717 0.067059 -1.212087 -2.534570 0.591327 0.317855 
3.233330 0.110648 0.083788 -1.132372 -2.609890 0.588731 0.314036 
3.266670 0.127911 0.073668 -1.265637 -2.607780 0.588195 0.309744 
3.300000 0.138296 0.049516 -1.416830 -2.662760 0.584381 0.304303 
3.333330 0.142229 0.024555 -1.146001 -2.731640 0.580621 0.302464 
3.366670 0.139401 0.010515 -0.467982 -2.759200 0.577061 0.299964 
3.400000 0.129168 0.009948 0.139260 -2.741940 0.571451 0.298272 
3.433330 0.121597 0.022086 0.427596 -2.736820 0.569087 0.295797 
3.466670 0.129202 0.039260 0.486268 -2.726190 0.565823 0.293323 
3.500000 0.148750 0.058397 0.303442 -2.714870 0.561767 0.291245 
3.533330 0.165725 0.070033 -0.198311 -2.685320 0.558602 0.284825 
3.566670 0.161137 0.087270 -0.838595 -2.725980 0.553927 0.281493 
3.600000 0.140083 0.092861 -1.304955 -2.757430 0.550350 0.276931 
3.633330 0.113313 0.079824 -1.414409 -2.801080 0.547707 0.270733 
3.666670 0.095559 0.055034 -1.188414 -2.861310 0.546008 0.268817 
3.700000 0.090073 0.034707 -0.925218 -2.898290 0.542109 0.267089 
3.733330 0.089491 0.021896 -0.911966 -2.889740 0.540569 0.264727 
3.766670 0.093730 0.021176 -0.955453 -2.953850 0.536493 0.263612 
3.800000 0.114619 0.021440 -0.665102 -2.976480 0.534844 0.262752 
3.833330 0.149981 0.029591 -0.091107 -3.004300 0.529942 0.260747 
3.866670 0.184474 0.037813 0.345637 -2.978540 0.524919 0.259258 
3.900000 0.198495 0.042929 0.471851 -2.961740 0.518485 0.256898 
