0.22 25 -50 
0.298 25 -50 
0.377 25 -50 
0.471 25 -50 
0.548 25 -50 
0.642 25 -50 
0.737 25 -50 
0.799 25 -50 
0.893 25 -50 
0.971 25 -50 
1.033 25 -50 
1.096 25 -50 
1.159 25 -50 
1.221 25 -50 
1.283 25 -50 
1.362 25 -50 
1.424 25 -50 
1.486 25 -50 
1.548 25 -50 
1.612 25 -50 
1.689 25 -50 
1.768 25 -50 
1.83 25 -50 
1.893 25 -50 
1.955 25 -50 
2.017 25 -50 
2.079 25 -50 
2.157 25 -50 
2.22 25 -50 
2.283 25 -50 
2.345 25 -50 
2.424 25 -50 
2.486 25 -50 
2.563 25 -50 
2.626 25 -50 
2.689 25 -50 
2.751 25 -50 
2.813 25 -50 
2.891 25 -50 
2.971 25 -50 
3.032 25 -50 
3.095 25 -50 
3.157 25 -50 
3.22 25 -50 
3.283 25 -50 
3.361 25 -50 
3.424 25 -50 
3.487 25 -50 
3.548 25 -50 
3.611 25 -50 
3.69 25 -50 
3.767 25 -50 
3.83 25 -50 
3.892 25 -50 
3.955 25 -50 
4.017 25 -50 
4.079 25 -50 
4.158 25 -50 
4.235 25 -50 
4.282 25 -50 
4.36 25 -50 
4.424 25 -50 
4.487 25 -50 
4.564 25 -50 
4.627 25 -50 
4.689 25 -50 
4.752 25 -50 
4.814 25 -50 
4.892 25 -50 
4.97 25 -50 
5.032 25 -50 
5.095 25 -50 
5.157 25 -50 
5.221 25 -50 
5.283 25 -50 
5.361 25 -50 
5.423 25 -50 
5.486 25 -50 
5.548 25 -50 
5.627 25 -50 
5.689 25 -50 
5.767 25 -50 
5.829 25 -50 
5.892 25 -50 
5.954 25 -50 
6.018 25 -50 
6.08 25 -50 
6.157 25 -50 
6.22 25 -50 
6.298 25 -50 
6.361 25 -50 
6.423 25 -50 
6.486 25 -50 
6.564 25 -50 
6.626 25 -50 
6.704 25 -50 
6.784 25 -50 
6.862 25 -50 
6.924 25 -50 
7.002 25 -50 
7.064 25 -50 
7.127 25 -50 
7.188 25 -50 
7.251 25 -50 
7.329 25 -50 
7.393 25 -50 
7.454 25 -50 
7.518 25 -50 
7.596 25 -50 
7.658 25 -50 
7.737 25 -50 
7.799 25 -50 
7.861 25 -50 
7.924 25 -50 
7.987 25 -50 
8.064 25 -50 
8.126 25 -50 
8.19 25 -50 
8.253 25 -50 
8.329 25 -50 
8.391 25 -50 
8.455 25 -50 
8.533 25 -50 
8.595 25 -50 
8.659 25 -50 
8.721 25 -50 
8.783 25 -50 
8.845 25 -50 
8.94 25 -50 
9.002 25 -50 
9.065 25 -50 
9.128 25 -50 
9.188 25 -50 
9.251 25 -50 
9.33 25 -50 
