0.066667 0.030523 -0.006319 1.452994 -1.977260 0.483226 0.567051 
0.100000 0.036093 -0.013292 1.303234 -1.906320 0.482193 0.565394 
0.133333 0.055363 -0.018141 0.959015 -1.887330 0.481289 0.564244 
0.166667 0.078648 -0.011619 0.588879 -1.838860 0.480537 0.563354 
0.200000 0.081481 0.006003 0.203101 -1.867690 0.477323 0.560341 
0.233333 0.055434 0.000892 -0.243425 -1.808390 0.479975 0.554878 
0.266667 0.032015 -0.013563 -0.545518 -1.864930 0.478251 0.556938 
0.300000 0.037577 -0.022785 -0.509185 -1.887720 0.477125 0.555870 
0.333333 0.055550 -0.018565 -0.382261 -1.891550 0.475810 0.554404 
0.366667 0.063123 -0.013450 -0.389639 -1.882790 0.475157 0.551526 
0.400000 0.058743 -0.010747 -0.271445 -1.924300 0.473653 0.551078 
0.433333 0.048980 -0.015404 0.206424 -1.926300 0.472884 0.548549 
0.466667 0.043772 -0.017439 0.809080 -1.903030 0.472386 0.546887 
0.500000 0.050337 -0.007547 1.177320 -1.865200 0.470177 0.547915 
0.533333 0.059984 0.004008 1.237664 -1.819800 0.470013 0.544340 
0.566667 0.057039 0.003166 1.185350 -1.781710 0.470988 0.542111 
0.600000 0.042569 -0.005010 1.179753 -1.746180 0.469479 0.540995 
0.633333 0.030134 -0.012678 1.063316 -1.723280 0.468450 0.539910 
0.666667 0.028920 -0.022967 0.608004 -1.647670 0.469885 0.538654 
0.700000 0.045996 -0.021440 0.007069 -1.669320 0.467605 0.538201 
0.733333 0.069664 -0.004342 -0.368338 -1.680640 0.465387 0.536983 
0.766667 0.081210 0.006738 -0.512342 -1.689000 0.467721 0.532831 
0.800000 0.076725 -0.002456 -0.589804 -1.702390 0.466922 0.530294 
0.833333 0.068109 -0.014416 -0.572211 -1.727390 0.466132 0.528957 
0.866667 0.062224 -0.015637 -0.414495 -1.758040 0.464175 0.526187 
0.900000 0.060653 -0.018995 -0.210680 -1.740560 0.464720 0.524072 
0.933333 0.065717 -0.028023 -0.037239 -1.773750 0.463009 0.523527 
0.966667 0.065111 -0.040924 0.132961 -1.749470 0.461888 0.520326 
1.000000 0.056774 -0.036459 0.415851 -1.744540 0.459814 0.517803 
1.033330 0.051568 -0.019058 0.819044 -1.751110 0.456640 0.518780 
1.066670 0.053403 -0.013896 1.074715 -1.693270 0.459594 0.514786 
1.100000 0.056712 -0.017462 1.064561 -1.631230 0.457192 0.513963 
1.133330 0.059926 -0.006933 1.016089 -1.663190 0.454883 0.512569 
1.166670 0.062373 0.001503 1.005538 -1.565000 0.457517 0.509009 
1.200000 0.066369 0.013978 0.907458 -1.571630 0.456218 0.508679 
1.233330 0.073183 0.022863 0.695134 -1.527510 0.456865 0.505090 
1.266670 0.082435 0.028022 0.412236 -1.510910 0.458194 0.502844 
1.300000 0.091116 0.016727 0.094606 -1.500170 0.459771 0.500812 
1.333330 0.087344 -0.010580 -0.307722 -1.525370 0.459017 0.497175 
1.366670 0.067556 -0.048745 -0.803829 -1.492190 0.460488 0.493111 
1.400000 0.059158 -0.059004 -1.077506 -1.572430 0.456576 0.492749 
1.433330 0.063755 -0.042310 -0.803615 -1.599790 0.453552 0.491366 
1.466670 0.070027 -0.020702 -0.112797 -1.612450 0.454782 0.486967 
1.500000 0.072132 -0.013158 0.589858 -1.609590 0.454086 0.486327 
1.533330 0.074056 -0.012588 1.014665 -1.573740 0.451587 0.483379 
1.566670 0.074772 -0.012316 1.154756 -1.516570 0.453962 0.480861 
1.600000 0.071944 -0.012502 1.095012 -1.531910 0.450770 0.478059 
1.633330 0.061818 -0.031526 0.828380 -1.429480 0.453245 0.476672 
1.666670 0.053106 -0.041759 0.550823 -1.446100 0.450880 0.473085 
1.700000 0.052630 -0.032296 0.589902 -1.436940 0.449369 0.472644 
1.733330 0.065299 -0.003978 0.823760 -1.404190 0.448695 0.470307 
1.766670 0.079097 0.016870 0.803796 -1.371840 0.449673 0.468076 
1.800000 0.080182 0.012830 0.418360 -1.339500 0.452383 0.464835 
1.833330 0.076710 -0.001975 0.005444 -1.335840 0.452209 0.462697 
1.866670 0.084264 -0.012157 -0.202394 -1.374730 0.451254 0.460633 
1.900000 0.094884 -0.029891 -0.363662 -1.335840 0.453363 0.457592 
1.933330 0.100195 -0.037779 -0.569140 -1.376490 0.452116 0.453037 
1.966670 0.104780 -0.030741 -0.588184 -1.394040 0.451048 0.449876 
2.000000 0.112069 -0.010606 -0.267425 -1.410740 0.450294 0.447480 
2.033330 0.099112 -0.002472 0.205105 -1.431560 0.451738 0.443236 
2.066670 0.063058 -0.021719 0.557263 -1.370660 0.453604 0.436658 
2.100000 0.049515 -0.035866 0.732350 -1.401370 0.449788 0.440649 
2.133330 0.068947 -0.043707 0.836468 -1.327300 0.450408 0.436569 
2.166670 0.087720 -0.034387 1.002287 -1.329520 0.449497 0.432978 
2.200000 0.079201 -0.019499 1.251962 -1.285000 0.449204 0.428740 
2.233330 0.068474 -0.005604 1.368837 -1.243010 0.449121 0.428375 
2.266670 0.071024 -0.003626 1.125636 -1.175870 0.451654 0.426124 
2.300000 0.078841 -0.004100 0.528366 -1.179550 0.449797 0.422258 
2.333330 0.080839 -0.014219 -0.197540 -1.134750 0.452849 0.421422 
2.366670 0.074691 -0.018264 -0.626724 -1.169930 0.453444 0.418229 
2.400000 0.068337 -0.011909 -0.506218 -1.227330 0.451805 0.413614 
2.433330 0.074623 -0.010738 -0.157063 -1.190360 0.453566 0.415517 
2.466670 0.093886 -0.014161 -0.046426 -1.220120 0.455063 0.409630 
2.500000 0.107897 -0.026835 -0.182406 -1.198180 0.453518 0.407857 
2.533330 0.107482 -0.036293 -0.155004 -1.211950 0.455716 0.402879 
2.566670 0.095048 -0.042185 0.298643 -1.245440 0.455466 0.399905 
2.600000 0.079131 -0.043310 0.831841 -1.200150 0.453959 0.395950 
2.633330 0.077337 -0.031622 0.952918 -1.158300 0.454123 0.393776 
2.666670 0.087527 -0.023465 0.804941 -1.122330 0.454307 0.391385 
2.700000 0.093954 -0.021311 0.865358 -1.131540 0.455901 0.387616 
2.733330 0.087596 -0.024970 1.126148 -1.082380 0.455835 0.384392 
2.766670 0.079559 -0.022080 1.209169 -1.029910 0.456477 0.381599 
2.800000 0.077770 -0.014096 1.003784 -0.997691 0.457428 0.380072 
2.833330 0.078811 -0.006194 0.636981 -0.977944 0.458647 0.376037 
2.866670 0.081344 -0.003046 0.162405 -0.952709 0.459916 0.375366 
2.900000 0.088524 -0.005800 -0.260700 -0.948841 0.461782 0.372014 
2.933330 0.099444 -0.012533 -0.318589 -0.977947 0.462845 0.369997 
2.966670 0.105701 -0.019270 -0.081748 -1.006700 0.464944 0.366977 
3.000000 0.100020 -0.027279 -0.056700 -0.957120 0.465762 0.362197 
3.033330 0.094912 -0.024701 -0.381946 -0.986722 0.466648 0.359893 
3.066670 0.096621 -0.032995 -0.554318 -0.992800 0.468160 0.357719 
3.100000 0.102917 -0.043740 -0.164531 -1.040270 0.468590 0.352921 
3.133330 0.103478 -0.053067 0.544874 -1.019510 0.469444 0.349577 
3.166670 0.099737 -0.046555 1.046580 -0.979772 0.468388 0.346128 
3.200000 0.092651 -0.031708 1.181163 -0.943434 0.470007 0.341213 
3.233330 0.084579 -0.027916 1.178811 -0.904286 0.471665 0.339916 
3.266670 0.080173 -0.034698 1.193368 -0.878411 0.471717 0.337172 
3.300000 0.077296 -0.036332 1.122004 -0.819739 0.473402 0.333622 
3.333330 0.080817 -0.019182 0.836252 -0.798052 0.472981 0.330579 
3.366670 0.090530 -0.004201 0.377819 -0.765995 0.475509 0.329784 
3.400000 0.098150 -0.002514 -0.045769 -0.765003 0.478346 0.326919 
3.433330 0.100259 -0.010232 -0.231328 -0.776855 0.480419 0.323937 
3.466670 0.103673 -0.018235 -0.206810 -0.795350 0.481716 0.322293 
3.500000 0.106728 -0.028478 -0.147922 -0.768836 0.484448 0.318608 
3.533330 0.106366 -0.027378 -0.149284 -0.814684 0.486065 0.315101 
3.566670 0.099040 -0.031597 -0.219818 -0.784648 0.487404 0.312621 
3.600000 0.093033 -0.031439 -0.219473 -0.800698 0.489600 0.308791 
3.633330 0.091366 -0.030861 0.073130 -0.826806 0.490312 0.306890 
3.666670 0.092988 -0.033445 0.555859 -0.805018 0.491824 0.303004 
3.700000 0.094164 -0.038271 0.865846 -0.773736 0.492851 0.300554 
3.733330 0.089686 -0.045133 0.916940 -0.737192 0.495062 0.297381 
3.766670 0.083941 -0.042924 0.967634 -0.719165 0.495730 0.293824 
3.800000 0.082683 -0.028862 1.209514 -0.680356 0.496147 0.291446 
3.833330 0.086156 -0.009106 1.476883 -0.641878 0.499110 0.289297 
3.866670 0.089454 -0.000300 1.340150 -0.592848 0.500477 0.286590 
3.900000 0.093868 -0.011823 0.638177 -0.515759 0.504613 0.286860 
3.933330 0.103084 -0.020223 -0.156157 -0.547852 0.505402 0.283483 
3.966670 0.108191 -0.024185 -0.474064 -0.559104 0.508568 0.280944 
4.000000 0.101111 -0.023811 -0.312584 -0.576290 0.511792 0.278421 
4.033330 0.091363 -0.027797 -0.073043 -0.576872 0.513986 0.275891 
4.066670 0.094250 -0.031202 -0.083266 -0.579508 0.514691 0.274012 
4.100000 0.103798 -0.031099 -0.313786 -0.569331 0.517827 0.271082 
4.133330 0.106610 -0.027094 -0.370889 -0.592568 0.520070 0.267339 
4.166670 0.101842 -0.031103 0.020103 -0.626480 0.522787 0.265885 
4.200000 0.093818 -0.047151 0.612231 -0.590911 0.524515 0.263042 
4.233330 0.084497 -0.049623 1.030181 -0.561411 0.525911 0.258882 
4.266670 0.074947 -0.034401 1.216262 -0.530114 0.527188 0.256529 
4.300000 0.074739 -0.017692 1.246104 -0.487830 0.529844 0.254527 
4.333330 0.087474 -0.015733 1.157080 -0.436186 0.530264 0.254047 
4.366670 0.096470 -0.026846 1.056185 -0.412173 0.533855 0.251067 
4.400000 0.095419 -0.037912 1.024152 -0.371709 0.538036 0.249830 
