0.7 0.008239 0.000929508 -0.0123527 -0.554257 
0.733333 0.00866012 0.00106369 -0.0134935 -0.562045 
0.766667 0.00908006 0.001189 -0.0151991 -0.569539 
0.8 0.00936587 0.00128229 -0.0147123 -0.573402 
0.833333 0.00960784 0.00159018 -0.0120203 -0.57445 
0.866667 0.00980065 0.00176249 -0.0180472 -0.585406 
0.9 0.0099655 0.00185124 -0.0270884 -0.602172 
0.933333 0.0103091 0.00189764 -0.0339309 -0.619275 
0.966667 0.0103803 0.00192056 -0.0389142 -0.636479 
1 0.0105957 0.00178949 -0.0433014 -0.654658 
1.03333 0.0106807 0.00169123 -0.04427 -0.670244 
1.06667 0.0107161 0.00166274 -0.0379293 -0.677517 
1.1 0.0106963 0.00163599 -0.0325744 -0.683838 
1.13333 0.0109573 0.00146742 -0.0304172 -0.692151 
1.16667 0.0111118 0.00152042 -0.0233514 -0.693949 
1.2 0.0113015 0.00158618 -0.0184646 -0.695964 
1.23333 0.011401 0.00176198 -0.0166257 -0.699948 
1.26667 0.0115767 0.00197309 -0.0188974 -0.708171 
1.3 0.011766 0.00231525 -0.0197154 -0.715436 
1.33333 0.0118629 0.00239949 -0.0284622 -0.732333 
1.36667 0.0118642 0.00257468 -0.0358971 -0.750597 
1.4 0.0117088 0.00255186 -0.0427819 -0.77069 
1.43333 0.0117758 0.00242525 -0.0453068 -0.787931 
1.46667 0.0119827 0.00226181 -0.0443165 -0.801864 
1.5 0.0121092 0.00208347 -0.0409797 -0.812698 
1.53333 0.0122016 0.002017 -0.0382816 -0.823173 
1.56667 0.0125367 0.0017925 -0.033884 -0.830742 
1.6 0.0125162 0.00171792 -0.026496 -0.833315 
1.63333 0.0126495 0.00178857 -0.0196277 -0.83404 
1.66667 0.0127851 0.00193939 -0.0143647 -0.83437 
1.7 0.0129127 0.00208252 -0.0150184 -0.839929 
1.73333 0.0128849 0.00234302 -0.019292 -0.84998 
1.76667 0.0128562 0.00266477 -0.0215033 -0.859021 
1.8 0.0130008 0.00267471 -0.0338935 -0.880815 
1.83333 0.0132054 0.00269284 -0.0399801 -0.899298 
1.86667 0.0133359 0.00259106 -0.0421917 -0.915236 
1.9 0.0133898 0.00260214 -0.0428937 -0.930128 
1.93333 0.0134672 0.00247521 -0.0419018 -0.943255 
1.96667 0.0134799 0.00236838 -0.0395698 -0.95447 
2 0.0135981 0.00222206 -0.0340327 -0.961123 
2.03333 0.0134738 0.00197671 -0.0318193 -0.969855 
2.06667 0.0136755 0.0020055 -0.0267382 -0.974463 
2.1 0.0138668 0.00205155 -0.0210036 -0.976606 
2.13333 0.0139874 0.00221356 -0.0187211 -0.980913 
2.16667 0.0139962 0.00248415 -0.0220473 -0.99108 
2.2 0.0140545 0.0027687 -0.0236949 -1.00037 
2.23333 0.0140482 0.00304413 -0.0292762 -1.01486 
2.26667 0.0141436 0.0032392 -0.0335504 -1.02967 
2.3 0.01383 0.00326917 -0.0444158 -1.05367 
2.33333 0.0139619 0.0032491 -0.048934 -1.07381 
2.36667 0.0142177 0.00314522 -0.0473421 -1.08825 
2.4 0.0145027 0.00294879 -0.0471682 -1.10382 
2.43333 0.0146947 0.00274316 -0.0445632 -1.11647 
2.46667 0.0149475 0.00269101 -0.0360463 -1.12127 
2.5 0.0152224 0.00256218 -0.03137 -1.12776 
2.53333 0.0154573 0.0026884 -0.0240681 -1.1296 
2.56667 0.0155808 0.00283418 -0.0216571 -1.13478 
2.6 0.0155461 0.00303811 -0.0242551 -1.14506 
2.63333 0.0155989 0.00316561 -0.0285233 -1.15819 
2.66667 0.0157277 0.00337466 -0.0328792 -1.17284 
2.7 0.0158523 0.00345846 -0.0400896 -1.19231 
2.73333 0.0159404 0.00357136 -0.045367 -1.2119 
2.76667 0.0162542 0.00367099 -0.0478366 -1.22994 
2.8 0.0163317 0.00354767 -0.0476854 -1.24571 
2.83333 0.0163724 0.00335747 -0.0484374 -1.26249 
2.86667 0.0164912 0.00331763 -0.0459906 -1.27575 
2.9 0.0166045 0.00305789 -0.0387247 -1.2825 
2.93333 0.016652 0.00299072 -0.0362619 -1.2925 
2.96667 0.0167813 0.00294313 -0.0307337 -1.29806 
3 0.0170523 0.00297153 -0.0278971 -1.30496 
3.03333 0.01747 0.00312672 -0.0252844 -1.31117 
3.06667 0.0176211 0.00326451 -0.027661 -1.32241 
3.1 0.0174069 0.00332903 -0.0359558 -1.34142 
3.13333 0.0171196 0.00355433 -0.0445963 -1.3636 
3.16667 0.0169651 0.0037964 -0.0507447 -1.38573 
3.2 0.0169679 0.00369898 -0.057633 -1.41077 
3.23333 0.0169252 0.00358131 -0.0615326 -1.43459 
3.26667 0.0169499 0.00342967 -0.0626197 -1.45638 
3.3 0.0169819 0.00325231 -0.0606016 -1.47487 
3.33333 0.0168312 0.00324242 -0.0562304 -1.48991 
3.36667 0.0169495 0.00317449 -0.0488977 -1.5 
3.4 0.0169509 0.00318098 -0.0415477 -1.50762 
3.43333 0.0169756 0.00325641 -0.0356588 -1.51452 
3.46667 0.016881 0.00345048 -0.0359821 -1.52679 
3.5 0.016606 0.00364546 -0.0382967 -1.54151 
3.53333 0.0166481 0.0039335 -0.0435639 -1.5605 
