0.7 -0.00134875 0.00551554 0.0104726 -0.819741 
0.733333 -0.000886052 0.00555407 0.0136333 -0.803547 
0.766667 0.00171759 0.0043619 0.009028 -0.807255 
0.8 0.00383547 0.00374664 0.00656353 -0.807056 
0.833333 0.00559938 0.00319774 0.00260367 -0.809695 
0.866667 0.00675329 0.0031173 0.000131835 -0.811403 
0.9 0.00776679 0.00278775 -0.00534448 -0.81782 
0.933333 0.00835789 0.00247965 -0.0151351 -0.831232 
0.966667 0.00865313 0.0024914 -0.0196619 -0.841599 
1 0.00892288 0.00238401 -0.0271734 -0.857021 
1.03333 0.0090234 0.00217827 -0.0344158 -0.874642 
1.06667 0.00929223 0.00197647 -0.0342243 -0.885888 
1.1 0.00955231 0.00163524 -0.039694 -0.903759 
1.13333 0.0097366 0.00154689 -0.0358032 -0.912398 
1.16667 0.00970783 0.00154649 -0.0274237 -0.914441 
1.2 0.00983187 0.00158897 -0.0206146 -0.915544 
1.23333 0.0101509 0.00145779 -0.0132238 -0.913691 
1.26667 0.0104318 0.00142595 -0.00972722 -0.913971 
1.3 0.0107043 0.00142906 -0.0103366 -0.917933 
1.33333 0.0111619 0.00169193 -0.0124529 -0.923876 
1.36667 0.0112783 0.00193237 -0.0171727 -0.933599 
1.4 0.0112741 0.00209261 -0.0227476 -0.945904 
1.43333 0.0109273 0.00219642 -0.030123 -0.962193 
1.46667 0.0110444 0.00223731 -0.037512 -0.980956 
1.5 0.0109854 0.00224255 -0.0425422 -0.999398 
1.53333 0.0110462 0.00211161 -0.0434743 -1.01468 
1.56667 0.0111662 0.00199262 -0.0416374 -1.027 
1.6 0.0112324 0.001824 -0.0378211 -1.03638 
1.63333 0.0114171 0.0017456 -0.0342176 -1.04473 
1.66667 0.0117213 0.00166041 -0.0278028 -1.04856 
1.7 0.0121219 0.00167599 -0.0201872 -1.04884 
1.73333 0.0124573 0.00172678 -0.0159591 -1.05058 
1.76667 0.0126812 0.00197051 -0.0152489 -1.05506 
1.8 0.0129321 0.00218649 -0.0155867 -1.06054 
1.83333 0.0131408 0.00242518 -0.0197794 -1.07069 
1.86667 0.0131766 0.00256501 -0.0291645 -1.08836 
1.9 0.0133792 0.00272067 -0.0374383 -1.10785 
1.93333 0.0136126 0.00265987 -0.0420698 -1.12579 
1.96667 0.0137763 0.00273168 -0.0456959 -1.1441 
2 0.0137918 0.00257804 -0.0475965 -1.16157 
2.03333 0.0139964 0.00247115 -0.0465824 -1.17624 
2.06667 0.0139671 0.00226984 -0.0417488 -1.18606 
2.1 0.0141085 0.00210557 -0.0354471 -1.19254 
2.13333 0.0142931 0.00210799 -0.0278907 -1.19544 
2.16667 0.0147671 0.00216786 -0.0221531 -1.19796 
2.2 0.0149503 0.00224448 -0.0197222 -1.20247 
2.23333 0.0151454 0.00246949 -0.0177996 -1.20678 
2.26667 0.0151973 0.00264408 -0.0203342 -1.2157 
2.3 0.0153649 0.00277351 -0.0278037 -1.2313 
2.33333 0.0155209 0.00289516 -0.0338839 -1.24775 
2.36667 0.015343 0.00309904 -0.0383824 -1.26435 
2.4 0.0150682 0.0032332 -0.0418669 -1.28126 
2.43333 0.0150758 0.00304953 -0.0476874 -1.30208 
2.46667 0.0151134 0.00292863 -0.0469557 -1.31712 
2.5 0.0153361 0.0026423 -0.0486885 -1.33481 
2.53333 0.0153584 0.00252037 -0.0459607 -1.34782 
2.56667 0.01545 0.00230961 -0.039532 -1.35555 
2.6 0.0155102 0.00224375 -0.0325488 -1.36049 
2.63333 0.0155238 0.0021423 -0.0283378 -1.36637 
2.66667 0.0155091 0.00234382 -0.0231466 -1.36969 
2.7 0.0154026 0.00251312 -0.0231323 -1.37738 
2.73333 0.015414 0.00265197 -0.0283239 -1.39122 
2.76667 0.0152227 0.00276373 -0.0346137 -1.40809 
2.8 0.015183 0.00293448 -0.0413131 -1.42754 
2.83333 0.0149876 0.00304926 -0.0473232 -1.4484 
2.86667 0.0152221 0.00291882 -0.0558118 -1.4742 
2.9 0.0151826 0.00275133 -0.0584887 -1.49596 
2.93333 0.0152972 0.00265472 -0.0570347 -1.51374 
2.96667 0.0153868 0.00241209 -0.0544333 -1.52968 
3 0.0155241 0.00220928 -0.0496442 -1.54217 
3.03333 0.0157043 0.00209564 -0.0432996 -1.55123 
3.06667 0.015941 0.0021208 -0.0387298 -1.56027 
3.1 0.0162225 0.00223443 -0.0353183 -1.56915 
3.13333 0.0166641 0.00232925 -0.0383572 -1.58451 
3.16667 0.0166822 0.00271004 -0.0397037 -1.59889 
3.2 0.0166751 0.00295361 -0.0460877 -1.61966 
3.23333 0.0165036 0.00317647 -0.0486223 -1.63801 
3.26667 0.0164208 0.00323589 -0.0561653 -1.66312 
3.3 0.0164393 0.00336052 -0.0600056 -1.68638 
3.33333 0.0165883 0.00337878 -0.0615952 -1.70826 
3.36667 0.0166724 0.00336844 -0.0611017 -1.72821 
3.4 0.016821 0.00326048 -0.0595568 -1.74675 
3.43333 0.0170083 0.00310088 -0.0569703 -1.76355 
3.46667 0.0172086 0.00311388 -0.0505751 -1.77499 
3.5 0.0174684 0.00306303 -0.0463159 -1.78682 
3.53333 0.0176161 0.00313083 -0.0427973 -1.79811 
3.56667 0.0177568 0.00328184 -0.0402315 -1.80934 
3.6 0.0176607 0.00348596 -0.0400298 -1.82251 
