0.245 30 30 
0.339 30 30 
0.447 30 30 
0.541 30 30 
0.65 30 30 
0.729 30 30 
0.791 30 30 
0.868 30 30 
0.932 30 30 
0.993 30 30 
1.056 30 30 
1.135 30 30 
1.228 30 30 
1.337 30 30 
1.401 30 30 
1.462 30 30 
1.526 30 30 
1.619 30 30 
1.682 30 30 
1.76 30 30 
1.822 30 30 
1.9 30 30 
1.979 30 30 
2.057 30 30 
2.135 30 30 
2.213 30 30 
2.291 30 30 
2.37 30 30 
2.446 30 30 
2.526 30 30 
2.604 30 30 
2.698 30 30 
2.776 30 30 
2.854 30 30 
2.932 30 30 
2.995 30 30 
3.056 30 30 
3.12 30 30 
3.213 30 30 
3.291 30 30 
3.384 30 30 
3.464 30 30 
3.526 30 30 
3.589 30 30 
3.651 30 30 
3.761 30 30 
3.839 30 30 
3.933 30 30 
4.026 30 30 
4.089 30 30 
4.165 30 30 
4.229 30 30 
4.323 30 30 
4.384 30 30 
4.463 30 30 
4.541 30 30 
4.635 30 30 
4.745 30 30 
4.822 30 30 
4.885 30 30 
4.964 30 30 
5.026 30 30 
5.089 30 30 
5.181 30 30 
5.292 30 30 
5.369 30 30 
5.433 30 30 
5.525 30 30 
5.588 30 30 
5.65 30 30 
5.73 30 30 
5.792 30 30 
5.869 30 30 
5.962 30 30 
6.056 30 30 
6.135 30 30 
6.197 30 30 
6.26 30 30 
6.338 30 30 
6.416 30 30 
6.495 30 30 
6.572 30 30 
6.681 30 30 
6.776 30 30 
6.853 30 30 
6.948 30 30 
7.025 30 30 
7.104 30 30 
7.213 30 30 
7.292 30 30 
7.37 30 30 
7.432 30 30 
7.495 30 30 
7.558 30 30 
7.619 30 30 
7.682 30 30 
7.759 30 30 
7.837 30 30 
7.932 30 30 
8.025 30 30 
8.088 30 30 
8.182 30 30 
8.26 30 30 
8.337 30 30 
8.416 30 30 
8.494 30 30 
8.572 30 30 
8.666 30 30 
8.76 30 30 
