0.24 30 30 
0.351 30 30 
0.429 30 30 
0.523 30 30 
0.6 30 30 
0.694 30 30 
0.788 30 30 
0.866 30 30 
0.96 30 30 
1.038 30 30 
1.116 30 30 
1.177 30 30 
1.257 30 30 
1.35 30 30 
1.428 30 30 
1.49 30 30 
1.553 30 30 
1.647 30 30 
1.709 30 30 
1.804 30 30 
1.913 30 30 
1.991 30 30 
2.07 30 30 
2.163 30 30 
2.225 30 30 
2.287 30 30 
2.35 30 30 
2.412 30 30 
2.475 30 30 
2.537 30 30 
2.616 30 30 
2.693 30 30 
2.755 30 30 
2.819 30 30 
2.897 30 30 
2.99 30 30 
3.069 30 30 
3.146 30 30 
3.241 30 30 
3.351 30 30 
3.428 30 30 
3.491 30 30 
3.553 30 30 
3.616 30 30 
3.678 30 30 
3.74 30 30 
3.819 30 30 
3.913 30 30 
3.976 30 30 
4.054 30 30 
4.147 30 30 
4.24 30 30 
4.318 30 30 
4.413 30 30 
4.49 30 30 
4.585 30 30 
4.662 30 30 
4.757 30 30 
4.85 30 30 
4.912 30 30 
5.007 30 30 
5.085 30 30 
5.146 30 30 
5.21 30 30 
5.287 30 30 
5.398 30 30 
5.491 30 30 
5.553 30 30 
5.615 30 30 
5.678 30 30 
5.741 30 30 
5.82 30 30 
5.896 30 30 
5.991 30 30 
6.131 30 30 
6.194 30 30 
6.256 30 30 
6.319 30 30 
6.382 30 30 
6.443 30 30 
6.506 30 30 
6.585 30 30 
6.662 30 30 
6.757 30 30 
6.851 30 30 
6.929 30 30 
6.99 30 30 
7.068 30 30 
7.179 30 30 
7.241 30 30 
7.304 30 30 
7.398 30 30 
7.523 30 30 
7.599 30 30 
7.677 30 30 
7.74 30 30 
7.818 30 30 
7.881 30 30 
7.944 30 30 
8.021 30 30 
8.115 30 30 
8.224 30 30 
8.287 30 30 
8.365 30 30 
8.46 30 30 
8.538 30 30 
8.615 30 30 
8.694 30 30 
8.787 30 30 
