0.066667 0.124475 -0.032786 -0.634744 -0.584433 0.691158 0.630190 
0.100000 0.110944 -0.010945 0.286746 -0.610247 0.693069 0.627921 
0.133333 0.079227 0.009652 1.443474 -0.533958 0.697419 0.625264 
0.166667 0.062838 0.012803 1.420079 -0.443159 0.700779 0.627076 
0.200000 0.081543 0.017712 0.932016 -0.474141 0.697947 0.625829 
0.233333 0.118787 0.021211 0.393759 -0.442001 0.705390 0.622688 
0.266667 0.142789 0.013020 -0.432968 -0.382826 0.708819 0.625143 
0.300000 0.143826 0.022081 -1.253992 -0.453644 0.713340 0.621004 
0.333333 0.125889 0.038953 -1.502211 -0.519975 0.717519 0.620333 
0.366667 0.097643 0.041161 -1.466803 -0.576528 0.722344 0.618076 
0.400000 0.082776 0.005790 -1.611507 -0.543046 0.725500 0.622031 
0.433333 0.086566 -0.019049 -1.511052 -0.689690 0.726243 0.615593 
0.466667 0.091666 -0.032064 -0.730886 -0.710579 0.728092 0.615354 
0.500000 0.089043 -0.026822 0.276336 -0.709183 0.731509 0.610537 
0.533333 0.093701 -0.010818 0.942309 -0.670863 0.730884 0.610340 
0.566667 0.115144 0.016312 1.215619 -0.660996 0.734229 0.606117 
0.600000 0.143783 0.033276 1.192503 -0.585785 0.739547 0.606372 
0.633333 0.154154 0.053159 0.803760 -0.589763 0.742007 0.603649 
0.666667 0.134471 0.048923 0.007658 -0.526782 0.750023 0.601812 
0.700000 0.090825 0.037606 -0.818238 -0.557352 0.754575 0.602472 
0.733333 0.067120 0.023096 -1.066029 -0.612864 0.754281 0.602082 
0.766667 0.076742 0.028260 -0.779948 -0.652054 0.758162 0.600677 
0.800000 0.099922 0.040385 -0.776654 -0.669415 0.759365 0.598328 
0.833333 0.118221 0.021096 -1.391735 -0.633301 0.765620 0.601147 
0.866667 0.119870 -0.001384 -1.823163 -0.774989 0.767943 0.595082 
0.900000 0.118975 -0.029420 -1.334537 -0.812014 0.770763 0.593686 
0.933333 0.126242 -0.031632 -0.280277 -0.850394 0.771282 0.588673 
0.966667 0.135597 -0.021096 0.597586 -0.820504 0.773767 0.586374 
1.000000 0.133394 0.003085 1.067175 -0.782753 0.778085 0.581487 
1.033330 0.123993 0.040013 1.144924 -0.796529 0.779741 0.577662 
1.066670 0.135730 0.043849 0.747475 -0.679988 0.785225 0.578932 
1.100000 0.149628 0.042579 0.089405 -0.715601 0.788756 0.576851 
1.133330 0.147633 0.033439 -0.400262 -0.725932 0.795115 0.572115 
1.166670 0.129957 0.033111 -0.677644 -0.729239 0.798092 0.570934 
1.200000 0.119779 0.040585 -0.877973 -0.754904 0.801861 0.569628 
1.233330 0.125337 0.046545 -1.007307 -0.796829 0.806332 0.567130 
1.266670 0.131209 0.042024 -1.231467 -0.851782 0.808537 0.565674 
1.300000 0.123882 0.011153 -1.580121 -0.820819 0.816012 0.563386 
1.333330 0.110054 -0.000625 -1.474883 -0.957521 0.815643 0.558295 
1.366670 0.119938 -0.009425 -0.597947 -0.991570 0.818138 0.557688 
1.400000 0.145267 -0.013156 0.382648 -0.968827 0.818771 0.553630 
1.433330 0.150379 -0.015421 0.780653 -0.936660 0.824177 0.547578 
1.466670 0.132901 -0.006699 0.761010 -0.919396 0.825306 0.543549 
1.500000 0.125725 0.013209 0.816571 -0.890384 0.827604 0.541182 
1.533330 0.130945 0.041931 0.942766 -0.899863 0.829514 0.539654 
1.566670 0.133522 0.049246 0.724210 -0.799827 0.838251 0.533596 
1.600000 0.129162 0.058526 0.045690 -0.831604 0.837268 0.534917 
1.633330 0.137165 0.044570 -0.795275 -0.827947 0.845251 0.533158 
1.666670 0.138585 0.032334 -1.456420 -0.857651 0.848388 0.529049 
1.700000 0.128608 0.034220 -1.774073 -0.942821 0.850925 0.525381 
1.733330 0.134593 0.020186 -1.879344 -1.003870 0.855090 0.523771 
1.766670 0.168340 -0.019998 -1.744944 -0.995433 0.858959 0.521946 
1.800000 0.202572 -0.008577 -0.982335 -1.159450 0.858521 0.512553 
1.833330 0.193333 0.000158 0.176300 -1.122220 0.863040 0.507464 
1.866670 0.153152 0.018554 0.834614 -1.076560 0.865164 0.500231 
1.900000 0.119218 0.025775 0.775335 -1.056880 0.869296 0.500298 
1.933330 0.109640 0.017585 0.548659 -1.043700 0.870365 0.495645 
1.966670 0.117776 0.011710 0.388246 -1.043550 0.873500 0.493227 
2.000000 0.139415 0.014849 0.101081 -0.998161 0.876287 0.488935 
2.033330 0.162899 0.040835 -0.260304 -1.012910 0.876876 0.487591 
2.066670 0.164023 0.070351 -0.504799 -1.058910 0.884945 0.479805 
2.100000 0.153912 0.070743 -0.733173 -1.038720 0.889084 0.478835 
2.133330 0.149207 0.063406 -0.974805 -1.063580 0.891682 0.476333 
2.166670 0.142575 0.059312 -1.096800 -1.160330 0.897397 0.471713 
2.200000 0.125510 0.026547 -1.257673 -1.123870 0.900522 0.467619 
2.233330 0.099805 0.000799 -1.485405 -1.209090 0.902085 0.465572 
2.266670 0.106672 -0.020582 -1.170581 -1.225550 0.904179 0.460946 
2.300000 0.161646 0.002285 -0.019695 -1.328040 0.901607 0.459355 
2.333330 0.225959 0.012019 1.013704 -1.274660 0.903790 0.452147 
2.366670 0.240653 -0.016817 1.028792 -1.145460 0.911758 0.443807 
2.400000 0.203654 0.010415 0.643743 -1.200310 0.910836 0.435069 
2.433330 0.171623 0.055811 0.583406 -1.221070 0.911067 0.431078 
2.466670 0.188511 0.064314 0.307523 -1.109490 0.920700 0.428493 
2.500000 0.206900 0.058489 -0.558679 -1.138330 0.922710 0.422585 
2.533330 0.197817 0.044845 -1.370283 -1.199870 0.927898 0.415292 
2.566670 0.169866 0.030921 -1.640616 -1.236110 0.931810 0.410751 
2.600000 0.151199 0.027185 -1.586745 -1.302850 0.932368 0.406123 
2.633330 0.153884 0.018723 -1.507327 -1.345590 0.935459 0.402561 
2.666670 0.164979 0.005133 -1.269878 -1.365990 0.938068 0.395906 
2.700000 0.177569 0.013590 -0.631420 -1.471910 0.936828 0.390703 
2.733330 0.190133 0.003108 0.091028 -1.429210 0.938979 0.385936 
2.766670 0.185618 -0.000001 0.424897 -1.409740 0.940946 0.378257 
2.800000 0.163324 0.014146 0.549987 -1.405780 0.940753 0.371269 
2.833330 0.148005 0.042850 0.784336 -1.407940 0.941280 0.368710 
2.866670 0.152389 0.056856 0.868824 -1.355240 0.946964 0.364165 
2.900000 0.162407 0.057560 0.496682 -1.308900 0.947838 0.357484 
2.933330 0.177120 0.061254 -0.185600 -1.343890 0.951923 0.353885 
2.966670 0.204082 0.041415 -0.942540 -1.331450 0.954916 0.350037 
3.000000 0.205713 0.020464 -1.604577 -1.377270 0.958381 0.340732 
3.033330 0.167280 0.008812 -2.012403 -1.464770 0.959434 0.334089 
3.066670 0.123633 0.001139 -2.198673 -1.521800 0.958939 0.330048 
3.100000 0.117354 -0.000265 -2.097382 -1.563720 0.959802 0.327402 
3.133330 0.151649 0.009209 -1.399826 -1.688380 0.959279 0.322715 
3.166670 0.198030 0.001101 -0.356495 -1.707780 0.959617 0.317369 
3.200000 0.226022 -0.016351 0.241625 -1.660510 0.958145 0.308271 
3.233330 0.221730 -0.000678 0.273733 -1.662240 0.956223 0.303483 
3.266670 0.184551 0.040073 0.367559 -1.679340 0.956276 0.293468 
3.300000 0.149426 0.073092 0.808568 -1.642910 0.957540 0.287600 
3.333330 0.149071 0.092498 1.120948 -1.633740 0.961135 0.287640 
3.366670 0.169363 0.078985 0.634604 -1.567520 0.963220 0.277987 
3.400000 0.152764 0.062402 -0.570576 -1.533690 0.966828 0.273447 
3.433330 0.100227 0.066298 -1.550054 -1.623660 0.966845 0.267851 
3.466670 0.071029 0.068451 -1.835232 -1.699100 0.969933 0.264833 
