0.261 20 40 
0.339 20 40 
0.433 20 40 
0.496 20 40 
0.575 20 40 
0.651 20 40 
0.715 20 40 
0.793 20 40 
0.887 20 40 
0.964 20 40 
1.059 20 40 
1.12 20 40 
1.184 20 40 
1.245 20 40 
1.339 20 40 
1.418 20 40 
1.481 20 40 
1.559 20 40 
1.653 20 40 
1.731 20 40 
1.792 20 40 
1.856 20 40 
1.918 20 40 
1.98 20 40 
2.058 20 40 
2.136 20 40 
2.231 20 40 
2.324 20 40 
2.418 20 40 
2.48 20 40 
2.558 20 40 
2.621 20 40 
2.699 20 40 
2.777 20 40 
2.839 20 40 
2.933 20 40 
3.011 20 40 
3.089 20 40 
3.153 20 40 
3.214 20 40 
3.292 20 40 
3.356 20 40 
3.418 20 40 
3.481 20 40 
3.559 20 40 
3.637 20 40 
3.73 20 40 
3.793 20 40 
3.855 20 40 
3.919 20 40 
3.98 20 40 
4.044 20 40 
4.136 20 40 
4.215 20 40 
4.292 20 40 
4.401 20 40 
4.496 20 40 
4.559 20 40 
4.637 20 40 
4.714 20 40 
4.777 20 40 
4.839 20 40 
4.917 20 40 
5.012 20 40 
5.089 20 40 
5.168 20 40 
5.247 20 40 
5.324 20 40 
5.387 20 40 
5.449 20 40 
5.527 20 40 
5.605 20 40 
5.716 20 40 
5.794 20 40 
5.856 20 40 
5.948 20 40 
6.012 20 40 
6.104 20 40 
6.184 20 40 
6.292 20 40 
6.386 20 40 
6.448 20 40 
6.528 20 40 
6.606 20 40 
6.699 20 40 
6.778 20 40 
6.855 20 40 
6.917 20 40 
6.996 20 40 
7.09 20 40 
7.153 20 40 
7.215 20 40 
7.294 20 40 
7.355 20 40 
7.418 20 40 
7.48 20 40 
7.558 20 40 
7.667 20 40 
7.761 20 40 
7.854 20 40 
7.917 20 40 
7.979 20 40 
8.058 20 40 
8.121 20 40 
8.198 20 40 
8.293 20 40 
8.403 20 40 
8.495 20 40 
8.574 20 40 
8.652 20 40 
8.747 20 40 
8.808 20 40 
8.902 20 40 
9.011 20 40 
9.09 20 40 
9.153 20 40 
9.23 20 40 
9.324 20 40 
9.402 20 40 
9.495 20 40 
9.574 20 40 
9.652 20 40 
9.729 20 40 
9.793 20 40 
9.855 20 40 
9.933 20 40 
10.011 20 40 
10.09 20 40 
10.153 20 40 
10.23 20 40 
10.309 20 40 
10.386 20 40 
10.497 20 40 
10.558 20 40 
10.653 20 40 
10.714 20 40 
10.793 20 40 
10.903 20 40 
10.996 20 40 
11.075 20 40 
11.151 20 40 
11.23 20 40 
11.309 20 40 
11.387 20 40 
11.448 20 40 
11.512 20 40 
11.59 20 40 
11.699 20 40 
11.792 20 40 
11.855 20 40 
11.933 20 40 
12.012 20 40 
12.136 20 40 
12.214 20 40 
12.293 20 40 
12.387 20 40 
12.496 20 40 
12.558 20 40 
12.622 20 40 
12.699 20 40 
12.778 20 40 
12.839 20 40 
12.933 20 40 
13.011 20 40 
13.073 20 40 
13.183 20 40 
13.246 20 40 
13.339 20 40 
13.417 20 40 
13.495 20 40 
13.573 20 40 
13.684 20 40 
13.777 20 40 
13.855 20 40 
13.933 20 40 
14.012 20 40 
14.089 20 40 
14.153 20 40 
14.23 20 40 
14.325 20 40 
14.418 20 40 
14.497 20 40 
14.558 20 40 
14.621 20 40 
14.698 20 40 
14.792 20 40 
