0.433333 0.020535 -0.001804 -1.133241 -0.403370 0.663296 0.677128 
0.466667 0.034376 0.013965 -1.020449 -0.439336 0.663660 0.676037 
0.500000 0.035917 0.022667 -0.808311 -0.486054 0.666166 0.677353 
0.533333 0.032020 0.012822 -0.342722 -0.494880 0.667188 0.677292 
0.566667 0.038481 0.002498 0.212241 -0.518491 0.668816 0.676541 
0.600000 0.061544 0.003569 0.528648 -0.476825 0.667627 0.676090 
0.633333 0.082120 0.014334 0.550059 -0.458891 0.672442 0.674917 
0.666667 0.079125 0.025891 0.530493 -0.456230 0.674827 0.674608 
0.700000 0.059473 0.031442 0.542613 -0.437619 0.677358 0.673359 
0.733333 0.043314 0.028720 0.318432 -0.412458 0.679099 0.675434 
0.766667 0.039651 0.020659 -0.268871 -0.404253 0.680879 0.674690 
0.800000 0.045005 0.014157 -0.893371 -0.418786 0.681633 0.674563 
0.833333 0.048605 0.013958 -1.165882 -0.491281 0.683922 0.675058 
0.866667 0.044586 0.014948 -1.094145 -0.496935 0.685660 0.673683 
0.900000 0.035104 0.021810 -0.918345 -0.550315 0.686808 0.673918 
0.933333 0.032350 0.022266 -0.757522 -0.567452 0.687891 0.673851 
0.966667 0.043091 0.010565 -0.560302 -0.587871 0.690074 0.674307 
1.000000 0.063333 -0.002327 -0.224650 -0.614327 0.690497 0.673928 
1.033330 0.075260 -0.002763 0.250291 -0.606273 0.692503 0.670720 
1.066670 0.066865 0.011087 0.721577 -0.592952 0.695561 0.670191 
1.100000 0.049625 0.027699 0.953702 -0.565426 0.696919 0.669440 
1.133330 0.043861 0.036699 0.736079 -0.527633 0.698521 0.669527 
1.166670 0.053507 0.032887 0.178624 -0.489779 0.700873 0.671206 
1.200000 0.062635 0.025430 -0.303859 -0.532308 0.702449 0.669603 
1.233330 0.061025 0.015374 -0.534605 -0.530601 0.705464 0.669815 
1.266670 0.047915 0.013985 -0.712459 -0.551339 0.707497 0.669180 
1.300000 0.037438 0.022984 -0.927177 -0.570952 0.707730 0.668082 
1.333330 0.038343 0.030486 -1.023132 -0.615940 0.709894 0.668633 
1.366670 0.046561 0.021220 -0.974343 -0.657340 0.711468 0.670158 
1.400000 0.050599 0.003506 -0.938081 -0.666692 0.713745 0.667590 
1.433330 0.048492 -0.000825 -0.875376 -0.706384 0.714342 0.666706 
1.466670 0.048639 0.005848 -0.558306 -0.740810 0.715040 0.666245 
1.500000 0.052141 0.008629 -0.016247 -0.754035 0.717357 0.664867 
1.533330 0.055482 0.003147 0.430572 -0.734480 0.718777 0.664450 
1.566670 0.059075 0.003211 0.611460 -0.711879 0.720003 0.662682 
1.600000 0.063499 0.018506 0.666458 -0.698717 0.721034 0.661576 
1.633330 0.066293 0.040720 0.762242 -0.673442 0.724602 0.660757 
1.666670 0.064359 0.057830 0.849629 -0.649358 0.726065 0.661285 
1.700000 0.055628 0.062548 0.755778 -0.620771 0.730225 0.661271 
1.733330 0.045038 0.053138 0.465478 -0.575727 0.732374 0.662181 
1.766670 0.039857 0.033954 0.100886 -0.610219 0.733978 0.662555 
1.800000 0.047774 0.005635 -0.342028 -0.577092 0.735724 0.663727 
1.833330 0.050772 -0.010422 -0.821472 -0.597401 0.736808 0.660786 
1.866670 0.043591 -0.006939 -1.068961 -0.656235 0.738804 0.659827 
1.900000 0.037910 0.000666 -0.958216 -0.677476 0.738203 0.658916 
1.933330 0.045281 0.001638 -0.622183 -0.706220 0.740752 0.659341 
1.966670 0.057913 -0.000248 -0.137969 -0.720773 0.740920 0.657144 
2.000000 0.059467 0.011002 0.507919 -0.717655 0.743358 0.656545 
2.033330 0.047352 0.039516 1.159227 -0.691595 0.744739 0.654466 
2.066670 0.040783 0.062677 1.395931 -0.655341 0.746738 0.654811 
2.100000 0.061357 0.054152 0.978488 -0.563369 0.750560 0.659230 
2.133330 0.092241 0.039078 0.280312 -0.577876 0.751793 0.656467 
2.166670 0.111662 0.039001 -0.254148 -0.594714 0.755193 0.655227 
2.200000 0.102458 0.039405 -0.682193 -0.577692 0.761561 0.654961 
2.233330 0.076527 0.032809 -1.079674 -0.612882 0.762888 0.653979 
2.266670 0.059712 0.023252 -1.240463 -0.678000 0.765802 0.654587 
2.300000 0.055342 0.018619 -1.100097 -0.696516 0.766658 0.652334 
2.333330 0.054499 0.015430 -0.761125 -0.736815 0.769523 0.651830 
2.366670 0.061261 0.001829 -0.257395 -0.752476 0.771124 0.652282 
2.400000 0.073358 -0.008213 0.278673 -0.770691 0.771589 0.649695 
2.433330 0.078682 -0.005828 0.603470 -0.715716 0.774220 0.646873 
2.466670 0.078095 0.015110 0.678091 -0.722851 0.775784 0.645853 
2.500000 0.080188 0.034874 0.643019 -0.689222 0.778590 0.645343 
2.533330 0.083017 0.048285 0.556235 -0.664443 0.780654 0.643437 
2.566670 0.078055 0.052903 0.322675 -0.671023 0.785857 0.644811 
2.600000 0.071214 0.050505 -0.144860 -0.630627 0.787656 0.643476 
2.633330 0.061748 0.056797 -0.644451 -0.658681 0.789648 0.643690 
2.666670 0.054289 0.057805 -0.874487 -0.706555 0.794383 0.643982 
2.700000 0.056130 0.044102 -0.919290 -0.723458 0.795458 0.645191 
2.733330 0.063327 0.026625 -1.005181 -0.736119 0.797852 0.643834 
2.766670 0.066284 0.014632 -1.045224 -0.801728 0.800239 0.642453 
2.800000 0.068881 -0.000060 -0.843911 -0.816369 0.802421 0.642073 
2.833330 0.078822 -0.007188 -0.345794 -0.841586 0.802727 0.639203 
2.866670 0.094661 0.000190 0.321560 -0.860794 0.805264 0.637741 
2.900000 0.106034 0.013616 0.802664 -0.822534 0.806935 0.634505 
2.933330 0.106415 0.024851 0.856918 -0.778736 0.810566 0.632428 
2.966670 0.095724 0.027973 0.666741 -0.768988 0.813758 0.631369 
3.000000 0.082632 0.026747 0.419740 -0.759876 0.816820 0.629610 
3.033330 0.076932 0.036466 -0.003927 -0.728504 0.818637 0.628664 
3.066670 0.078974 0.057741 -0.625170 -0.744972 0.820760 0.626968 
3.100000 0.084357 0.065149 -1.123832 -0.776628 0.826388 0.628827 
3.133330 0.084962 0.055308 -1.212671 -0.827913 0.828385 0.627249 
3.166670 0.075245 0.039204 -1.002732 -0.867150 0.831606 0.625778 
3.200000 0.061361 0.020991 -0.838966 -0.891512 0.835097 0.624432 
3.233330 0.060408 0.001077 -0.775574 -0.894254 0.834575 0.624760 
3.266670 0.073484 -0.006994 -0.522722 -0.960726 0.837119 0.621756 
3.300000 0.085718 -0.007646 -0.020532 -0.952195 0.837515 0.619303 
3.333330 0.092979 0.000439 0.445866 -0.937449 0.839902 0.617044 
3.366670 0.098103 0.013650 0.692029 -0.923303 0.841424 0.614682 
3.400000 0.096406 0.024629 0.690927 -0.901878 0.843462 0.612343 
3.433330 0.085238 0.027011 0.426074 -0.868224 0.848200 0.609994 
3.466670 0.073230 0.030083 -0.001038 -0.865559 0.848719 0.610004 
3.500000 0.069741 0.041966 -0.399603 -0.883368 0.851336 0.607432 
3.533330 0.075135 0.054471 -0.657846 -0.883915 0.854524 0.607361 
3.566670 0.081641 0.058860 -0.770441 -0.929484 0.857061 0.606918 
3.600000 0.089079 0.050133 -0.861668 -0.948644 0.861649 0.605328 
3.633330 0.093582 0.040901 -1.065294 -0.968313 0.863177 0.603442 
3.666670 0.093375 0.033121 -1.230045 -1.014630 0.865914 0.601940 
3.700000 0.091670 0.016762 -1.005626 -1.057330 0.870162 0.599268 
3.733330 0.095098 0.000768 -0.333373 -1.096240 0.870102 0.597303 
3.766670 0.101229 -0.004366 0.348563 -1.086530 0.871164 0.594179 
3.800000 0.100361 0.001456 0.566976 -1.052550 0.873994 0.590491 
3.833330 0.098815 0.011573 0.405910 -1.031430 0.875062 0.587478 
3.866670 0.107943 0.023411 0.297746 -1.041910 0.877358 0.586896 
3.900000 0.115369 0.034888 0.281296 -1.041710 0.879753 0.582805 
3.933330 0.104656 0.040519 0.039370 -0.988277 0.883758 0.578899 
3.966670 0.080470 0.051119 -0.455482 -1.034880 0.886325 0.579277 
4.000000 0.072130 0.049949 -0.926193 -1.038750 0.888938 0.576709 
4.033330 0.079877 0.044497 -1.149736 -1.077960 0.891081 0.576614 
4.066670 0.092371 0.034805 -1.076545 -1.133560 0.894655 0.573771 
4.100000 0.097535 0.023514 -0.883525 -1.153450 0.896189 0.571875 
4.133330 0.087982 0.021057 -0.766556 -1.176220 0.897899 0.568198 
4.166670 0.074022 0.020379 -0.609216 -1.196670 0.899907 0.565926 
4.200000 0.073008 0.014928 -0.204999 -1.237170 0.901467 0.565431 
4.233330 0.087117 0.004308 0.318247 -1.215220 0.902285 0.562270 
4.266670 0.098613 0.000624 0.630160 -1.201560 0.903026 0.559137 
4.300000 0.097563 0.000461 0.579376 -1.176260 0.905387 0.556155 
4.333330 0.090684 0.002847 0.291827 -1.154680 0.905695 0.552969 
4.366670 0.089445 0.012092 0.006219 -1.158430 0.907570 0.550820 
4.400000 0.093648 0.032831 -0.196601 -1.173030 0.909351 0.548857 
4.433330 0.096892 0.056804 -0.385276 -1.154730 0.910931 0.544710 
4.466670 0.095026 0.067513 -0.526160 -1.190880 0.915087 0.543739 
4.500000 0.096282 0.046186 -0.629266 -1.220660 0.919761 0.542776 
4.533330 0.095097 0.017095 -0.877542 -1.214940 0.919590 0.538327 
4.566670 0.084924 0.015656 -1.192854 -1.254540 0.921875 0.535511 
4.600000 0.078621 0.029111 -1.203215 -1.321590 0.922196 0.533640 
4.633330 0.088291 0.027828 -0.794488 -1.343510 0.925364 0.532242 
4.666670 0.103053 0.012198 -0.170694 -1.353660 0.926351 0.528029 
4.700000 0.105225 0.002070 0.375536 -1.377020 0.927112 0.525698 
4.733330 0.093567 -0.002343 0.523944 -1.323770 0.927141 0.519969 
4.766670 0.082766 0.004319 0.281116 -1.309930 0.928959 0.520147 
4.800000 0.081543 0.013357 0.114329 -1.317260 0.929173 0.515797 
4.833330 0.086044 0.022984 0.249704 -1.333900 0.930282 0.513775 
4.866670 0.091619 0.025920 0.318724 -1.292320 0.932883 0.511737 
4.900000 0.093821 0.030354 0.047829 -1.281880 0.933421 0.507584 
4.933330 0.094463 0.034918 -0.336132 -1.300920 0.936020 0.506067 
4.966670 0.093491 0.034644 -0.608453 -1.323930 0.938105 0.503501 
5.000000 0.087470 0.029821 -0.802395 -1.324070 0.939678 0.499368 
5.033330 0.077972 0.028045 -0.933299 -1.374190 0.940829 0.498093 
5.066670 0.075554 0.023030 -1.028924 -1.408460 0.943321 0.495789 
5.100000 0.082093 0.018993 -1.176392 -1.425660 0.943058 0.492571 
5.133330 0.093229 0.019176 -1.171339 -1.465920 0.944207 0.490730 
5.166670 0.099817 0.020665 -0.695630 -1.534140 0.946465 0.487436 
5.200000 0.095690 0.016369 -0.012465 -1.534500 0.945448 0.482840 
5.233330 0.088375 0.012680 0.275877 -1.502710 0.946975 0.480937 
5.266670 0.093123 0.010467 0.179298 -1.491720 0.947541 0.477684 
5.300000 0.108054 0.012918 0.237161 -1.516160 0.948146 0.475632 
5.333330 0.119104 0.018852 0.527705 -1.501040 0.948470 0.469612 
5.366670 0.120936 0.027296 0.525375 -1.468310 0.949653 0.467346 
5.400000 0.115791 0.031256 -0.001389 -1.433340 0.951382 0.462908 
5.433330 0.101170 0.039311 -0.650417 -1.479350 0.953308 0.459113 
5.466670 0.086046 0.045128 -1.037234 -1.503360 0.954352 0.456539 
5.500000 0.081871 0.045058 -1.159843 -1.523710 0.955399 0.453449 
5.533330 0.091630 0.033635 -1.156566 -1.599610 0.959027 0.451890 
5.566670 0.106562 0.010856 -1.115118 -1.588820 0.958524 0.447803 
5.600000 0.100772 0.014851 -1.017269 -1.667600 0.957840 0.443953 
5.633330 0.081714 0.020217 -0.770122 -1.676560 0.957755 0.440112 
5.666670 0.083169 0.014859 -0.282625 -1.687410 0.960842 0.438011 
5.700000 0.111879 0.008629 0.301549 -1.738830 0.958172 0.437933 
5.733330 0.127701 -0.001695 0.508788 -1.664840 0.959103 0.429717 
5.766670 0.111048 0.006220 0.261698 -1.639000 0.957186 0.425682 
5.800000 0.095235 0.027485 0.146070 -1.689100 0.959122 0.424493 
5.833330 0.103361 0.041661 0.292917 -1.666170 0.958917 0.420702 
5.866670 0.108402 0.051613 0.076329 -1.646830 0.960180 0.417344 
5.900000 0.094435 0.052037 -0.644239 -1.610850 0.962802 0.410324 
5.933330 0.074642 0.055128 -1.228312 -1.721960 0.962780 0.412192 
5.966670 0.081351 0.038520 -1.373558 -1.732650 0.965461 0.406613 
6.000000 0.099583 0.019087 -1.326821 -1.764650 0.965986 0.404535 
6.033330 0.114690 0.014147 -1.142857 -1.828810 0.964366 0.400906 
6.066670 0.115987 0.019154 -0.740285 -1.864210 0.964017 0.396771 
6.100000 0.102436 0.021428 -0.216137 -1.860190 0.964639 0.392523 
6.133330 0.089356 0.022773 0.301676 -1.869880 0.963092 0.389422 
6.166670 0.095863 0.018999 0.533553 -1.888340 0.962992 0.386987 
6.200000 0.111129 -0.004218 0.218350 -1.778230 0.965407 0.384989 
6.233330 0.106782 0.005255 -0.242744 -1.857220 0.959955 0.377063 
6.266670 0.097523 0.011686 -0.402410 -1.854850 0.960832 0.377188 
