0.7 0.00357077 0.00075393 0.012231 0.113553 
0.733333 0.00376019 0.000803986 0.0120223 0.12022 
0.766667 0.00398355 0.000868525 0.00829631 0.120033 
0.8 0.00418549 0.000905019 0.00408762 0.117467 
0.833333 0.00435553 0.000883923 0.000958448 0.114891 
0.866667 0.00452026 0.00074829 0.00260836 0.117214 
0.9 0.0045882 0.000621769 0.002185 0.117499 
0.933333 0.00464157 0.000500729 0.00452564 0.120981 
0.966667 0.00465754 0.000380181 0.00767527 0.126201 
1 0.00466037 0.000291745 0.0114522 0.133221 
1.03333 0.00464766 0.000229 0.0165169 0.143022 
1.06667 0.00470783 0.000320037 0.0190534 0.151525 
1.1 0.00480844 0.000494048 0.0208442 0.159992 
1.13333 0.0048404 0.000565488 0.018461 0.164127 
1.16667 0.004909 0.000535374 0.013176 0.164042 
1.2 0.00505214 0.000673957 0.0108446 0.165682 
1.23333 0.0051831 0.000704879 0.00809165 0.166047 
1.26667 0.00529931 0.000766553 0.00303064 0.16277 
1.3 0.00538715 0.000715773 0.000697002 0.161025 
1.33333 0.00553743 0.000670412 0.000457139 0.160974 
1.36667 0.00558551 0.000542297 0.00165906 0.162545 
1.4 0.00563098 0.000412125 0.0033631 0.16511 
1.43333 0.00570781 0.000312942 0.00622982 0.169615 
1.46667 0.00573495 0.000218403 0.00894582 0.174898 
1.5 0.00579318 0.000100735 0.0148667 0.184869 
1.53333 0.00583064 5.87071e-005 0.0200018 0.195886 
1.56667 0.00596068 0.000146278 0.0232115 0.206343 
1.6 0.00607939 0.000296215 0.0223541 0.213068 
1.63333 0.00617578 0.000390691 0.0207741 0.218654 
1.66667 0.00627768 0.000520702 0.0188206 0.223273 
1.7 0.00634025 0.000644931 0.0145501 0.224505 
1.73333 0.00648005 0.000709742 0.0106143 0.224709 
1.76667 0.00651112 0.000850201 0.00664927 0.223566 
1.8 0.00656827 0.000734185 0.00437318 0.223096 
1.83333 0.00664542 0.000506074 0.00393312 0.224034 
1.86667 0.00681233 0.000302229 0.00645959 0.228328 
1.9 0.00690145 0.000180086 0.00950962 0.234081 
1.93333 0.00699945 -1.45062e-005 0.0141687 0.242751 
1.96667 0.00718186 -9.82381e-005 0.0185007 0.252588 
2 0.00723643 -0.000179529 0.0230091 0.264077 
2.03333 0.00729305 -0.000195272 0.025472 0.274654 
2.06667 0.00741068 -0.000144357 0.0251927 0.282815 
2.1 0.0076457 -2.75428e-005 0.0234025 0.289099 
2.13333 0.00776851 -7.2247e-006 0.0208149 0.293845 
2.16667 0.00787702 0.000105509 0.017303 0.296638 
2.2 0.00809281 0.000196182 0.0130185 0.297348 
2.23333 0.00814317 0.000212998 0.00821944 0.296022 
2.26667 0.00820463 0.00014539 0.00589027 0.296013 
2.3 0.00824624 5.21456e-007 0.0056723 0.297719 
2.33333 0.00825578 -0.00014678 0.00676225 0.300896 
2.36667 0.00828779 -0.00027704 0.010245 0.307261 
2.4 0.00833164 -0.000406606 0.0133377 0.314327 
2.43333 0.00848055 -0.000510753 0.0184171 0.324769 
2.46667 0.00853836 -0.000562996 0.0228969 0.336196 
2.5 0.00870497 -0.000681532 0.0252266 0.346579 
2.53333 0.00883026 -0.000556752 0.0257743 0.355634 
2.56667 0.0088343 -0.000396783 0.0241204 0.362273 
2.6 0.00880649 -0.000274001 0.0202644 0.365762 
2.63333 0.00900678 -0.000204075 0.0165951 0.368185 
2.66667 0.00912213 -0.000168928 0.0111488 0.367288 
2.7 0.00914504 -0.000177329 0.00773036 0.366968 
2.73333 0.00928531 -0.000212934 0.00565532 0.367096 
2.76667 0.00946016 -0.000305328 0.00654981 0.370037 
2.8 0.00948148 -0.000477596 0.00924391 0.3754 
2.83333 0.0094799 -0.000612771 0.0126725 0.382529 
2.86667 0.00959442 -0.000687477 0.0174972 0.392449 
2.9 0.00961886 -0.000729875 0.0212665 0.40273 
2.93333 0.00964164 -0.000788846 0.0229628 0.411822 
2.96667 0.00975012 -0.000733543 0.0242878 0.42104 
3 0.00984489 -0.00057387 0.0235443 0.428258 
3.03333 0.00998554 -0.000470489 0.0209717 0.43307 
3.06667 0.0101321 -0.000403706 0.0172168 0.435628 
3.1 0.0103026 -0.000341019 0.0122691 0.435526 
3.13333 0.0104966 -0.000378986 0.00886777 0.4356 
3.16667 0.0106366 -0.000412319 0.00668264 0.435977 
3.2 0.0107968 -0.000484013 0.00594824 0.437338 
3.23333 0.0108801 -0.000564264 0.0071422 0.44073 
3.26667 0.0109934 -0.000718866 0.0111359 0.447825 
3.3 0.0110714 -0.000821955 0.0157179 0.456946 
3.33333 0.0111434 -0.000952752 0.0192199 0.466319 
3.36667 0.0111474 -0.000954955 0.0213014 0.475183 
3.4 0.0111733 -0.000860047 0.0233742 0.48473 
3.43333 0.0112416 -0.00081697 0.0234489 0.49261 
3.46667 0.011314 -0.000779119 0.0210389 0.497581 
3.5 0.0113366 -0.000722795 0.0176765 0.500625 
3.53333 0.0113773 -0.000641449 0.0126405 0.500572 
3.56667 0.0114327 -0.000560747 0.00907131 0.500572 
3.6 0.0114685 -0.000527371 0.00628796 0.50031 
3.63333 0.0115264 -0.000651991 0.0050649 0.500963 
3.66667 0.0114979 -0.000732033 0.00628534 0.504092 
3.7 0.011536 -0.000809513 0.00895346 0.509336 
3.73333 0.0115565 -0.000997993 0.0126214 0.516651 
3.76667 0.011532 -0.00108859 0.0170302 0.526062 
3.8 0.0115231 -0.00114429 0.021594 0.537126 
3.83333 0.0114601 -0.00114871 0.0242243 0.547429 
3.86667 0.0113962 -0.00109014 0.02539 0.55688 
3.9 0.0113266 -0.00100675 0.0239058 0.563592 
3.93333 0.0112359 -0.000899607 0.021507 0.568728 
3.96667 0.0112275 -0.000847535 0.0180006 0.571758 
4 0.0111543 -0.000785675 0.013669 0.572645 
4.03333 0.0112091 -0.000721723 0.00867359 0.571305 
4.06667 0.0112029 -0.000630515 0.00513238 0.570016 
4.1 0.0112248 -0.000748178 0.00378743 0.570139 
4.13333 0.011248 -0.000949292 0.00445845 0.572193 
4.16667 0.0112599 -0.00106079 0.00704794 0.576736 
4.2 0.0112567 -0.00116877 0.0119052 0.584819 
4.23333 0.011282 -0.00121806 0.017192 0.595029 
4.26667 0.0113574 -0.00131176 0.0228752 0.607468 
4.3 0.011493 -0.00136311 0.0257571 0.618495 
4.33333 0.0116478 -0.00128918 0.0261454 0.627539 
4.36667 0.0118381 -0.00121898 0.0250034 0.634906 
4.4 0.0120062 -0.00117021 0.023617 0.641604 
4.43333 0.0120437 -0.0010998 0.0191693 0.644226 
