0.26 25 -20 
0.369 25 -20 
0.464 25 -20 
0.542 25 -20 
0.636 25 -20 
0.712 25 -20 
0.774 25 -20 
0.868 25 -20 
0.963 25 -20 
1.057 25 -20 
1.15 25 -20 
1.212 25 -20 
1.275 25 -20 
1.354 25 -20 
1.415 25 -20 
1.479 25 -20 
1.557 25 -20 
1.634 25 -20 
1.714 25 -20 
1.791 25 -20 
1.854 25 -20 
1.917 25 -20 
1.995 25 -20 
2.072 25 -20 
2.167 25 -20 
2.245 25 -20 
2.307 25 -20 
2.385 25 -20 
2.462 25 -20 
2.524 25 -20 
2.588 25 -20 
2.665 25 -20 
2.744 25 -20 
2.806 25 -20 
2.869 25 -20 
2.979 25 -20 
3.056 25 -20 
3.12 25 -20 
3.212 25 -20 
3.276 25 -20 
3.354 25 -20 
3.416 25 -20 
3.478 25 -20 
3.542 25 -20 
3.635 25 -20 
3.713 25 -20 
3.791 25 -20 
3.885 25 -20 
3.947 25 -20 
4.011 25 -20 
4.072 25 -20 
4.151 25 -20 
4.213 25 -20 
4.276 25 -20 
4.385 25 -20 
4.509 25 -20 
4.588 25 -20 
4.682 25 -20 
4.744 25 -20 
4.806 25 -20 
4.884 25 -20 
4.994 25 -20 
5.088 25 -20 
5.151 25 -20 
5.213 25 -20 
5.307 25 -20 
5.386 25 -20 
5.448 25 -20 
5.511 25 -20 
5.572 25 -20 
5.635 25 -20 
5.714 25 -20 
5.792 25 -20 
5.885 25 -20 
5.947 25 -20 
6.041 25 -20 
6.118 25 -20 
6.212 25 -20 
6.29 25 -20 
6.385 25 -20 
6.494 25 -20 
6.572 25 -20 
6.666 25 -20 
6.744 25 -20 
6.807 25 -20 
6.901 25 -20 
6.979 25 -20 
7.057 25 -20 
7.151 25 -20 
7.214 25 -20 
7.306 25 -20 
7.385 25 -20 
7.463 25 -20 
7.558 25 -20 
7.635 25 -20 
7.743 25 -20 
7.821 25 -20 
7.9 25 -20 
7.979 25 -20 
8.056 25 -20 
8.134 25 -20 
8.213 25 -20 
8.291 25 -20 
8.401 25 -20 
8.494 25 -20 
8.556 25 -20 
8.619 25 -20 
8.682 25 -20 
8.744 25 -20 
8.823 25 -20 
8.9 25 -20 
8.978 25 -20 
9.056 25 -20 
9.119 25 -20 
9.182 25 -20 
9.244 25 -20 
9.322 25 -20 
9.385 25 -20 
9.446 25 -20 
9.51 25 -20 
9.571 25 -20 
9.634 25 -20 
9.744 25 -20 
9.837 25 -20 
9.916 25 -20 
9.995 25 -20 
10.088 25 -20 
10.167 25 -20 
10.26 25 -20 
10.353 25 -20 
10.464 25 -20 
10.526 25 -20 
10.589 25 -20 
10.651 25 -20 
