0.066667 0.019805 0.015382 0.045122 0.128065 0.674509 0.312740 
0.100000 0.023673 0.025109 -0.107341 0.130543 0.673494 0.312728 
0.133333 0.037658 0.035789 -0.220948 0.084883 0.673958 0.314797 
0.166667 0.055447 0.024885 -0.239072 0.133508 0.676905 0.316622 
0.200000 0.057313 0.013165 -0.446031 0.092689 0.678345 0.316529 
0.233333 0.054308 0.002565 -0.669090 0.084926 0.680013 0.316901 
0.266667 0.052734 -0.009795 -0.646827 0.055820 0.681536 0.317393 
0.300000 0.052774 -0.021822 -0.265823 0.032942 0.684065 0.317457 
0.333333 0.053174 -0.014981 0.438452 0.043982 0.685106 0.315947 
0.366667 0.050125 0.012867 1.137777 0.044627 0.686613 0.314303 
0.400000 0.040432 0.025186 1.266097 0.112583 0.689951 0.317571 
0.433333 0.030327 0.010335 0.761587 0.191341 0.688892 0.319184 
0.466667 0.031618 -0.002614 0.310791 0.141507 0.690763 0.317083 
0.500000 0.043602 0.002681 0.246844 0.149969 0.691323 0.318058 
0.533333 0.052829 0.014903 0.154992 0.210152 0.693780 0.318278 
0.566667 0.050970 0.025057 -0.143974 0.169935 0.694836 0.320099 
0.600000 0.044776 0.023367 -0.361263 0.175139 0.696636 0.320845 
0.633333 0.040018 0.018774 -0.352866 0.154820 0.697604 0.321556 
0.666667 0.042275 0.013455 -0.285539 0.143020 0.698871 0.322801 
0.700000 0.053210 0.009260 -0.407320 0.134380 0.700548 0.322889 
0.733333 0.066412 0.002919 -0.675811 0.143510 0.701611 0.323242 
0.766667 0.067331 -0.004209 -0.651391 0.082386 0.704835 0.324224 
0.800000 0.053937 -0.016680 -0.098808 0.071616 0.707662 0.323951 
0.833333 0.042291 -0.020230 0.576413 0.073866 0.707748 0.322827 
0.866667 0.041127 -0.016031 0.879407 0.135997 0.709609 0.322014 
0.900000 0.043367 -0.010219 0.843265 0.139781 0.711273 0.322824 
0.933333 0.041022 -0.008211 0.766794 0.169280 0.712846 0.322342 
0.966667 0.042153 -0.000845 0.724889 0.199767 0.714048 0.322081 
1.000000 0.054097 0.015285 0.583611 0.210260 0.715216 0.322835 
1.033330 0.071953 0.029577 0.260121 0.248574 0.717232 0.323572 
1.066670 0.079782 0.036863 -0.140671 0.231037 0.719511 0.326022 
1.100000 0.074221 0.029020 -0.426367 0.230911 0.722102 0.327774 
1.133330 0.064958 0.018266 -0.525209 0.203555 0.724400 0.329349 
1.166670 0.064823 0.010537 -0.534853 0.189456 0.725071 0.328635 
1.200000 0.070411 0.004919 -0.551372 0.177585 0.728596 0.331223 
1.233330 0.074324 -0.000775 -0.477354 0.158002 0.730214 0.330421 
1.266670 0.074915 -0.005283 -0.147741 0.138054 0.733178 0.331280 
1.300000 0.068492 -0.010003 0.320112 0.131554 0.734736 0.330744 
1.333330 0.053487 -0.016439 0.603407 0.174021 0.738773 0.331859 
1.366670 0.042825 -0.015450 0.655667 0.189386 0.738597 0.330053 
1.400000 0.046154 -0.009834 0.725885 0.199441 0.740246 0.330536 
1.433330 0.059525 -0.005410 0.893818 0.233491 0.743028 0.331092 
1.466670 0.075991 0.002092 0.938179 0.259730 0.743499 0.330899 
1.500000 0.087609 0.014799 0.651696 0.301755 0.747640 0.331981 
1.533330 0.087314 0.029023 0.123580 0.313997 0.749961 0.333526 
1.566670 0.077915 0.031897 -0.322088 0.303902 0.751965 0.336098 
1.600000 0.067825 0.022748 -0.488246 0.283948 0.754027 0.337569 
1.633330 0.060781 0.013053 -0.508625 0.262679 0.756016 0.338187 
1.666670 0.057611 0.009284 -0.552337 0.270890 0.758012 0.339574 
1.700000 0.057250 0.012566 -0.520855 0.226880 0.758898 0.339703 
1.733330 0.063191 0.002686 -0.275568 0.214748 0.762629 0.340276 
1.766670 0.081248 -0.025778 0.126406 0.223440 0.762360 0.342856 
1.800000 0.104749 -0.045126 0.565870 0.220688 0.766778 0.340046 
1.833330 0.111104 -0.036407 0.926365 0.251552 0.771163 0.338629 
1.866670 0.101258 -0.012713 1.097489 0.298011 0.776315 0.340749 
1.900000 0.095451 0.004438 1.048463 0.316036 0.776046 0.340706 
1.933330 0.093721 0.005568 0.786884 0.368320 0.780768 0.342019 
1.966670 0.086351 0.008963 0.350129 0.374409 0.784606 0.344141 
2.000000 0.087553 0.013370 -0.124347 0.390810 0.785539 0.344681 
2.033330 0.102397 0.017495 -0.473417 0.364247 0.787243 0.345568 
2.066670 0.105711 0.010805 -0.640456 0.353562 0.792440 0.349316 
2.100000 0.089025 0.003957 -0.667920 0.327642 0.795693 0.350427 
2.133330 0.078109 0.003542 -0.605477 0.303859 0.796732 0.348908 
2.166670 0.082314 -0.001162 -0.428881 0.294930 0.799273 0.352013 
2.200000 0.086560 -0.015722 -0.060521 0.275349 0.803208 0.352780 
2.233330 0.083963 -0.027300 0.421187 0.272592 0.805120 0.351609 
2.266670 0.077466 -0.025064 0.760823 0.313784 0.808657 0.351593 
2.300000 0.072931 -0.012309 0.883157 0.341436 0.811291 0.352122 
2.333330 0.074883 -0.001551 0.945469 0.353851 0.813057 0.352694 
2.366670 0.084329 0.000983 0.983005 0.402715 0.815643 0.353674 
2.400000 0.094094 0.004339 0.855414 0.426339 0.818272 0.354837 
2.433330 0.098279 0.008912 0.474565 0.456603 0.821731 0.356647 
2.466670 0.097648 0.014994 -0.076092 0.466145 0.823736 0.358193 
2.500000 0.094502 0.016156 -0.561240 0.451852 0.826804 0.360031 
2.533330 0.095868 0.008192 -0.773042 0.419909 0.829702 0.362974 
2.566670 0.110594 -0.005768 -0.720655 0.397611 0.831625 0.362691 
2.600000 0.129178 -0.016639 -0.547504 0.374752 0.835850 0.364603 
2.633330 0.131575 -0.023012 -0.298103 0.369351 0.841135 0.365967 
2.666670 0.120330 -0.020012 0.086755 0.348576 0.845432 0.366044 
2.700000 0.112758 -0.018059 0.559676 0.367389 0.848105 0.366901 
2.733330 0.113265 -0.017723 0.934512 0.393610 0.852276 0.368062 
2.766670 0.111048 -0.016988 1.078263 0.428950 0.856227 0.368786 
2.800000 0.102024 -0.010485 0.995904 0.471560 0.859645 0.369906 
2.833330 0.091779 0.004083 0.702454 0.484472 0.862263 0.371352 
2.866670 0.088234 0.012627 0.201483 0.522089 0.865678 0.372585 
2.900000 0.095858 0.015227 -0.290266 0.521131 0.865987 0.375733 
2.933330 0.109272 0.019028 -0.473223 0.475357 0.870255 0.376485 
2.966670 0.118712 0.016286 -0.454073 0.475395 0.873317 0.379091 
3.000000 0.119162 0.003926 -0.559693 0.472586 0.875901 0.382323 
3.033330 0.117285 -0.013180 -0.694421 0.447285 0.880480 0.383294 
3.066670 0.121333 -0.023838 -0.468787 0.410126 0.883560 0.383849 
3.100000 0.127989 -0.026033 0.142288 0.400480 0.887662 0.385445 
3.133330 0.127906 -0.021560 0.742483 0.427979 0.892805 0.385515 
3.166670 0.120712 -0.011985 1.057636 0.464885 0.896291 0.387397 
3.200000 0.113385 -0.004726 1.159479 0.496079 0.900122 0.388886 
3.233330 0.108815 -0.005915 1.109967 0.526480 0.902550 0.390273 
3.266670 0.106975 -0.012808 0.784406 0.576002 0.907167 0.392906 
3.300000 0.112611 -0.009060 0.223140 0.598270 0.908690 0.393479 
3.333330 0.124892 0.008397 -0.246607 0.580963 0.913556 0.395204 
3.366670 0.133562 0.016935 -0.453680 0.564355 0.916190 0.398797 
3.400000 0.134104 0.001437 -0.560765 0.558616 0.919477 0.402337 
3.433330 0.128697 -0.019645 -0.680526 0.540739 0.923595 0.403424 
3.466670 0.121644 -0.022596 -0.690236 0.502981 0.928350 0.404917 
3.500000 0.115211 -0.013499 -0.453982 0.495913 0.931366 0.405813 
3.533330 0.110042 -0.004263 -0.007304 0.470402 0.935087 0.407523 
3.566670 0.101398 -0.011526 0.422577 0.484477 0.938006 0.409809 
3.600000 0.091872 -0.022066 0.633569 0.516328 0.941616 0.410375 
3.633330 0.094406 -0.019409 0.735845 0.535479 0.944488 0.410812 
3.666670 0.110313 -0.007861 0.930661 0.544194 0.946773 0.411479 
3.700000 0.121210 -0.004188 1.073140 0.590779 0.950937 0.415191 
3.733330 0.115605 -0.003582 0.858828 0.633502 0.954650 0.416287 
3.766670 0.103743 -0.000049 0.329277 0.654338 0.957158 0.418816 
3.800000 0.099324 0.002985 -0.147967 0.653538 0.959809 0.420693 
3.833330 0.102135 0.005068 -0.340825 0.627145 0.961785 0.422921 
3.866670 0.104335 0.002706 -0.339449 0.635896 0.965571 0.424895 
3.900000 0.104079 0.001149 -0.299868 0.612536 0.967902 0.427263 
3.933330 0.106422 -0.005806 -0.282154 0.609091 0.970128 0.429261 
3.966670 0.112031 -0.009461 -0.336215 0.593136 0.974252 0.430700 
4.000000 0.117887 -0.013756 -0.439933 0.595515 0.977198 0.432567 
4.033330 0.125351 -0.021892 -0.379711 0.568777 0.981029 0.434600 
4.066670 0.134571 -0.035402 0.019525 0.552603 0.984341 0.436573 
4.100000 0.139168 -0.039516 0.605223 0.567064 0.989962 0.436802 
4.133330 0.135854 -0.027493 1.067911 0.603818 0.994790 0.438515 
4.166670 0.131473 -0.011078 1.260452 0.640684 0.997894 0.441148 
4.200000 0.134988 -0.003321 1.162124 0.680810 1.002080 0.443399 
4.233330 0.148205 -0.001007 0.758990 0.720516 1.004630 0.446426 
4.266670 0.161040 0.003195 0.181809 0.744071 1.009560 0.449382 
4.300000 0.159622 0.006770 -0.251211 0.727072 1.013350 0.453732 
4.333330 0.141246 -0.005368 -0.362381 0.715297 1.016310 0.457793 
4.366670 0.128735 -0.013792 -0.339066 0.697555 1.020610 0.460029 
