0.7 0.0040024 0.000429787 -0.00608049 -0.125877 
0.733333 0.00429386 0.000453433 -0.00444769 -0.12844 
0.766667 0.0044866 0.000415738 -0.00263602 -0.127578 
0.8 0.0047316 0.000455417 5.47359e-005 -0.125274 
0.833333 0.00493402 0.000526505 0.00267164 -0.121797 
0.866667 0.00509771 0.000702208 0.00218295 -0.121309 
0.9 0.00517287 0.000840264 -0.00134546 -0.124737 
0.933333 0.00524851 0.00102815 -0.00657343 -0.131351 
0.966667 0.00537232 0.00106334 -0.0109039 -0.138655 
1 0.00536115 0.00115652 -0.0165439 -0.148958 
1.03333 0.00531567 0.00116072 -0.02065 -0.159323 
1.06667 0.00540097 0.00121276 -0.0232897 -0.169324 
1.1 0.00537984 0.00124372 -0.0235145 -0.177353 
1.13333 0.00548093 0.00110793 -0.0204766 -0.181605 
1.16667 0.00550006 0.000866026 -0.0205053 -0.188465 
1.2 0.00571131 0.000725947 -0.0165482 -0.190629 
1.23333 0.00582583 0.000622842 -0.0121562 -0.190961 
1.26667 0.00594908 0.000600474 -0.00574024 -0.187439 
1.3 0.0059806 0.000601236 -0.00219984 -0.185173 
1.33333 0.00598287 0.000822257 -0.00293742 -0.186777 
1.36667 0.00592274 0.00104595 -0.00301725 -0.18785 
1.4 0.00594948 0.00117826 -0.00635662 -0.192798 
1.43333 0.00598924 0.00140562 -0.0103242 -0.199601 
1.46667 0.00609968 0.00144851 -0.0160222 -0.209768 
1.5 0.0062708 0.00156304 -0.0202595 -0.220111 
1.53333 0.0063604 0.0015324 -0.0235836 -0.230788 
1.56667 0.00644709 0.00146538 -0.0248672 -0.240165 
1.6 0.00650308 0.0013301 -0.0224065 -0.245549 
1.63333 0.00663412 0.00121151 -0.0198039 -0.249945 
1.66667 0.0067413 0.00103078 -0.0148155 -0.250658 
1.7 0.00684036 0.00102613 -0.0111049 -0.251217 
1.73333 0.00695531 0.000975599 -0.00662955 -0.249635 
1.76667 0.00711919 0.00104039 -0.00229428 -0.246727 
1.8 0.00720603 0.00105118 0.000160808 -0.244594 
1.83333 0.00735528 0.00111726 -0.00126311 -0.246221 
1.86667 0.0073788 0.00133553 -0.00471615 -0.250718 
1.9 0.00741584 0.00145762 -0.00976793 -0.258254 
1.93333 0.00740294 0.00165886 -0.0121006 -0.264264 
1.96667 0.00748463 0.00175722 -0.0171479 -0.274255 
2 0.00754951 0.00177561 -0.021188 -0.28474 
2.03333 0.00768932 0.00176054 -0.0222763 -0.293088 
2.06667 0.00776658 0.00153405 -0.0216138 -0.299731 
2.1 0.00793565 0.00133522 -0.0207455 -0.305911 
2.13333 0.00804 0.00114465 -0.0169928 -0.308396 
2.16667 0.00819263 0.000994293 -0.0131242 -0.309493 
2.2 0.00819151 0.000993419 -0.00782693 -0.307615 
2.23333 0.00814981 0.00102767 -0.00418412 -0.305924 
2.26667 0.00817182 0.00114887 -0.00387792 -0.306957 
2.3 0.00810319 0.00129619 -0.00523389 -0.30985 
2.33333 0.00811203 0.0014274 -0.00755204 -0.314331 
2.36667 0.00815423 0.00156583 -0.0103701 -0.320175 
2.4 0.00812978 0.00169257 -0.0147938 -0.328854 
2.43333 0.00810332 0.0017219 -0.019582 -0.339438 
2.46667 0.00809091 0.0018375 -0.0240015 -0.351182 
2.5 0.00817149 0.00175869 -0.0259571 -0.361491 
2.53333 0.00827931 0.00168554 -0.0261634 -0.370387 
2.56667 0.00843756 0.0014872 -0.0235952 -0.376076 
2.6 0.00863201 0.0013175 -0.0209125 -0.380775 
2.63333 0.00875078 0.00124415 -0.0157671 -0.381671 
2.66667 0.00887378 0.00120378 -0.0134965 -0.384247 
2.7 0.00896812 0.00120087 -0.00886809 -0.383282 
2.73333 0.00903235 0.00128442 -0.00817164 -0.385416 
2.76667 0.00903905 0.00143045 -0.00961682 -0.389846 
2.8 0.00914833 0.00160545 -0.0122904 -0.396207 
2.83333 0.00916534 0.00175668 -0.0148601 -0.403338 
2.86667 0.00916393 0.00194099 -0.0197237 -0.414032 
2.9 0.0091555 0.00202466 -0.0247368 -0.426525 
2.93333 0.00921185 0.00195998 -0.0273627 -0.43787 
2.96667 0.00933606 0.00184753 -0.0279273 -0.447657 
3 0.0094721 0.00173085 -0.02604 -0.454738 
3.03333 0.00967219 0.00152922 -0.0229839 -0.459811 
3.06667 0.00978015 0.00141347 -0.0208181 -0.464916 
3.1 0.00983599 0.00136704 -0.0180786 -0.468621 
3.13333 0.00995239 0.00136289 -0.0136942 -0.469472 
3.16667 0.0100762 0.00142126 -0.00936728 -0.468929 
3.2 0.0102271 0.00142475 -0.0082515 -0.470734 
3.23333 0.0103334 0.00157797 -0.0097846 -0.475294 
3.26667 0.010394 0.0017281 -0.0140473 -0.483588 
3.3 0.0104225 0.00196223 -0.0197599 -0.495014 
3.33333 0.0104506 0.00200621 -0.0245538 -0.507259 
3.36667 0.0104853 0.00198833 -0.0285669 -0.520181 
3.4 0.0105433 0.00188513 -0.0294673 -0.530766 
3.43333 0.0106987 0.00177075 -0.0304004 -0.54169 
3.46667 0.0108059 0.00170052 -0.029054 -0.550234 
3.5 0.0110436 0.00153816 -0.0262793 -0.556644 
3.53333 0.0111598 0.00151749 -0.0225627 -0.561016 
3.56667 0.0112643 0.00153176 -0.0191949 -0.564561 
3.6 0.0113747 0.00159609 -0.0163041 -0.567547 
3.63333 0.0114708 0.00167938 -0.0143594 -0.570686 
3.66667 0.0115128 0.00183215 -0.0159703 -0.577374 
3.7 0.0115664 0.00202511 -0.0203375 -0.587853 
3.73333 0.0115798 0.00212456 -0.0246347 -0.599705 
3.76667 0.0115823 0.00225806 -0.0283895 -0.612349 
3.8 0.0116699 0.00226457 -0.0309888 -0.62488 
3.83333 0.0117544 0.00215948 -0.0325386 -0.63704 
3.86667 0.011801 0.00208291 -0.0334866 -0.649005 
3.9 0.01185 0.00191543 -0.033395 -0.660059 
3.93333 0.0118592 0.00183084 -0.0312004 -0.6686 
3.96667 0.0117823 0.00174035 -0.0272407 -0.674326 
4 0.011739 0.00170733 -0.0225568 -0.677877 
4.03333 0.0116922 0.00161622 -0.0166106 -0.678376 
4.06667 0.0115613 0.00164069 -0.0134959 -0.680237 
4.1 0.0115339 0.00175619 -0.0123076 -0.683332 
4.13333 0.0114572 0.00189395 -0.0151744 -0.690819 
4.16667 0.011336 0.00205343 -0.017758 -0.698927 
4.2 0.0112299 0.00214911 -0.0210087 -0.708684 
4.23333 0.0109645 0.00228729 -0.0266705 -0.72237 
4.26667 0.0108629 0.0022644 -0.0312563 -0.736674 
4.3 0.0108524 0.00212814 -0.0335068 -0.749749 
4.33333 0.010764 0.00191726 -0.0339804 -0.761477 
4.36667 0.0106605 0.00181061 -0.0331511 -0.771825 
4.4 0.0106344 0.00165139 -0.0300893 -0.779261 
4.43333 0.0105768 0.00152605 -0.0247859 -0.78303 
4.46667 0.0105931 0.0015024 -0.01976 -0.785359 
