0.266 25 20 
0.344 25 20 
0.438 25 20 
0.5 25 20 
0.562 25 20 
0.64 25 20 
0.733 25 20 
0.796 25 20 
0.905 25 20 
1 25 20 
1.062 25 20 
1.124 25 20 
1.187 25 20 
1.25 25 20 
1.327 25 20 
1.405 25 20 
1.483 25 20 
1.593 25 20 
1.703 25 20 
1.765 25 20 
1.827 25 20 
1.89 25 20 
1.952 25 20 
2.016 25 20 
2.093 25 20 
2.172 25 20 
2.25 25 20 
2.312 25 20 
2.39 25 20 
2.453 25 20 
2.531 25 20 
2.592 25 20 
2.656 25 20 
2.717 25 20 
2.797 25 20 
2.922 25 20 
2.999 25 20 
3.061 25 20 
3.124 25 20 
3.186 25 20 
3.249 25 20 
3.344 25 20 
3.422 25 20 
3.499 25 20 
3.594 25 20 
3.703 25 20 
3.766 25 20 
3.828 25 20 
3.89 25 20 
3.985 25 20 
4.063 25 20 
4.125 25 20 
4.186 25 20 
4.264 25 20 
4.358 25 20 
4.421 25 20 
4.5 25 20 
4.578 25 20 
4.655 25 20 
4.734 25 20 
4.827 25 20 
4.891 25 20 
4.968 25 20 
5.063 25 20 
5.124 25 20 
5.187 25 20 
5.249 25 20 
5.327 25 20 
5.39 25 20 
5.452 25 20 
5.515 25 20 
5.578 25 20 
5.657 25 20 
5.734 25 20 
5.813 25 20 
5.92 25 20 
5.999 25 20 
6.108 25 20 
6.187 25 20 
6.281 25 20 
6.359 25 20 
6.421 25 20 
6.5 25 20 
6.593 25 20 
6.656 25 20 
6.718 25 20 
6.796 25 20 
6.905 25 20 
6.969 25 20 
7.047 25 20 
7.125 25 20 
7.187 25 20 
7.266 25 20 
7.327 25 20 
7.39 25 20 
7.468 25 20 
7.592 25 20 
7.687 25 20 
7.78 25 20 
7.859 25 20 
7.936 25 20 
8.015 25 20 
8.109 25 20 
8.219 25 20 
8.296 25 20 
8.39 25 20 
8.452 25 20 
8.53 25 20 
8.609 25 20 
8.688 25 20 
8.766 25 20 
8.843 25 20 
8.922 25 20 
9.031 25 20 
9.093 25 20 
9.157 25 20 
9.218 25 20 
9.296 25 20 
9.359 25 20 
9.421 25 20 
9.483 25 20 
9.547 25 20 
9.624 25 20 
9.686 25 20 
9.765 25 20 
9.828 25 20 
9.889 25 20 
9.953 25 20 
10.015 25 20 
10.094 25 20 
10.156 25 20 
10.218 25 20 
10.296 25 20 
10.374 25 20 
10.453 25 20 
