0.400000 0.042916 0.032260 -0.691916 0.152191 0.690213 0.629053 
0.433333 0.049210 0.031389 -0.797286 0.137648 0.692207 0.631627 
0.466667 0.051593 0.017481 -0.896324 0.112163 0.692979 0.632739 
0.500000 0.051092 -0.001081 -0.845629 0.072853 0.695800 0.632744 
0.533333 0.049925 -0.012436 -0.503420 0.053476 0.696102 0.632821 
0.566667 0.047987 -0.011900 0.044380 0.030270 0.699177 0.631749 
0.600000 0.046296 -0.008649 0.519822 0.059767 0.699802 0.632133 
0.633333 0.047991 -0.004390 0.734160 0.074554 0.701491 0.631808 
0.666667 0.052564 0.002662 0.746521 0.109903 0.703584 0.632108 
0.700000 0.058648 0.017898 0.669000 0.116285 0.704748 0.631887 
0.733333 0.064592 0.029607 0.456461 0.149631 0.707142 0.633489 
0.766667 0.068013 0.029584 0.046779 0.161711 0.709280 0.635051 
0.800000 0.070596 0.021430 -0.426644 0.148255 0.710813 0.636723 
0.833333 0.071169 0.017540 -0.711972 0.135139 0.713438 0.636461 
0.866667 0.062813 0.025463 -0.703835 0.093450 0.715846 0.638376 
0.900000 0.050062 0.031443 -0.613762 0.074693 0.717912 0.638417 
0.933333 0.046753 0.024057 -0.690539 0.072560 0.718564 0.640871 
0.966667 0.057373 0.006729 -0.750481 0.048981 0.720499 0.641147 
1.000000 0.071168 -0.006379 -0.464825 -0.013417 0.722013 0.640594 
1.033330 0.075830 -0.017276 0.007806 0.008636 0.726146 0.640676 
1.066670 0.080365 -0.017679 0.315061 0.023031 0.727925 0.640017 
1.100000 0.093154 -0.004543 0.476746 0.019628 0.729269 0.639164 
1.133330 0.097606 0.012260 0.638634 0.041673 0.734436 0.639265 
1.166670 0.082713 0.024119 0.720648 0.070329 0.737942 0.641087 
1.200000 0.063703 0.032097 0.564027 0.085709 0.738542 0.641444 
1.233330 0.057136 0.039575 0.166974 0.118345 0.741409 0.643145 
1.266670 0.057938 0.047638 -0.305906 0.096731 0.742643 0.644148 
1.300000 0.061921 0.043046 -0.738409 0.083094 0.744676 0.646813 
1.333330 0.065871 0.029307 -1.146009 0.058237 0.746454 0.648707 
1.366670 0.071170 0.018080 -1.426397 0.011770 0.749400 0.647569 
1.400000 0.080783 0.005946 -1.278538 -0.033100 0.750947 0.649510 
1.433330 0.090292 -0.009444 -0.612656 -0.098380 0.753954 0.649622 
1.466670 0.090870 -0.024138 0.167484 -0.077049 0.758122 0.647604 
1.500000 0.088367 -0.013711 0.604951 -0.062255 0.760078 0.647129 
1.533330 0.090193 0.010818 0.697773 -0.034139 0.762290 0.645586 
1.566670 0.089124 0.026527 0.675386 -0.029763 0.766964 0.647963 
1.600000 0.083176 0.021345 0.579910 0.009612 0.769248 0.648861 
1.633330 0.079408 0.020044 0.337042 0.017431 0.771244 0.648650 
1.666670 0.081475 0.030022 -0.011758 0.030621 0.774680 0.648983 
1.700000 0.084724 0.042213 -0.362534 0.017534 0.777024 0.651774 
1.733330 0.091195 0.043529 -0.723545 -0.006562 0.780218 0.651977 
1.766670 0.103853 0.031439 -1.116800 -0.013460 0.782715 0.654457 
1.800000 0.111600 0.020994 -1.365529 -0.076879 0.787055 0.654486 
1.833330 0.105118 0.010998 -1.252211 -0.125037 0.790319 0.654804 
1.866670 0.090681 0.000018 -0.761855 -0.148116 0.795525 0.653949 
1.900000 0.088784 -0.007237 -0.055614 -0.182470 0.795352 0.654651 
1.933330 0.099801 -0.008912 0.573438 -0.161639 0.799525 0.652631 
1.966670 0.106884 0.000900 0.846421 -0.124380 0.804115 0.651850 
2.000000 0.103201 0.017714 0.750601 -0.107943 0.805504 0.652210 
2.033330 0.093425 0.027846 0.464124 -0.073499 0.811398 0.652631 
2.066670 0.082666 0.035682 0.068154 -0.088696 0.812492 0.653415 
2.100000 0.078525 0.034651 -0.416651 -0.060028 0.815612 0.654650 
2.133330 0.078244 0.034441 -0.774390 -0.097541 0.819192 0.655162 
2.166670 0.086237 0.033500 -0.803819 -0.148380 0.820681 0.656796 
2.200000 0.098911 0.029426 -0.709831 -0.144957 0.824109 0.656376 
2.233330 0.097097 0.029004 -0.797644 -0.181085 0.828142 0.657431 
2.266670 0.082578 0.021384 -0.929881 -0.188839 0.832190 0.657492 
2.300000 0.072731 0.013000 -0.703261 -0.249305 0.832710 0.657503 
2.333330 0.076580 -0.000413 -0.114157 -0.266804 0.836347 0.657576 
2.366670 0.080998 -0.014857 0.349872 -0.241715 0.838441 0.656038 
2.400000 0.079651 -0.020733 0.399728 -0.218991 0.841409 0.655169 
2.433330 0.083367 -0.011925 0.282749 -0.226060 0.843662 0.653510 
2.466670 0.100344 0.001861 0.328996 -0.204787 0.845907 0.652690 
2.500000 0.119116 0.017616 0.521521 -0.213306 0.849385 0.653097 
2.533330 0.120965 0.025515 0.557170 -0.169248 0.855293 0.652090 
2.566670 0.107541 0.040213 0.215006 -0.163412 0.858230 0.652747 
2.600000 0.100806 0.050539 -0.375392 -0.150002 0.861742 0.653593 
2.633330 0.103019 0.053650 -0.883516 -0.195125 0.864983 0.655612 
2.666670 0.106868 0.041007 -1.121836 -0.215482 0.869473 0.655958 
2.700000 0.103329 0.025611 -1.137288 -0.269684 0.873295 0.656207 
2.733330 0.097375 0.007862 -1.013850 -0.286140 0.875728 0.656276 
2.766670 0.089663 0.000193 -0.730418 -0.334070 0.879966 0.654608 
2.800000 0.082864 -0.004715 -0.293695 -0.346711 0.881644 0.653739 
2.833330 0.080247 -0.008828 0.116188 -0.351891 0.884367 0.653326 
2.866670 0.081361 -0.013432 0.304739 -0.333462 0.887063 0.650967 
2.900000 0.085269 -0.011128 0.321506 -0.322942 0.888981 0.650917 
2.933330 0.092400 -0.000123 0.399072 -0.316430 0.892034 0.648158 
2.966670 0.103367 0.016041 0.587209 -0.310796 0.895216 0.648818 
3.000000 0.116125 0.030499 0.617859 -0.277132 0.898336 0.647895 
3.033330 0.121410 0.042470 0.287277 -0.250911 0.903302 0.647617 
3.066670 0.112559 0.046636 -0.245055 -0.256601 0.907205 0.648978 
3.100000 0.100836 0.038692 -0.731948 -0.284748 0.912058 0.649091 
3.133330 0.104787 0.026422 -1.117979 -0.297842 0.913754 0.649785 
3.166670 0.121821 0.026552 -1.373046 -0.354299 0.918158 0.648140 
3.200000 0.136434 0.026264 -1.322000 -0.391338 0.922771 0.648353 
3.233330 0.137690 0.021102 -0.809407 -0.441419 0.927551 0.647272 
3.266670 0.130475 0.011074 -0.021303 -0.468484 0.931926 0.645058 
3.300000 0.122240 0.000125 0.553746 -0.433749 0.934905 0.644154 
3.333330 0.118183 -0.003148 0.673742 -0.402483 0.939825 0.641313 
3.366670 0.119658 0.000821 0.558644 -0.408930 0.941667 0.641225 
3.400000 0.119799 0.000962 0.483209 -0.362497 0.946878 0.638551 
3.433330 0.111532 0.014121 0.451413 -0.380033 0.950032 0.637701 
3.466670 0.099178 0.027677 0.213254 -0.349611 0.953617 0.637114 
3.500000 0.094310 0.042630 -0.367385 -0.329183 0.957177 0.636637 
3.533330 0.103997 0.053996 -0.999361 -0.380020 0.960473 0.637904 
3.566670 0.126144 0.046998 -1.327266 -0.417740 0.963683 0.638042 
3.600000 0.137505 0.026325 -1.306295 -0.458821 0.970013 0.637674 
3.633330 0.132200 0.004269 -0.998988 -0.498243 0.974635 0.634687 
3.666670 0.130466 -0.004309 -0.473078 -0.540627 0.976583 0.633586 
3.700000 0.139428 -0.003593 0.085285 -0.525255 0.980404 0.630830 
3.733330 0.145532 0.008185 0.489734 -0.525170 0.986122 0.627974 
3.766670 0.144048 0.015281 0.663052 -0.504172 0.988980 0.626036 
3.800000 0.141612 0.013997 0.614581 -0.470157 0.994465 0.625391 
3.833330 0.139046 0.015463 0.465904 -0.460370 0.998652 0.622311 
3.866670 0.132954 0.023166 0.311827 -0.452550 1.002060 0.621622 
3.900000 0.122794 0.033711 0.021376 -0.441421 1.008070 0.620385 
3.933330 0.119329 0.039270 -0.548812 -0.439621 1.011050 0.619018 
3.966670 0.132333 0.035057 -1.182129 -0.465225 1.014860 0.620514 
4.000000 0.149030 0.032408 -1.422420 -0.531634 1.020350 0.618322 
4.033330 0.149665 0.033034 -1.119476 -0.570254 1.025200 0.615445 
4.066670 0.133300 0.030880 -0.629545 -0.620928 1.029110 0.613896 
4.100000 0.121412 -0.000455 -0.274438 -0.572125 1.034950 0.614101 
4.133330 0.122297 -0.011700 0.025082 -0.648313 1.035590 0.609861 
4.166670 0.128181 -0.007514 0.282940 -0.609264 1.039400 0.607098 
4.200000 0.131293 0.001758 0.374476 -0.580688 1.043120 0.603675 
