0.066667 0.045318 -0.012956 -0.033112 -0.142861 0.664604 0.638612 
0.100000 0.048721 -0.012892 0.234523 -0.187281 0.666313 0.638451 
0.133333 0.050260 -0.009900 0.696025 -0.165541 0.667984 0.636445 
0.166667 0.048782 0.001255 0.907605 -0.111739 0.669470 0.636883 
0.200000 0.052883 0.009206 0.842592 -0.098755 0.671501 0.636459 
0.233333 0.060107 0.003727 0.612499 -0.081333 0.671922 0.637664 
0.266667 0.057719 -0.005785 0.243137 -0.038576 0.676048 0.636727 
0.300000 0.046982 0.003449 -0.160153 -0.063453 0.677115 0.636390 
0.333333 0.043526 0.029454 -0.346128 -0.056801 0.677789 0.636595 
0.366667 0.048324 0.057954 -0.248603 -0.083356 0.679844 0.637952 
0.400000 0.046887 0.060243 -0.252373 -0.110968 0.681334 0.639825 
0.433333 0.038942 0.026308 -0.724974 -0.047858 0.684695 0.643744 
0.466667 0.033133 -0.005474 -1.267462 -0.143728 0.683962 0.640999 
0.500000 0.046886 -0.017678 -1.157746 -0.177709 0.685189 0.641314 
0.533333 0.067406 -0.013809 -0.426924 -0.226599 0.687430 0.639914 
0.566667 0.078544 -0.014979 0.249712 -0.204876 0.689722 0.639959 
0.600000 0.076706 -0.015814 0.533836 -0.168186 0.692386 0.638115 
0.633333 0.067894 -0.006150 0.633058 -0.195008 0.694567 0.636668 
0.666667 0.057921 -0.001781 0.655670 -0.142786 0.696748 0.638001 
0.700000 0.051363 0.002079 0.511587 -0.122315 0.698028 0.635858 
0.733333 0.051179 0.008665 0.314032 -0.110701 0.700884 0.637558 
0.766667 0.058886 0.022346 0.158864 -0.126280 0.700780 0.636239 
0.800000 0.067621 0.033501 -0.153791 -0.092172 0.704401 0.637842 
0.833333 0.063990 0.039977 -0.688645 -0.110803 0.706624 0.638783 
0.866667 0.054713 0.036712 -1.122851 -0.154794 0.709200 0.639873 
0.900000 0.053730 0.023589 -1.166196 -0.187150 0.709618 0.640351 
0.933333 0.056039 0.006927 -0.913348 -0.244280 0.712700 0.641460 
0.966667 0.051708 -0.009284 -0.656679 -0.242000 0.714426 0.639567 
1.000000 0.044786 -0.009058 -0.444975 -0.265262 0.716153 0.639890 
1.033330 0.045238 0.006251 -0.066889 -0.291465 0.715763 0.638028 
1.066670 0.054902 0.016087 0.476623 -0.276837 0.719770 0.638488 
1.100000 0.070649 0.006688 0.834633 -0.259998 0.719954 0.640029 
1.133330 0.084051 -0.014814 0.769151 -0.204508 0.723680 0.637449 
1.166670 0.085236 -0.020850 0.508648 -0.198781 0.725587 0.637182 
1.200000 0.073996 -0.008973 0.408727 -0.191336 0.729585 0.634934 
1.233330 0.061356 0.014769 0.386523 -0.185000 0.729838 0.635505 
1.266670 0.055310 0.039836 0.092454 -0.149119 0.733423 0.635782 
1.300000 0.053238 0.058065 -0.430059 -0.155026 0.734311 0.636480 
1.333330 0.055712 0.057266 -0.795097 -0.203474 0.737530 0.639850 
1.366670 0.070587 0.036350 -0.918414 -0.218622 0.738557 0.640395 
1.400000 0.089844 0.013345 -1.031696 -0.251637 0.742381 0.639893 
1.433330 0.102536 -0.003957 -1.106640 -0.271969 0.744761 0.640517 
1.466670 0.100781 -0.007300 -0.821256 -0.334390 0.748941 0.637451 
1.500000 0.088002 -0.007237 -0.150980 -0.353820 0.751529 0.637341 
1.533330 0.075949 -0.007050 0.472672 -0.327069 0.753627 0.635633 
1.566670 0.071925 -0.004204 0.684463 -0.317085 0.756217 0.634971 
1.600000 0.074675 -0.002165 0.551388 -0.273248 0.758204 0.634149 
1.633330 0.079902 0.007538 0.394679 -0.283874 0.760728 0.633511 
1.666670 0.082600 0.015194 0.401600 -0.259961 0.763493 0.632491 
1.700000 0.080783 0.018952 0.453440 -0.254283 0.766584 0.633600 
1.733330 0.078022 0.019240 0.290039 -0.230472 0.769141 0.632812 
1.766670 0.076005 0.029101 -0.192350 -0.227495 0.771514 0.633157 
1.800000 0.073915 0.043835 -0.759983 -0.229902 0.774489 0.633019 
1.833330 0.069621 0.049802 -1.036157 -0.295798 0.777273 0.634808 
1.866670 0.073817 0.032397 -0.935855 -0.303447 0.780011 0.636485 
1.900000 0.082209 0.013799 -0.719337 -0.364561 0.782107 0.634427 
1.933330 0.091008 -0.006713 -0.517268 -0.323548 0.785727 0.635022 
1.966670 0.094721 -0.007744 -0.173178 -0.404817 0.787777 0.632868 
2.000000 0.090995 -0.013410 0.227286 -0.379791 0.790925 0.631003 
2.033330 0.086325 -0.019080 0.371640 -0.338669 0.794065 0.630355 
2.066670 0.091183 -0.016361 0.374954 -0.349628 0.795279 0.628325 
2.100000 0.100890 -0.003026 0.509872 -0.354572 0.798772 0.626880 
2.133330 0.100926 0.014671 0.569459 -0.306312 0.801855 0.625623 
2.166670 0.086839 0.035464 0.249721 -0.296116 0.806091 0.625465 
2.200000 0.071780 0.045646 -0.308718 -0.293063 0.808369 0.626480 
2.233330 0.066405 0.044580 -0.706801 -0.316614 0.810228 0.627626 
2.266670 0.070397 0.036527 -0.738784 -0.349801 0.814385 0.627350 
2.300000 0.079244 0.026801 -0.622951 -0.380738 0.815443 0.628488 
2.333330 0.085313 0.016090 -0.720024 -0.371833 0.818876 0.627315 
2.366670 0.080283 0.013518 -0.978581 -0.412440 0.822622 0.626816 
2.400000 0.075137 0.012393 -0.954843 -0.450893 0.824075 0.626113 
2.433330 0.085140 0.006118 -0.425929 -0.487121 0.826327 0.624902 
2.466670 0.107883 -0.009238 0.285601 -0.488848 0.829844 0.625408 
2.500000 0.125494 -0.020859 0.679218 -0.454292 0.832492 0.620642 
2.533330 0.127712 -0.010738 0.652899 -0.425612 0.836503 0.619217 
2.566670 0.116588 0.015016 0.513148 -0.420966 0.839976 0.616806 
2.600000 0.102505 0.032983 0.443207 -0.406807 0.844582 0.616877 
2.633330 0.096042 0.035016 0.294720 -0.384293 0.846584 0.616781 
2.666670 0.095672 0.030528 -0.063465 -0.380206 0.851255 0.616870 
2.700000 0.096241 0.029444 -0.503831 -0.383591 0.853728 0.615886 
2.733330 0.096142 0.033793 -0.833276 -0.426737 0.857498 0.615415 
2.766670 0.097681 0.028234 -1.005876 -0.436126 0.860445 0.616561 
2.800000 0.095774 0.021332 -1.050830 -0.489584 0.864618 0.614345 
2.833330 0.094487 0.010091 -0.942220 -0.511437 0.866754 0.613566 
2.866670 0.098533 -0.002119 -0.606336 -0.541594 0.869890 0.612961 
2.900000 0.107817 -0.010253 -0.075227 -0.570947 0.872973 0.610406 
2.933330 0.117162 -0.012400 0.411022 -0.542663 0.875219 0.607419 
2.966670 0.121810 -0.005827 0.614694 -0.531935 0.878394 0.605807 
3.000000 0.114384 -0.000990 0.529622 -0.505587 0.883215 0.603901 
3.033330 0.098633 0.012207 0.333292 -0.492331 0.885385 0.601315 
3.066670 0.089144 0.033606 0.216370 -0.484136 0.888236 0.600868 
3.100000 0.092754 0.049546 0.156014 -0.493960 0.891888 0.601377 
3.133330 0.107742 0.044433 -0.093652 -0.469606 0.895530 0.600921 
3.166670 0.123105 0.029759 -0.605357 -0.475174 0.899478 0.600867 
3.200000 0.131847 0.022079 -1.146427 -0.528565 0.903810 0.599096 
3.233330 0.131780 0.017726 -1.486297 -0.554618 0.907873 0.596956 
3.266670 0.123381 0.014740 -1.443528 -0.608068 0.911488 0.595222 
3.300000 0.113658 0.002857 -0.878731 -0.672339 0.915718 0.594192 
3.333330 0.111757 -0.014918 -0.020620 -0.676210 0.918209 0.590267 
3.366670 0.122788 -0.018225 0.571762 -0.668575 0.919520 0.588261 
3.400000 0.139252 -0.012813 0.643773 -0.613079 0.923698 0.585238 
3.433330 0.148534 0.009026 0.499270 -0.623917 0.927599 0.581059 
3.466670 0.143168 0.029731 0.422027 -0.614708 0.931520 0.580622 
3.500000 0.127101 0.044097 0.303866 -0.577129 0.936738 0.577050 
3.533330 0.108825 0.056270 0.018197 -0.585778 0.940897 0.577649 
3.566670 0.104113 0.053089 -0.385449 -0.589435 0.943885 0.577184 
3.600000 0.110200 0.038488 -0.872091 -0.607281 0.948544 0.577068 
3.633330 0.116447 0.023626 -1.338580 -0.640008 0.952356 0.574714 
3.666670 0.119825 0.015455 -1.471451 -0.689799 0.954835 0.573031 
3.700000 0.121135 0.010515 -1.077080 -0.762466 0.959135 0.571171 
3.733330 0.121249 -0.005428 -0.428056 -0.766329 0.961956 0.567607 
3.766670 0.119824 -0.016702 0.055450 -0.770499 0.964214 0.565675 
3.800000 0.115935 -0.016277 0.288936 -0.759829 0.966851 0.561289 
3.833330 0.110662 -0.003082 0.409108 -0.761460 0.968995 0.558414 
3.866670 0.107210 0.008810 0.473260 -0.732842 0.972191 0.557273 
3.900000 0.104802 0.020078 0.496950 -0.718362 0.974499 0.553953 
3.933330 0.101287 0.030583 0.482959 -0.716469 0.978718 0.553004 
3.966670 0.099386 0.033209 0.334355 -0.680586 0.980590 0.551662 
4.000000 0.095513 0.033378 -0.010805 -0.686191 0.985024 0.550556 
4.033330 0.093115 0.028534 -0.432334 -0.683331 0.988088 0.549009 
4.066670 0.098140 0.026228 -0.752762 -0.717131 0.989913 0.548171 
4.100000 0.108697 0.022562 -0.904512 -0.736685 0.993957 0.546598 
4.133330 0.109589 0.022737 -0.959359 -0.777787 0.997031 0.544296 
4.166670 0.099546 0.022017 -1.022020 -0.802292 1.000040 0.541703 
4.200000 0.095307 0.014493 -1.018448 -0.829353 1.002860 0.540202 
4.233330 0.106107 -0.000836 -0.722634 -0.878230 1.004510 0.539538 
4.266670 0.114464 -0.014292 -0.174327 -0.900455 1.007590 0.534963 
4.300000 0.104791 -0.013847 0.237542 -0.877094 1.009130 0.530630 
4.333330 0.092226 0.001004 0.303983 -0.865297 1.010200 0.529245 
4.366670 0.091136 0.016305 0.224863 -0.867659 1.013740 0.527929 
4.400000 0.094203 0.021290 0.192335 -0.853393 1.015460 0.524059 
