0.7 0.00214639 -0.00049934 0.0204125 0.310914 
0.733333 0.00229331 -0.000556193 0.0232233 0.323145 
0.766667 0.00237614 -0.000473583 0.0244767 0.333485 
0.8 0.00246018 -0.000512479 0.021726 0.338522 
0.833333 0.00261389 -0.000398167 0.0205564 0.344366 
0.866667 0.00274734 -0.000373693 0.0178996 0.348102 
0.9 0.00283219 -0.00033574 0.0152501 0.350874 
0.933333 0.00292574 -0.000304577 0.0125924 0.35281 
0.966667 0.00298692 -0.000292089 0.00932486 0.353129 
1 0.003018 -0.000308946 0.00758265 0.354178 
1.03333 0.00307178 -0.000366096 0.00710061 0.356135 
1.06667 0.00309213 -0.00044433 0.00744302 0.358906 
1.1 0.00309897 -0.000478645 0.00803414 0.362084 
1.13333 0.00312311 -0.000560727 0.0120619 0.369517 
1.16667 0.00315664 -0.000659344 0.0149278 0.37692 
1.2 0.00323996 -0.00063597 0.0192636 0.387015 
1.23333 0.00322577 -0.000651996 0.022146 0.396839 
1.26667 0.00319176 -0.000627654 0.0243486 0.406821 
1.3 0.0031877 -0.000556748 0.0251542 0.415888 
1.33333 0.0032183 -0.000499376 0.0234281 0.422235 
1.36667 0.00329817 -0.000404244 0.0209901 0.427166 
1.4 0.00334787 -0.000397467 0.0191713 0.432016 
1.43333 0.00341291 -0.000395091 0.0171533 0.436024 
1.46667 0.00347583 -0.000332372 0.013968 0.437982 
1.5 0.00358644 -0.000384093 0.0114372 0.439651 
1.53333 0.00363811 -0.000319229 0.0113093 0.443312 
1.56667 0.00361933 -0.000393847 0.00837385 0.443617 
1.6 0.00366481 -0.000439098 0.00979014 0.44808 
1.63333 0.00370313 -0.000522891 0.0102648 0.451903 
1.66667 0.00370534 -0.000555234 0.0120246 0.457402 
1.7 0.00370763 -0.000635586 0.0156754 0.46572 
1.73333 0.00380255 -0.000677449 0.019935 0.475974 
1.76667 0.0037702 -0.000666076 0.0231427 0.486405 
1.8 0.00379901 -0.000682084 0.0255953 0.497014 
1.83333 0.00385715 -0.000705772 0.0268325 0.507007 
1.86667 0.00389409 -0.000579182 0.0264986 0.515557 
1.9 0.0039242 -0.00050248 0.0241982 0.521674 
1.93333 0.00394786 -0.000478784 0.0212562 0.526267 
1.96667 0.00400588 -0.000436382 0.0190552 0.530755 
2 0.00413175 -0.000406792 0.0163034 0.533858 
2.03333 0.00428193 -0.000385215 0.0130124 0.535407 
2.06667 0.00435766 -0.000429874 0.0118546 0.538378 
2.1 0.0043896 -0.000535379 0.0112729 0.541643 
2.13333 0.00447542 -0.000562741 0.0114368 0.545594 
2.16667 0.00450663 -0.000633635 0.0114902 0.549469 
2.2 0.00448836 -0.000715653 0.0130944 0.555193 
2.23333 0.00443082 -0.000756058 0.0159798 0.562964 
2.26667 0.00450234 -0.000795348 0.021676 0.575015 
2.3 0.00457177 -0.000829749 0.0264693 0.587899 
2.33333 0.00460801 -0.000816465 0.0286957 0.59935 
2.36667 0.00461965 -0.000795027 0.0296519 0.610044 
2.4 0.00471863 -0.000716116 0.0295015 0.61975 
2.43333 0.00479717 -0.000644207 0.0267538 0.626341 
2.46667 0.00482235 -0.000562585 0.0234631 0.631374 
2.5 0.00494672 -0.000562603 0.0210616 0.63636 
2.53333 0.00495878 -0.000500216 0.0181694 0.639966 
2.56667 0.00507248 -0.000498331 0.0154999 0.642872 
2.6 0.00519496 -0.000625237 0.01306 0.645158 
2.63333 0.00527467 -0.000714519 0.0133352 0.649836 
2.66667 0.0053238 -0.000762843 0.0145474 0.655712 
2.7 0.00539057 -0.000865534 0.0170298 0.663492 
2.73333 0.00541469 -0.000955116 0.019837 0.672482 
2.76667 0.00544701 -0.00108254 0.0233117 0.683196 
2.8 0.00550483 -0.0011231 0.0269443 0.695255 
2.83333 0.00545314 -0.00107993 0.030585 0.708534 
2.86667 0.00547788 -0.00102729 0.0329112 0.721475 
2.9 0.00556117 -0.000960569 0.0327725 0.732282 
2.93333 0.00569351 -0.000879306 0.0321789 0.742505 
2.96667 0.00584179 -0.00082892 0.0314556 0.752378 
3 0.00587784 -0.000797682 0.026678 0.757223 
3.03333 0.00588349 -0.000730812 0.0226899 0.761408 
3.06667 0.00592912 -0.000717094 0.018923 0.764525 
3.1 0.00597496 -0.00072123 0.0155603 0.766863 
3.13333 0.00600467 -0.000831272 0.0145059 0.770805 
3.16667 0.00604571 -0.000930803 0.0157429 0.7771 
3.2 0.0060943 -0.00107765 0.0186941 0.785832 
3.23333 0.00611369 -0.00114863 0.0207261 0.794462 
3.26667 0.00620986 -0.00121061 0.0229091 0.803947 
3.3 0.00617954 -0.00123891 0.0267789 0.816152 
3.33333 0.00613049 -0.00118891 0.0297859 0.828628 
3.36667 0.00613374 -0.00114608 0.0318078 0.840943 
3.4 0.00617982 -0.00107064 0.0319798 0.851749 
3.43333 0.00620376 -0.000958176 0.0295754 0.85957 
3.46667 0.00620726 -0.000827635 0.0269183 0.866292 
3.5 0.00618467 -0.000712219 0.0245675 0.87249 
3.53333 0.00622591 -0.00065785 0.0220558 0.877714 
3.56667 0.00634731 -0.000669075 0.0186187 0.881009 
3.6 0.00640209 -0.000736578 0.0161262 0.884273 
3.63333 0.00632882 -0.000748313 0.0153419 0.888722 
3.66667 0.00630032 -0.000888862 0.0139613 0.892207 
3.7 0.00641422 -0.000933586 0.0131459 0.895898 
3.73333 0.00634615 -0.00100866 0.015649 0.903235 
3.76667 0.00636072 -0.00104732 0.0178381 0.911035 
3.8 0.00623956 -0.00115066 0.0218363 0.921701 
3.83333 0.00627321 -0.00116176 0.0266189 0.934625 
3.86667 0.00627589 -0.00110367 0.0307206 0.94834 
3.9 0.00628089 -0.00109522 0.032272 0.960412 
3.93333 0.00630956 -0.0010157 0.0309949 0.969661 
3.96667 0.00639906 -0.000903872 0.0289635 0.977595 
4 0.00630339 -0.000823955 0.0267433 0.984629 
4.03333 0.0063343 -0.000743886 0.0245719 0.99098 
4.06667 0.00633738 -0.000760905 0.0218484 0.995955 
4.1 0.0063701 -0.000730389 0.0192871 1.00021 
4.13333 0.00649184 -0.000699687 0.0160392 1.00281 
4.16667 0.00648309 -0.000767661 0.0153151 1.0073 
4.2 0.00644244 -0.000888665 0.0150275 1.01207 
4.23333 0.00643627 -0.00103418 0.0168505 1.01923 
4.26667 0.00639268 -0.00111937 0.0185244 1.02682 
4.3 0.00636919 -0.00119401 0.0213887 1.03638 
4.33333 0.00628032 -0.00123715 0.0241085 1.04672 
4.36667 0.00638868 -0.00127783 0.0273916 1.05863 
4.4 0.00638208 -0.00120704 0.0314047 1.0725 
4.43333 0.00625062 -0.00127711 0.0341095 1.08616 
4.46667 0.00634372 -0.0011949 0.0342172 1.09765 
4.5 0.00639255 -0.00114033 0.0333094 1.10799 
4.53333 0.0066083 -0.00103956 0.0307141 1.11603 
4.56667 0.00675737 -0.00104688 0.0278839 1.12293 
4.6 0.00687962 -0.00105534 0.0232927 1.1268 
4.63333 0.00711674 -0.00101787 0.0199916 1.13067 
4.66667 0.00717987 -0.000997706 0.0178132 1.13476 
4.7 0.00720304 -0.00112186 0.0194245 1.1426 
4.73333 0.00737157 -0.00129489 0.0218212 1.1519 
4.76667 0.00738373 -0.00140016 0.0233855 1.16102 
4.8 0.00746111 -0.00141869 0.0246733 1.17034 
4.83333 0.00748489 -0.0014945 0.0282794 1.18282 
4.86667 0.00739635 -0.00167862 0.0339712 1.19897 
4.9 0.00746354 -0.00169838 0.0377865 1.21479 
4.93333 0.00764889 -0.00164242 0.0404554 1.23054 
4.96667 0.007764 -0.00152846 0.0391553 1.24249 
5 0.00783298 -0.00139757 0.0373324 1.25339 
5.03333 0.00799648 -0.00134294 0.0354302 1.26359 
5.06667 0.00806628 -0.001226 0.0320794 1.27144 
5.1 0.00813658 -0.00122668 0.028179 1.27753 
5.13333 0.00820756 -0.00122748 0.0247582 1.28289 
5.16667 0.00822962 -0.00115561 0.021375 1.28715 
5.2 0.00825926 -0.00131011 0.0204829 1.29322 
5.23333 0.00827765 -0.00145941 0.0218894 1.30171 
5.26667 0.00816713 -0.00156835 0.0228865 1.31018 
5.3 0.00803605 -0.00159735 0.0255835 1.32099 
5.33333 0.00796044 -0.00168171 0.0289811 1.33353 
5.36667 0.00778598 -0.00171993 0.0326726 1.34755 
5.4 0.00776753 -0.00180864 0.0366177 1.3631 
5.43333 0.00771232 -0.0017368 0.0377538 1.37664 
5.46667 0.00764362 -0.00165957 0.0368317 1.38814 
5.5 0.00767194 -0.00158247 0.0358661 1.39928 
5.53333 0.00766851 -0.00152443 0.0350908 1.41032 
5.56667 0.00770201 -0.00146856 0.0313517 1.4176 
5.6 0.00773798 -0.00137718 0.0273119 1.42328 
5.63333 0.00778611 -0.00132822 0.0230948 1.42741 
5.66667 0.00770048 -0.00132685 0.0201414 1.43162 
5.7 0.00765796 -0.00135064 0.0197967 1.43793 
5.73333 0.00766889 -0.00146366 0.0200356 1.44481 
5.76667 0.00760252 -0.00157007 0.0213952 1.45309 
5.8 0.00766251 -0.00178423 0.0248479 1.4643 
5.83333 0.0075845 -0.00181781 0.0284379 1.47682 
5.86667 0.00757358 -0.00182902 0.0308905 1.48919 
5.9 0.00770549 -0.00191029 0.0332934 1.50233 
5.93333 0.0076817 -0.00185661 0.0351779 1.51565 
5.96667 0.00760139 -0.00179789 0.0358321 1.52815 
6 0.00767032 -0.00167773 0.034982 1.53909 
6.03333 0.00771672 -0.00161265 0.0323619 1.54766 
6.06667 0.00776374 -0.00152629 0.0303818 1.55611 
6.1 0.00776174 -0.00145304 0.0276532 1.56301 
6.13333 0.00774099 -0.0013743 0.0245782 1.5686 
6.16667 0.00776568 -0.00138634 0.0208692 1.57241 
6.2 0.00778188 -0.00133501 0.0198836 1.57821 
6.23333 0.00776713 -0.00137112 0.0184417 1.58313 
6.26667 0.00783738 -0.00145761 0.0185686 1.58943 
6.3 0.00785621 -0.00157029 0.020599 1.59802 
6.33333 0.00786183 -0.00171243 0.0230809 1.60781 
6.36667 0.00772907 -0.00180788 0.0263801 1.6194 
6.4 0.00782783 -0.00194305 0.029762 1.63219 
6.43333 0.00790174 -0.00202984 0.0329227 1.64584 
6.46667 0.00795319 -0.00200552 0.0359179 1.66035 
6.5 0.0079712 -0.00191716 0.0368032 1.67337 
6.53333 0.00801805 -0.00179648 0.0358845 1.68455 
6.56667 0.00801295 -0.00169729 0.0341169 1.69442 
6.6 0.00803016 -0.00161632 0.033078 1.70457 
6.63333 0.00793423 -0.00151032 0.030201 1.7122 
6.66667 0.00797059 -0.00142952 0.0264388 1.71782 
6.7 0.00814442 -0.0013496 0.025303 1.7253 
6.73333 0.00814612 -0.00142061 0.0234844 1.73158 
6.76667 0.00814316 -0.00150332 0.0217298 1.73734 
6.8 0.00817678 -0.0016637 0.022537 1.74554 
6.83333 0.00821939 -0.00176964 0.0237524 1.75448 
6.86667 0.00823538 -0.00193151 0.0239075 1.76259 
6.9 0.0082206 -0.00205304 0.0282408 1.77567 
6.93333 0.00829196 -0.00218502 0.0311949 1.78857 
6.96667 0.00835908 -0.00220263 0.0344123 1.80277 
7 0.00828206 -0.00221027 0.0377486 1.81818 
7.03333 0.008208 -0.00213981 0.0373048 1.83024 
7.06667 0.0082131 -0.00203261 0.0362093 1.84138 
7.1 0.00828865 -0.00191841 0.0333939 1.85012 
7.13333 0.00818599 -0.00176683 0.0315169 1.85904 
7.16667 0.00819115 -0.00170498 0.0284043 1.86587 
7.2 0.00826643 -0.00171753 0.0257498 1.8722 
7.23333 0.00826739 -0.00169954 0.0227226 1.87721 
7.26667 0.00819568 -0.00168553 0.0201426 1.88174 
7.3 0.00820386 -0.00173849 0.0193116 1.88748 
