0.7 -0.0330334 0.00203743 -0.750268 -1.96504 
0.733333 -0.0332686 0.00209339 -0.760861 -2.22807 
0.766667 -0.0334158 0.00216567 -0.767299 -2.48887 
0.8 -0.0334942 0.00218438 -0.771235 -2.74892 
0.833333 -0.0335657 0.00226464 -0.774202 -3.00924 
0.866667 -0.0336199 0.00236073 -0.778626 -3.27253 
0.9 -0.0335625 0.00243212 -0.783339 -3.53768 
0.933333 -0.0334481 0.00245969 -0.788299 -3.80468 
0.966667 -0.0333904 0.00248633 -0.79321 -4.07331 
1 -0.0333972 0.00246874 -0.798059 -4.34349 
1.03333 -0.033317 0.00244973 -0.803201 -4.61564 
1.06667 -0.0332538 0.0024225 -0.805323 -4.88593 
1.1 -0.0332413 0.00238713 -0.806547 -5.15587 
1.13333 -0.0332735 0.00235866 -0.805984 -5.4241 
1.16667 -0.0147221 0.00272885 -0.674283 -5.5373 
1.2 -0.00964206 0.00169839 -0.477719 -5.53002 
1.23333 -0.00599444 0.00101284 -0.335173 -5.52099 
1.26667 -0.00335737 0.00055022 -0.230877 -5.50959 
1.3 -0.00147972 0.000242507 -0.156377 -5.49861 
1.33333 -8.9874e-005 8.86749e-006 -0.10276 -5.48744 
1.36667 0.000925028 -0.000163082 -0.0658487 -5.47812 
1.4 0.0016588 -0.000303364 -0.0405913 -5.47025 
1.43333 0.0022037 -0.000375381 -0.0233682 -5.46345 
1.46667 0.00264845 -0.000456881 -0.0127333 -5.45869 
1.5 0.00296412 -0.000566583 -0.00613873 -5.45515 
1.53333 0.00322757 -0.000602487 -0.00258415 -5.453 
1.56667 0.00346576 -0.000661752 -0.000940846 -5.45192 
1.6 0.00361116 -0.000770233 0.00127555 -5.44962 
1.63333 0.00368105 -0.000850262 0.00350991 -5.44655 
1.66667 0.00375526 -0.000937114 0.00742921 -5.44076 
1.7 0.00379269 -0.0010192 0.0102538 -5.43495 
1.73333 0.00383302 -0.00101708 0.0140018 -5.4271 
1.76667 0.00387776 -0.00106069 0.0178389 -5.41791 
1.8 0.00383077 -0.00103769 0.0225422 -5.40641 
1.83333 0.00388332 -0.00106809 0.0262876 -5.39447 
1.86667 0.00392824 -0.00108448 0.0285438 -5.38305 
1.9 0.00396605 -0.00103399 0.0289135 -5.3731 
1.93333 0.00399533 -0.000934591 0.0279446 -5.3646 
1.96667 0.00402706 -0.000884358 0.0253481 -5.35835 
2 0.00408832 -0.000836443 0.0221156 -5.35372 
2.03333 0.00415479 -0.000804515 0.0197835 -5.3491 
2.06667 0.00421265 -0.000803286 0.0166127 -5.34625 
2.1 0.00431448 -0.000861311 0.0138124 -5.34402 
2.13333 0.00435537 -0.00089157 0.011779 -5.34181 
2.16667 0.00438851 -0.000936096 0.0105884 -5.33929 
2.2 0.00446161 -0.000991638 0.0119441 -5.33416 
2.23333 0.00452723 -0.00109188 0.0145182 -5.32714 
2.26667 0.00448154 -0.001174 0.01744 -5.31885 
2.3 0.0044986 -0.0012322 0.0215235 -5.30822 
2.33333 0.0045427 -0.0011977 0.0251866 -5.29672 
2.36667 0.00448827 -0.00117735 0.0275417 -5.28554 
2.4 0.00449594 -0.00112773 0.029497 -5.27406 
2.43333 0.00456317 -0.0010413 0.0299161 -5.26373 
2.46667 0.00462364 -0.000947903 0.0285919 -5.25532 
2.5 0.00465505 -0.000886866 0.02648 -5.24828 
2.53333 0.0047543 -0.000905958 0.0241319 -5.24223 
2.56667 0.00485444 -0.000894152 0.0209642 -5.23792 
2.6 0.00493452 -0.000844278 0.0177186 -5.23477 
2.63333 0.00499454 -0.000900789 0.0151893 -5.23185 
2.66667 0.00503674 -0.000952878 0.0124815 -5.22998 
2.7 0.00508182 -0.00103799 0.0134048 -5.22473 
2.73333 0.00507205 -0.00106046 0.0140376 -5.21951 
2.76667 0.00513225 -0.00119075 0.0156954 -5.21288 
2.8 0.00516662 -0.00125176 0.0178242 -5.20513 
2.83333 0.00515624 -0.00128337 0.0221709 -5.19406 
2.86667 0.00513913 -0.0012927 0.0261663 -5.18195 
2.9 0.00508886 -0.00129559 0.0291927 -5.16966 
2.93333 0.00503326 -0.00121957 0.0295759 -5.15948 
2.96667 0.00506826 -0.00112756 0.0294452 -5.14977 
3 0.00515107 -0.00103368 0.0276653 -5.14206 
3.03333 0.00515795 -0.00093546 0.0247056 -5.13633 
3.06667 0.0052561 -0.000905133 0.0219361 -5.13136 
3.1 0.00541378 -0.00090833 0.0200051 -5.12633 
3.13333 0.00545669 -0.000855845 0.0157164 -5.12473 
3.16667 0.0056204 -0.000905629 0.0136934 -5.12187 
3.2 0.00566272 -0.000963272 0.0122507 -5.11901 
3.23333 0.005695 -0.00102757 0.0131563 -5.11386 
3.26667 0.00568996 -0.00109309 0.0139064 -5.10859 
3.3 0.00565738 -0.00119606 0.0153605 -5.10224 
3.33333 0.0057086 -0.00129512 0.0187171 -5.09316 
3.36667 0.00580548 -0.00130552 0.0216022 -5.08351 
3.4 0.00578867 -0.00137212 0.0267411 -5.07024 
3.43333 0.00579525 -0.00135098 0.0291652 -5.05847 
3.46667 0.00576748 -0.00129713 0.029835 -5.04796 
3.5 0.00592491 -0.00116174 0.0293633 -5.03857 
3.53333 0.0060523 -0.00108698 0.028765 -5.02949 
3.56667 0.00600326 -0.0010295 0.0264609 -5.02262 
3.6 0.00605433 -0.000970918 0.0249263 -5.01561 
3.63333 0.00620419 -0.000961578 0.0220812 -5.01066 
3.66667 0.00625324 -0.00100844 0.0191342 -5.00678 
3.7 0.00625927 -0.00100788 0.0164915 -5.00352 
3.73333 0.00623525 -0.00102944 0.0160829 -4.9985 
3.76667 0.00625302 -0.00109636 0.0169842 -4.99208 
3.8 0.00625387 -0.00121594 0.0180301 -4.98518 
3.83333 0.00624883 -0.00131678 0.0202729 -4.97652 
3.86667 0.00618521 -0.00139572 0.0239082 -4.96548 
3.9 0.00617617 -0.00140533 0.0263074 -4.95467 
3.93333 0.00616297 -0.00146642 0.0311157 -4.94023 
3.96667 0.00615895 -0.00142084 0.0334558 -4.92709 
4 0.00621242 -0.00138995 0.0343846 -4.91485 
4.03333 0.00622453 -0.00131034 0.0345594 -4.90318 
4.06667 0.00621953 -0.001192 0.0336258 -4.89276 
4.1 0.00618182 -0.0011766 0.0320134 -4.88346 
4.13333 0.00631862 -0.00109617 0.0283879 -4.87706 
4.16667 0.00631283 -0.00101194 0.0245097 -4.87218 
4.2 0.00645896 -0.00104241 0.0223088 -4.86661 
4.23333 0.00633533 -0.00108571 0.0195304 -4.86245 
4.26667 0.00630633 -0.00114007 0.0180697 -4.85767 
4.3 0.00639833 -0.0012021 0.0177501 -4.85202 
4.33333 0.00644395 -0.00131382 0.0185944 -4.84511 
4.36667 0.00639825 -0.00137744 0.0208183 -4.83628 
4.4 0.00642738 -0.00144749 0.0250694 -4.82433 
4.43333 0.006438 -0.00154065 0.0287896 -4.81158 
4.46667 0.00645698 -0.00159823 0.0315049 -4.79877 
4.5 0.00652369 -0.00162337 0.0340961 -4.78521 
4.53333 0.00654282 -0.0015434 0.0346119 -4.77324 
4.56667 0.00652075 -0.00145854 0.0335814 -4.76292 
4.6 0.00657424 -0.00134158 0.0318966 -4.75371 
4.63333 0.00649791 -0.00130914 0.0307642 -4.74442 
4.66667 0.00659543 -0.00121822 0.0260027 -4.73978 
4.7 0.00672107 -0.00124788 0.0241173 -4.73334 
4.73333 0.00677782 -0.00123569 0.021745 -4.7281 
4.76667 0.0067657 -0.00123316 0.0205423 -4.72228 
4.8 0.0068132 -0.00126337 0.018123 -4.71828 
4.83333 0.00682223 -0.00124721 0.0170167 -4.71355 
4.86667 0.0068608 -0.00138167 0.0187592 -4.70582 
4.9 0.00691346 -0.00152348 0.0208749 -4.69707 
4.93333 0.00688331 -0.00163793 0.0243738 -4.68598 
4.96667 0.00686176 -0.00169185 0.0295787 -4.67171 
5 0.00681528 -0.00174954 0.0334713 -4.65726 
5.03333 0.0068041 -0.0016921 0.0348959 -4.64442 
5.06667 0.00685888 -0.00164002 0.0353828 -4.63221 
5.1 0.00693469 -0.00157132 0.0352493 -4.62058 
5.13333 0.00690643 -0.00147473 0.0334206 -4.61098 
5.16667 0.00697398 -0.0013577 0.0299259 -4.60397 
5.2 0.00713655 -0.00130674 0.0277418 -4.59657 
5.23333 0.00719829 -0.00125797 0.0239398 -4.59181 
5.26667 0.00722795 -0.00133874 0.0232891 -4.5846 
5.3 0.00733218 -0.00135552 0.0211382 -4.57938 
5.33333 0.00734107 -0.00143082 0.0199709 -4.57371 
5.36667 0.00734891 -0.00150816 0.0200428 -4.56697 
5.4 0.00734401 -0.00166508 0.0224307 -4.55747 
5.43333 0.00723227 -0.00170457 0.0234683 -4.54877 
5.46667 0.00720536 -0.00175504 0.0261472 -4.53778 
5.5 0.00731538 -0.00179725 0.0295938 -4.525 
5.53333 0.00740899 -0.00188286 0.0340116 -4.50992 
5.56667 0.00740269 -0.00190902 0.0370954 -4.49494 
5.6 0.00739347 -0.00177573 0.0381799 -4.48129 
5.63333 0.00744228 -0.00173635 0.0370014 -4.46996 
5.66667 0.00749771 -0.00163959 0.0347438 -4.46029 
5.7 0.00756382 -0.00156061 0.0315156 -4.45252 
5.73333 0.00762748 -0.00143698 0.0276627 -4.44656 
5.76667 0.00764175 -0.00137982 0.0256618 -4.4397 
5.8 0.00766575 -0.0013817 0.0226177 -4.43474 
5.83333 0.00765873 -0.00142079 0.0209054 -4.42922 
5.86667 0.00773922 -0.00149149 0.0188923 -4.42463 
5.9 0.00768226 -0.00154779 0.0200583 -4.41696 
5.93333 0.00760696 -0.0016161 0.022035 -4.40794 
5.96667 0.00755713 -0.00168336 0.0244596 -4.39773 
6 0.00758463 -0.0016906 0.0258079 -4.38799 
6.03333 0.00747105 -0.00173619 0.0299958 -4.37444 
6.06667 0.00744957 -0.0017874 0.0346134 -4.35899 
6.1 0.00747119 -0.00176158 0.0371623 -4.34444 
6.13333 0.00752185 -0.00167871 0.0370787 -4.33215 
6.16667 0.00766569 -0.00163245 0.0358573 -4.32124 
6.2 0.0076878 -0.00150819 0.0334612 -4.31211 
6.23333 0.00766083 -0.00145189 0.0303412 -4.30464 
6.26667 0.00754869 -0.00137261 0.026195 -4.29942 
6.3 0.00758028 -0.00138781 0.0242225 -4.29302 
6.33333 0.00759978 -0.00138245 0.0206891 -4.28912 
6.36667 0.00765456 -0.0013923 0.0193133 -4.28384 
6.4 0.00767312 -0.00142954 0.0195388 -4.27714 
6.43333 0.00762715 -0.00150183 0.0204961 -4.2695 
6.46667 0.00765502 -0.00163448 0.0221476 -4.26072 
6.5 0.00771517 -0.0017461 0.0252482 -4.24967 
6.53333 0.00761961 -0.0017634 0.0281999 -4.23777 
6.56667 0.00758291 -0.00179551 0.0320349 -4.22385 
6.6 0.00753826 -0.00185937 0.0358724 -4.20864 
6.63333 0.00757696 -0.00188597 0.0379068 -4.19428 
6.66667 0.0075527 -0.0018585 0.0377352 -4.18185 
6.7 0.00754577 -0.00176814 0.0371477 -4.16996 
6.73333 0.00749734 -0.00165062 0.0343357 -4.1609 
6.76667 0.00760779 -0.00159351 0.0306014 -4.15386 
6.8 0.00772426 -0.00149767 0.0269263 -4.148 
6.83333 0.0077345 -0.00144581 0.0241474 -4.1423 
6.86667 0.00770383 -0.00140515 0.0222133 -4.13654 
6.9 0.00769403 -0.00138909 0.0203914 -4.13128 
6.93333 0.00774017 -0.00149778 0.0199453 -4.12501 
6.96667 0.00783088 -0.00155147 0.0215177 -4.11651 
7 0.0078595 -0.00171143 0.0228143 -4.10781 
7.03333 0.00785551 -0.00172523 0.024768 -4.09789 
7.06667 0.00777788 -0.00179227 0.02855 -4.08517 
7.1 0.00775703 -0.00185574 0.0317407 -4.07189 
7.13333 0.00769122 -0.00190075 0.0344764 -4.05808 
7.16667 0.00770876 -0.00190997 0.0358391 -4.04498 
7.2 0.00769539 -0.00185978 0.0381384 -4.03032 
7.23333 0.00764222 -0.00179925 0.0360249 -4.0201 
7.26667 0.00773191 -0.00176806 0.0354605 -4.00876 
7.3 0.0077963 -0.00169226 0.031378 -4.00176 
7.33333 0.0078406 -0.00152644 0.0286237 -3.99455 
