0.7 0.00227289 -0.000456654 0.0213361 0.313492 
0.733333 0.0023991 -0.00046649 0.0236904 0.325186 
0.766667 0.00254626 -0.000452593 0.0240759 0.334786 
0.8 0.00266844 -0.00048335 0.0220918 0.34056 
0.833333 0.00276721 -0.0004269 0.0203127 0.345882 
0.866667 0.00285115 -0.000395143 0.0165803 0.348204 
0.9 0.00290541 -0.000400854 0.0129078 0.349343 
0.933333 0.00298663 -0.000427996 0.00995584 0.350121 
0.966667 0.00305135 -0.000428092 0.00765181 0.35071 
1 0.00314525 -0.000470795 0.00683292 0.352288 
1.03333 0.00323599 -0.000550772 0.00786965 0.355789 
1.06667 0.00325664 -0.000578132 0.00903811 0.359792 
1.1 0.00332511 -0.000669771 0.0113824 0.365571 
1.13333 0.00333768 -0.000718684 0.0150476 0.373692 
1.16667 0.00337003 -0.000740219 0.0202705 0.384874 
1.2 0.00332074 -0.000698633 0.023574 0.39553 
1.23333 0.00334586 -0.000687657 0.026538 0.406887 
1.26667 0.00341583 -0.000660042 0.0286952 0.41828 
1.3 0.0034525 -0.000625992 0.0280738 0.427112 
1.33333 0.00350348 -0.000577025 0.0254978 0.433429 
1.36667 0.00352838 -0.000542964 0.0228998 0.438861 
1.4 0.00359268 -0.000555128 0.0181141 0.440845 
1.43333 0.00370935 -0.000541123 0.0148117 0.442985 
1.46667 0.00377039 -0.000570328 0.0119528 0.444547 
1.5 0.00383618 -0.000602073 0.0101198 0.446368 
1.53333 0.00387605 -0.000573887 0.00858174 0.447925 
1.56667 0.00389399 -0.000668856 0.00838187 0.45055 
1.6 0.00401004 -0.000762169 0.011004 0.456439 
1.63333 0.0040673 -0.000789933 0.0142664 0.463958 
1.66667 0.00402722 -0.000817936 0.0170372 0.471985 
1.7 0.00404254 -0.000822219 0.0212721 0.482663 
1.73333 0.00408467 -0.000860711 0.0249077 0.494045 
1.76667 0.00404224 -0.000859954 0.0274318 0.505327 
1.8 0.00408935 -0.000852058 0.0296116 0.517044 
1.83333 0.00411139 -0.000790866 0.0296568 0.526968 
1.86667 0.00418365 -0.000733834 0.0279744 0.534868 
1.9 0.00426184 -0.000637695 0.0246066 0.540217 
1.93333 0.00435882 -0.000650392 0.0217637 0.545063 
1.96667 0.00444397 -0.000625672 0.0189899 0.549044 
2 0.00452326 -0.000614065 0.0156733 0.551458 
2.03333 0.00459122 -0.000628652 0.0131373 0.553689 
2.06667 0.00468623 -0.000667176 0.0121091 0.556855 
2.1 0.00477953 -0.000745288 0.0123662 0.561194 
2.13333 0.00481538 -0.000802922 0.0136502 0.566832 
2.16667 0.00477296 -0.000874548 0.0156743 0.573772 
2.2 0.00477313 -0.00093249 0.0183585 0.582165 
2.23333 0.00473467 -0.000947574 0.0224222 0.593082 
2.26667 0.00478445 -0.00104931 0.0265997 0.605487 
2.3 0.00487703 -0.00105156 0.0294126 0.617674 
2.33333 0.00485083 -0.00101388 0.0313373 0.62975 
2.36667 0.00487648 -0.000919451 0.0309383 0.639725 
2.4 0.00488196 -0.000802597 0.0288707 0.647597 
2.43333 0.00493931 -0.000759094 0.0265151 0.65444 
2.46667 0.00495226 -0.00070346 0.0232494 0.659423 
2.5 0.00508183 -0.00068072 0.0202261 0.663604 
2.53333 0.00515626 -0.000656346 0.0166547 0.66613 
2.56667 0.00520329 -0.000656947 0.0136352 0.668118 
2.6 0.00524166 -0.000661259 0.0120491 0.67079 
2.63333 0.00530894 -0.000780988 0.0113077 0.673932 
2.66667 0.00531084 -0.000864135 0.013055 0.679763 
2.7 0.00537962 -0.000961468 0.0147675 0.686136 
2.73333 0.00536319 -0.00105691 0.017711 0.694534 
2.76667 0.00545093 -0.00110951 0.0211812 0.704534 
2.8 0.00537859 -0.00116744 0.0245866 0.715614 
2.83333 0.00528413 -0.00113025 0.0265838 0.726167 
2.86667 0.00529883 -0.00111213 0.0285042 0.737296 
2.9 0.00533653 -0.00104704 0.0293298 0.747772 
2.93333 0.00544948 -0.000944555 0.0280378 0.756023 
2.96667 0.00549418 -0.000895908 0.0258319 0.762765 
3 0.00554696 -0.000802488 0.02352 0.768646 
3.03333 0.00553964 -0.000739495 0.0205703 0.773004 
3.06667 0.00556316 -0.000688851 0.0167342 0.775333 
3.1 0.00562695 -0.000736987 0.0139877 0.777669 
3.13333 0.00588239 -0.000804412 0.0128456 0.780983 
3.16667 0.0058934 -0.000837756 0.0123333 0.78466 
3.2 0.00585847 -0.000905426 0.0130093 0.789569 
3.23333 0.00591019 -0.000903957 0.0140681 0.795156 
3.26667 0.00586471 -0.0010305 0.0173988 0.803777 
3.3 0.00579639 -0.00108153 0.0207366 0.813517 
3.33333 0.00579081 -0.00115765 0.0240911 0.824389 
3.36667 0.0057501 -0.00113193 0.0278431 0.836848 
3.4 0.00579208 -0.00108954 0.0293373 0.847893 
3.43333 0.00577151 -0.00103632 0.0295312 0.857901 
3.46667 0.00583758 -0.000970307 0.0285689 0.866609 
3.5 0.00584965 -0.000877962 0.0266961 0.873921 
3.53333 0.00603832 -0.000810759 0.0249871 0.880802 
3.56667 0.00614671 -0.000764987 0.0224754 0.886166 
3.6 0.00616639 -0.000792493 0.0187376 0.889246 
3.63333 0.00623896 -0.000767701 0.0158418 0.892073 
3.66667 0.00629938 -0.000793934 0.0138787 0.895036 
3.7 0.00634912 -0.000852418 0.0135951 0.899328 
3.73333 0.00633049 -0.000956034 0.0138335 0.904141 
3.76667 0.00642264 -0.0010883 0.0159181 0.911213 
3.8 0.00654547 -0.00117127 0.0186847 0.919785 
3.83333 0.00648784 -0.00127541 0.0216087 0.929465 
3.86667 0.00634829 -0.00133058 0.0257 0.941497 
3.9 0.00632696 -0.00134042 0.0286154 0.953506 
3.93333 0.00640369 -0.0013608 0.0317105 0.966698 
3.96667 0.00635079 -0.00135932 0.0330599 0.978861 
4 0.00646331 -0.00124066 0.0307858 0.987196 
4.03333 0.00659978 -0.00119231 0.0297486 0.996234 
4.06667 0.00664823 -0.00109708 0.0275708 1.00358 
4.1 0.0067487 -0.0010675 0.0246031 1.00927 
4.13333 0.00693754 -0.00101309 0.0207194 1.01288 
4.16667 0.00703633 -0.00102509 0.0188055 1.01753 
4.2 0.00704792 -0.00102266 0.0182089 1.02309 
4.23333 0.0069797 -0.00114122 0.016659 1.02733 
4.26667 0.00686598 -0.00121156 0.0163691 1.03254 
4.3 0.00692226 -0.00131067 0.0192729 1.04143 
4.33333 0.00697372 -0.00131576 0.0221202 1.05121 
4.36667 0.00693211 -0.00140686 0.0251751 1.06219 
4.4 0.00689117 -0.00147371 0.029414 1.07559 
4.43333 0.00691525 -0.00154969 0.0327767 1.08936 
4.46667 0.00698476 -0.00150864 0.0353 1.10327 
4.5 0.00691945 -0.00145119 0.0361766 1.11607 
4.53333 0.00685406 -0.00142622 0.0353257 1.12712 
4.56667 0.00701241 -0.00129455 0.0328366 1.13596 
4.6 0.00716305 -0.00121149 0.0302892 1.1439 
4.63333 0.00735271 -0.00117618 0.0266589 1.14971 
4.66667 0.00751136 -0.00116544 0.0235127 1.15488 
4.7 0.00762327 -0.00115661 0.0193578 1.15782 
4.73333 0.00776885 -0.00130717 0.0203642 1.16546 
4.76667 0.00787069 -0.00142724 0.0211796 1.17321 
4.8 0.00796952 -0.00158047 0.0251306 1.18493 
4.83333 0.00794132 -0.00165487 0.0274753 1.19608 
4.86667 0.00785645 -0.00180836 0.0307401 1.20909 
4.9 0.00785807 -0.00185023 0.0339394 1.22311 
4.93333 0.0079373 -0.00193384 0.0367748 1.23777 
4.96667 0.00805685 -0.00194356 0.0397691 1.25356 
5 0.00821883 -0.00188092 0.0412708 1.26859 
5.03333 0.00827936 -0.00175705 0.0403164 1.28122 
5.06667 0.00833558 -0.0017371 0.0385362 1.29256 
5.1 0.00851362 -0.00167457 0.0358299 1.30221 
5.13333 0.00854352 -0.00168105 0.0316441 1.30921 
5.16667 0.00861194 -0.00160012 0.02718 1.31449 
5.2 0.00863968 -0.00165431 0.025024 1.32101 
5.23333 0.00865924 -0.00172612 0.0231381 1.32712 
5.26667 0.00879222 -0.00179994 0.0222219 1.33375 
5.3 0.00872255 -0.0018998 0.024275 1.34358 
5.33333 0.0085461 -0.00199444 0.0272003 1.35513 
5.36667 0.00841488 -0.00209855 0.0309658 1.36864 
5.4 0.00834328 -0.00211665 0.0336278 1.38211 
5.43333 0.00824205 -0.00216524 0.0390116 1.39967 
5.46667 0.00815105 -0.0020714 0.0399114 1.41374 
5.5 0.00806304 -0.00198677 0.0393569 1.42639 
5.53333 0.00802088 -0.00183869 0.0352047 1.4346 
5.56667 0.00799541 -0.00174819 0.0339562 1.44486 
5.6 0.00798331 -0.00160104 0.032013 1.45389 
5.63333 0.00793742 -0.00158585 0.0286674 1.46061 
5.66667 0.00791991 -0.0015506 0.0251114 1.46597 
5.7 0.00785286 -0.00149556 0.0218644 1.47051 
5.73333 0.00779952 -0.00153637 0.0201879 1.47581 
5.76667 0.00781224 -0.00168491 0.0203778 1.48277 
5.8 0.00778054 -0.00174984 0.0220486 1.49153 
5.83333 0.00769548 -0.00188149 0.0236059 1.50072 
5.86667 0.0076474 -0.00192286 0.0271483 1.51277 
5.9 0.00758965 -0.00199711 0.0301113 1.52532 
5.93333 0.00760622 -0.00198943 0.033284 1.5391 
5.96667 0.00770197 -0.00190861 0.0354681 1.55277 
6 0.00769226 -0.00182015 0.0369117 1.5663 
6.03333 0.0077654 -0.0017822 0.036802 1.57847 
6.06667 0.00788777 -0.0016989 0.0336252 1.58699 
6.1 0.00791094 -0.00162924 0.0315698 1.59577 
6.13333 0.00794265 -0.00159849 0.0293623 1.60369 
6.16667 0.00802887 -0.00159342 0.0257152 1.60917 
6.2 0.00790629 -0.00157134 0.0226085 1.61408 
6.23333 0.00790656 -0.00158741 0.0198335 1.61834 
6.26667 0.00801707 -0.00168765 0.0192608 1.62427 
6.3 0.00809143 -0.00180918 0.0188405 1.6302 
6.33333 0.00818219 -0.00195422 0.0196798 1.63747 
6.36667 0.00813812 -0.00198564 0.0220467 1.64682 
6.4 0.00805602 -0.0019646 0.0254818 1.65823 
6.43333 0.00805444 -0.00203155 0.0300088 1.67206 
6.46667 0.00800264 -0.00209737 0.0329986 1.6856 
6.5 0.00791813 -0.00204336 0.0349641 1.69892 
6.53333 0.0079224 -0.00200362 0.0350249 1.71064 
6.56667 0.00798204 -0.00191449 0.0352053 1.72253 
6.6 0.00802767 -0.00176602 0.0331861 1.73188 
6.63333 0.00809089 -0.0016923 0.032007 1.74155 
6.66667 0.00807897 -0.00164669 0.0290346 1.74871 
6.7 0.00806687 -0.00168564 0.025343 1.75403 
6.73333 0.00796277 -0.00165625 0.0225789 1.75922 
6.76667 0.00797004 -0.00166414 0.0194596 1.76306 
6.8 0.00795487 -0.00174834 0.0189664 1.76897 
6.83333 0.00802124 -0.00181854 0.0195675 1.776 
6.86667 0.00800414 -0.00187491 0.0198569 1.78286 
6.9 0.00797029 -0.00192569 0.0222375 1.79229 
6.93333 0.00802678 -0.00205754 0.0264943 1.80473 
6.96667 0.00803905 -0.00210455 0.0316267 1.81962 
7 0.00799125 -0.00209541 0.0347561 1.83386 
7.03333 0.00795068 -0.00205807 0.0379148 1.84917 
7.06667 0.00786073 -0.00193816 0.0395599 1.86375 
7.1 0.0079412 -0.00191079 0.0388494 1.8761 
7.13333 0.00799926 -0.0019025 0.0364007 1.88616 
7.16667 0.00802039 -0.00182805 0.0328608 1.89411 
7.2 0.00810209 -0.00175066 0.0301507 1.90187 
7.23333 0.00819957 -0.00177872 0.0271462 1.90837 
7.26667 0.00820451 -0.00172949 0.0250716 1.91497 
7.3 0.0081698 -0.00170242 0.0228763 1.92073 
7.33333 0.00816817 -0.00177666 0.0220108 1.92734 
7.36667 0.00820847 -0.00191588 0.0194606 1.93167 
