0.219 20 -40 
0.312 20 -40 
0.391 20 -40 
0.453 20 -40 
0.532 20 -40 
0.594 20 -40 
0.656 20 -40 
0.736 20 -40 
0.813 20 -40 
0.892 20 -40 
0.953 20 -40 
1.033 20 -40 
1.094 20 -40 
1.157 20 -40 
1.219 20 -40 
1.298 20 -40 
1.361 20 -40 
1.423 20 -40 
1.485 20 -40 
1.563 20 -40 
1.626 20 -40 
1.704 20 -40 
1.766 20 -40 
1.829 20 -40 
1.891 20 -40 
1.953 20 -40 
2.015 20 -40 
2.094 20 -40 
2.156 20 -40 
2.219 20 -40 
2.298 20 -40 
2.36 20 -40 
2.422 20 -40 
2.501 20 -40 
2.562 20 -40 
2.626 20 -40 
2.688 20 -40 
2.75 20 -40 
2.83 20 -40 
2.891 20 -40 
2.968 20 -40 
3.015 20 -40 
3.095 20 -40 
3.156 20 -40 
3.22 20 -40 
3.298 20 -40 
3.36 20 -40 
3.422 20 -40 
3.484 20 -40 
3.548 20 -40 
3.609 20 -40 
3.704 20 -40 
3.766 20 -40 
3.828 20 -40 
3.891 20 -40 
3.953 20 -40 
4.016 20 -40 
4.094 20 -40 
4.156 20 -40 
4.219 20 -40 
4.297 20 -40 
4.361 20 -40 
4.422 20 -40 
4.501 20 -40 
4.563 20 -40 
4.625 20 -40 
4.705 20 -40 
4.797 20 -40 
4.907 20 -40 
4.954 20 -40 
5.031 20 -40 
5.094 20 -40 
5.156 20 -40 
5.218 20 -40 
5.298 20 -40 
5.359 20 -40 
5.438 20 -40 
5.532 20 -40 
5.61 20 -40 
5.704 20 -40 
5.766 20 -40 
5.829 20 -40 
5.89 20 -40 
5.954 20 -40 
6.017 20 -40 
6.094 20 -40 
6.172 20 -40 
6.25 20 -40 
6.328 20 -40 
6.392 20 -40 
6.454 20 -40 
6.532 20 -40 
6.595 20 -40 
6.656 20 -40 
6.719 20 -40 
6.797 20 -40 
6.891 20 -40 
6.955 20 -40 
7.032 20 -40 
7.095 20 -40 
7.157 20 -40 
7.22 20 -40 
7.297 20 -40 
7.36 20 -40 
7.422 20 -40 
7.486 20 -40 
7.547 20 -40 
7.626 20 -40 
7.704 20 -40 
7.767 20 -40 
7.829 20 -40 
7.892 20 -40 
7.954 20 -40 
8.017 20 -40 
8.094 20 -40 
8.158 20 -40 
8.219 20 -40 
8.298 20 -40 
8.36 20 -40 
8.423 20 -40 
8.5 20 -40 
8.563 20 -40 
8.625 20 -40 
8.688 20 -40 
8.751 20 -40 
8.828 20 -40 
8.892 20 -40 
8.953 20 -40 
9.032 20 -40 
9.094 20 -40 
9.157 20 -40 
9.22 20 -40 
9.298 20 -40 
9.361 20 -40 
9.423 20 -40 
9.516 20 -40 
9.611 20 -40 
9.72 20 -40 
9.813 20 -40 
9.892 20 -40 
9.954 20 -40 
10.017 20 -40 
10.093 20 -40 
10.158 20 -40 
10.22 20 -40 
10.282 20 -40 
10.376 20 -40 
10.484 20 -40 
10.562 20 -40 
10.625 20 -40 
10.687 20 -40 
10.75 20 -40 
10.812 20 -40 
10.891 20 -40 
10.953 20 -40 
11.016 20 -40 
11.095 20 -40 
11.158 20 -40 
11.22 20 -40 
11.297 20 -40 
11.36 20 -40 
11.423 20 -40 
11.484 20 -40 
11.546 20 -40 
11.609 20 -40 
11.703 20 -40 
11.766 20 -40 
11.828 20 -40 
11.891 20 -40 
11.953 20 -40 
12.016 20 -40 
12.095 20 -40 
12.156 20 -40 
12.219 20 -40 
12.297 20 -40 
12.345 20 -40 
12.422 20 -40 
12.5 20 -40 
12.563 20 -40 
12.625 20 -40 
12.688 20 -40 
12.75 20 -40 
12.814 20 -40 
12.907 20 -40 
12.953 20 -40 
13.031 20 -40 
13.095 20 -40 
13.156 20 -40 
13.22 20 -40 
13.298 20 -40 
13.359 20 -40 
13.438 20 -40 
13.532 20 -40 
13.579 20 -40 
13.672 20 -40 
13.72 20 -40 
13.798 20 -40 
13.86 20 -40 
13.922 20 -40 
13.984 20 -40 
14.063 20 -40 
14.126 20 -40 
14.188 20 -40 
14.266 20 -40 
14.329 20 -40 
14.392 20 -40 
14.47 20 -40 
14.532 20 -40 
14.594 20 -40 
14.657 20 -40 
14.72 20 -40 
14.797 20 -40 
14.86 20 -40 
14.938 20 -40 
15.001 20 -40 
15.064 20 -40 
15.125 20 -40 
15.189 20 -40 
15.266 20 -40 
15.328 20 -40 
