0.213 20 -40 
0.323 20 -40 
0.401 20 -40 
0.511 20 -40 
0.588 20 -40 
0.651 20 -40 
0.73 20 -40 
0.791 20 -40 
0.854 20 -40 
0.933 20 -40 
0.994 20 -40 
1.057 20 -40 
1.135 20 -40 
1.213 20 -40 
1.292 20 -40 
1.369 20 -40 
1.433 20 -40 
1.495 20 -40 
1.557 20 -40 
1.619 20 -40 
1.698 20 -40 
1.761 20 -40 
1.824 20 -40 
1.885 20 -40 
1.963 20 -40 
2.027 20 -40 
2.104 20 -40 
2.167 20 -40 
2.23 20 -40 
2.293 20 -40 
2.354 20 -40 
2.417 20 -40 
2.495 20 -40 
2.556 20 -40 
2.62 20 -40 
2.682 20 -40 
2.76 20 -40 
2.824 20 -40 
2.901 20 -40 
2.963 20 -40 
3.026 20 -40 
3.088 20 -40 
3.151 20 -40 
3.213 20 -40 
3.291 20 -40 
3.369 20 -40 
3.433 20 -40 
3.494 20 -40 
3.557 20 -40 
3.619 20 -40 
3.699 20 -40 
3.761 20 -40 
3.824 20 -40 
3.885 20 -40 
3.947 20 -40 
4.01 20 -40 
4.105 20 -40 
4.167 20 -40 
4.229 20 -40 
4.291 20 -40 
4.354 20 -40 
4.416 20 -40 
4.494 20 -40 
4.557 20 -40 
4.635 20 -40 
4.683 20 -40 
4.761 20 -40 
4.823 20 -40 
4.901 20 -40 
4.964 20 -40 
5.026 20 -40 
5.088 20 -40 
5.151 20 -40 
5.213 20 -40 
5.291 20 -40 
5.355 20 -40 
5.432 20 -40 
5.495 20 -40 
5.558 20 -40 
5.62 20 -40 
5.697 20 -40 
5.76 20 -40 
5.823 20 -40 
5.885 20 -40 
5.963 20 -40 
6.011 20 -40 
6.104 20 -40 
6.167 20 -40 
6.23 20 -40 
6.291 20 -40 
6.355 20 -40 
6.416 20 -40 
6.494 20 -40 
6.557 20 -40 
6.62 20 -40 
6.698 20 -40 
6.76 20 -40 
6.824 20 -40 
6.902 20 -40 
6.964 20 -40 
7.026 20 -40 
7.089 20 -40 
7.151 20 -40 
7.213 20 -40 
7.307 20 -40 
7.37 20 -40 
7.431 20 -40 
7.495 20 -40 
7.557 20 -40 
7.62 20 -40 
7.697 20 -40 
7.76 20 -40 
7.839 20 -40 
7.916 20 -40 
7.98 20 -40 
8.042 20 -40 
8.135 20 -40 
8.199 20 -40 
8.261 20 -40 
8.324 20 -40 
8.385 20 -40 
8.449 20 -40 
8.527 20 -40 
8.588 20 -40 
8.651 20 -40 
8.729 20 -40 
8.792 20 -40 
8.853 20 -40 
8.931 20 -40 
8.994 20 -40 
9.057 20 -40 
9.12 20 -40 
9.183 20 -40 
9.26 20 -40 
9.323 20 -40 
9.386 20 -40 
9.478 20 -40 
9.573 20 -40 
9.65 20 -40 
9.76 20 -40 
9.838 20 -40 
9.947 20 -40 
10.025 20 -40 
10.104 20 -40 
10.167 20 -40 
10.23 20 -40 
10.323 20 -40 
10.4 20 -40 
10.495 20 -40 
10.557 20 -40 
10.621 20 -40 
10.682 20 -40 
10.745 20 -40 
10.823 20 -40 
10.902 20 -40 
10.964 20 -40 
11.027 20 -40 
11.088 20 -40 
11.151 20 -40 
11.213 20 -40 
11.291 20 -40 
11.37 20 -40 
11.432 20 -40 
11.495 20 -40 
11.558 20 -40 
11.619 20 -40 
11.698 20 -40 
11.76 20 -40 
11.823 20 -40 
11.886 20 -40 
11.949 20 -40 
12.011 20 -40 
12.104 20 -40 
12.167 20 -40 
12.229 20 -40 
12.292 20 -40 
12.355 20 -40 
12.418 20 -40 
12.494 20 -40 
12.573 20 -40 
12.651 20 -40 
12.73 20 -40 
12.792 20 -40 
12.87 20 -40 
12.933 20 -40 
12.995 20 -40 
13.058 20 -40 
13.121 20 -40 
13.198 20 -40 
13.261 20 -40 
13.322 20 -40 
13.386 20 -40 
13.464 20 -40 
13.526 20 -40 
13.589 20 -40 
13.666 20 -40 
13.728 20 -40 
13.792 20 -40 
13.855 20 -40 
13.917 20 -40 
13.994 20 -40 
14.042 20 -40 
14.136 20 -40 
14.197 20 -40 
14.261 20 -40 
14.323 20 -40 
14.385 20 -40 
14.464 20 -40 
14.526 20 -40 
14.588 20 -40 
14.667 20 -40 
14.729 20 -40 
14.792 20 -40 
14.87 20 -40 
14.932 20 -40 
14.994 20 -40 
15.058 20 -40 
15.119 20 -40 
15.182 20 -40 
15.26 20 -40 
15.323 20 -40 
15.401 20 -40 
