0.203 20 -40 
0.267 20 -40 
0.328 20 -40 
0.391 20 -40 
0.454 20 -40 
0.547 20 -40 
0.642 20 -40 
0.736 20 -40 
0.814 20 -40 
0.906 20 -40 
0.969 20 -40 
1.032 20 -40 
1.093 20 -40 
1.157 20 -40 
1.219 20 -40 
1.296 20 -40 
1.36 20 -40 
1.422 20 -40 
1.485 20 -40 
1.562 20 -40 
1.625 20 -40 
1.703 20 -40 
1.765 20 -40 
1.829 20 -40 
1.89 20 -40 
1.953 20 -40 
2.016 20 -40 
2.095 20 -40 
2.157 20 -40 
2.235 20 -40 
2.298 20 -40 
2.359 20 -40 
2.423 20 -40 
2.5 20 -40 
2.562 20 -40 
2.625 20 -40 
2.703 20 -40 
2.781 20 -40 
2.86 20 -40 
2.938 20 -40 
3 20 -40 
3.062 20 -40 
3.126 20 -40 
3.187 20 -40 
3.25 20 -40 
3.329 20 -40 
3.391 20 -40 
3.453 20 -40 
3.516 20 -40 
3.579 20 -40 
3.656 20 -40 
3.734 20 -40 
3.798 20 -40 
3.86 20 -40 
3.923 20 -40 
3.985 20 -40 
4.048 20 -40 
4.125 20 -40 
4.188 20 -40 
4.266 20 -40 
4.328 20 -40 
4.391 20 -40 
4.454 20 -40 
4.532 20 -40 
4.593 20 -40 
4.656 20 -40 
4.735 20 -40 
4.812 20 -40 
4.891 20 -40 
4.968 20 -40 
5.031 20 -40 
5.093 20 -40 
5.157 20 -40 
5.22 20 -40 
5.297 20 -40 
5.359 20 -40 
5.423 20 -40 
5.485 20 -40 
5.562 20 -40 
5.625 20 -40 
5.704 20 -40 
5.766 20 -40 
5.829 20 -40 
5.892 20 -40 
5.953 20 -40 
6.016 20 -40 
6.094 20 -40 
6.172 20 -40 
6.235 20 -40 
6.313 20 -40 
6.39 20 -40 
6.453 20 -40 
6.531 20 -40 
6.594 20 -40 
6.657 20 -40 
6.72 20 -40 
6.781 20 -40 
6.845 20 -40 
6.938 20 -40 
7.001 20 -40 
7.063 20 -40 
7.125 20 -40 
7.203 20 -40 
7.297 20 -40 
7.359 20 -40 
7.423 20 -40 
7.5 20 -40 
7.548 20 -40 
7.625 20 -40 
7.702 20 -40 
7.766 20 -40 
7.829 20 -40 
7.891 20 -40 
7.953 20 -40 
8.016 20 -40 
8.093 20 -40 
8.172 20 -40 
8.235 20 -40 
8.298 20 -40 
8.36 20 -40 
8.423 20 -40 
8.5 20 -40 
8.562 20 -40 
8.626 20 -40 
8.688 20 -40 
8.75 20 -40 
8.813 20 -40 
8.906 20 -40 
8.969 20 -40 
9.031 20 -40 
9.094 20 -40 
9.156 20 -40 
9.22 20 -40 
9.298 20 -40 
9.361 20 -40 
9.422 20 -40 
9.484 20 -40 
9.547 20 -40 
9.625 20 -40 
9.702 20 -40 
9.765 20 -40 
9.828 20 -40 
9.89 20 -40 
9.953 20 -40 
10.015 20 -40 
10.094 20 -40 
10.171 20 -40 
10.235 20 -40 
10.296 20 -40 
10.359 20 -40 
10.422 20 -40 
10.5 20 -40 
10.564 20 -40 
10.625 20 -40 
10.703 20 -40 
10.781 20 -40 
10.845 20 -40 
10.923 20 -40 
11 20 -40 
11.063 20 -40 
11.125 20 -40 
11.187 20 -40 
11.25 20 -40 
11.344 20 -40 
11.422 20 -40 
11.484 20 -40 
11.563 20 -40 
11.626 20 -40 
11.703 20 -40 
11.765 20 -40 
11.829 20 -40 
11.89 20 -40 
11.954 20 -40 
12.016 20 -40 
12.093 20 -40 
12.171 20 -40 
12.219 20 -40 
12.296 20 -40 
12.359 20 -40 
12.422 20 -40 
12.501 20 -40 
12.562 20 -40 
12.625 20 -40 
12.687 20 -40 
12.751 20 -40 
12.812 20 -40 
12.906 20 -40 
12.969 20 -40 
13.031 20 -40 
13.095 20 -40 
13.157 20 -40 
13.219 20 -40 
13.298 20 -40 
13.361 20 -40 
13.422 20 -40 
13.485 20 -40 
13.562 20 -40 
13.625 20 -40 
13.704 20 -40 
13.766 20 -40 
13.829 20 -40 
13.891 20 -40 
13.953 20 -40 
14.017 20 -40 
14.094 20 -40 
14.157 20 -40 
14.235 20 -40 
14.296 20 -40 
14.36 20 -40 
14.422 20 -40 
14.5 20 -40 
14.564 20 -40 
14.625 20 -40 
14.687 20 -40 
14.749 20 -40 
14.813 20 -40 
14.906 20 -40 
14.969 20 -40 
15.032 20 -40 
15.094 20 -40 
15.156 20 -40 
