0.066667 0.022073 -0.006068 1.147891 0.265307 0.624296 0.216104 
0.100000 0.019487 -0.002710 0.966935 0.293217 0.624965 0.214846 
0.133333 0.018456 0.001270 0.670611 0.302768 0.624765 0.215389 
0.166667 0.020616 -0.000576 0.431563 0.349343 0.626338 0.216413 
0.200000 0.022920 0.000909 0.148759 0.332382 0.626589 0.215471 
0.233333 0.029287 0.006531 -0.135494 0.360360 0.627470 0.216423 
0.266667 0.038025 0.013138 -0.277789 0.329032 0.628025 0.216904 
0.300000 0.041371 0.011220 -0.265236 0.321719 0.629610 0.217801 
0.333333 0.034943 0.002078 -0.266593 0.321378 0.630791 0.219259 
0.366667 0.023833 -0.005538 -0.352944 0.317540 0.631561 0.218524 
0.400000 0.017918 -0.008110 -0.413382 0.281736 0.632676 0.218467 
0.433333 0.024078 -0.012206 -0.338064 0.296692 0.632922 0.219241 
0.466667 0.038550 -0.016254 -0.057528 0.264735 0.633241 0.217901 
0.500000 0.041775 -0.018873 0.375386 0.272020 0.636154 0.218454 
0.533333 0.027808 -0.018046 0.714771 0.300185 0.637637 0.218214 
0.566667 0.015350 -0.012578 0.785595 0.327985 0.637690 0.217578 
0.600000 0.018336 -0.004905 0.694593 0.351153 0.637922 0.217338 
0.633333 0.028675 -0.000168 0.661423 0.375879 0.639397 0.217747 
0.666667 0.033472 0.000671 0.696961 0.379880 0.639901 0.218430 
0.700000 0.030291 -0.000357 0.530622 0.420933 0.641146 0.218744 
0.733333 0.027585 0.000172 0.056900 0.440159 0.642810 0.218497 
0.766667 0.034676 0.000864 -0.338132 0.432263 0.641715 0.220556 
0.800000 0.046099 0.005493 -0.317640 0.376114 0.644323 0.218512 
0.833333 0.048329 0.005888 -0.110023 0.421803 0.645770 0.222045 
0.866667 0.039221 0.005088 -0.090746 0.384958 0.646806 0.221185 
0.900000 0.029434 -0.001878 -0.279173 0.410313 0.647728 0.222636 
0.933333 0.025823 -0.006005 -0.431258 0.374983 0.648836 0.222075 
0.966667 0.030581 -0.008833 -0.347042 0.367375 0.649649 0.222661 
1.000000 0.039279 -0.009586 -0.053890 0.352104 0.650115 0.222418 
1.033330 0.041148 -0.011148 0.287837 0.364787 0.652824 0.222617 
1.066670 0.035248 -0.015589 0.599957 0.382324 0.653824 0.223130 
1.100000 0.031813 -0.019089 0.839545 0.387460 0.654232 0.222927 
1.133330 0.033706 -0.015701 0.890139 0.445262 0.656366 0.222150 
1.166670 0.036720 -0.005242 0.748566 0.459574 0.657336 0.222229 
1.200000 0.033540 0.000034 0.594005 0.486811 0.658118 0.224014 
1.233330 0.025297 0.002209 0.465595 0.488145 0.659547 0.223517 
1.266670 0.021779 0.005823 0.186757 0.519792 0.660056 0.224114 
1.300000 0.030361 0.008995 -0.203151 0.527462 0.660006 0.224894 
1.333330 0.043802 0.006916 -0.345848 0.490790 0.660994 0.225122 
1.366670 0.050975 -0.001282 -0.130346 0.484372 0.663094 0.227566 
1.400000 0.051363 -0.006221 0.064604 0.486572 0.664089 0.226792 
1.433330 0.049966 -0.004580 -0.078202 0.509116 0.666000 0.227509 
1.466670 0.046127 -0.000776 -0.397947 0.483228 0.667357 0.228799 
1.500000 0.040957 -0.004834 -0.520659 0.468968 0.668863 0.229317 
1.533330 0.041340 -0.012400 -0.259405 0.456665 0.669739 0.229575 
1.566670 0.045951 -0.015233 0.217891 0.428504 0.671181 0.229434 
1.600000 0.043036 -0.016480 0.560051 0.483148 0.673401 0.229866 
1.633330 0.035031 -0.013827 0.700009 0.494435 0.674983 0.230260 
1.666670 0.033266 -0.010356 0.829761 0.495959 0.675155 0.230256 
1.700000 0.039291 -0.007163 0.918913 0.550368 0.676587 0.229905 
1.733330 0.044961 -0.004051 0.809479 0.577679 0.678867 0.231561 
1.766670 0.046675 -0.003114 0.563300 0.594282 0.678687 0.231840 
1.800000 0.045567 0.000129 0.313498 0.615730 0.681005 0.232838 
1.833330 0.041220 0.007742 0.052561 0.607289 0.682447 0.232979 
1.866670 0.038134 0.007599 -0.215822 0.633362 0.682405 0.235497 
1.900000 0.043407 0.002320 -0.338129 0.594155 0.683744 0.235302 
1.933330 0.057059 -0.001720 -0.266915 0.587860 0.684856 0.236407 
1.966670 0.065959 -0.001152 -0.215433 0.586863 0.686853 0.237185 
2.000000 0.060001 -0.004697 -0.293673 0.588067 0.689174 0.238921 
2.033330 0.048651 -0.013908 -0.310316 0.561551 0.690485 0.240404 
2.066670 0.047285 -0.022174 -0.110855 0.556147 0.691546 0.238972 
2.100000 0.051623 -0.022967 0.193883 0.556198 0.693971 0.239647 
2.133330 0.046311 -0.020427 0.442341 0.573496 0.695704 0.240971 
2.166670 0.035532 -0.013574 0.677467 0.594373 0.697631 0.240332 
2.200000 0.038301 -0.003164 0.997860 0.609150 0.698353 0.240665 
2.233330 0.055931 0.000774 1.212480 0.639927 0.698474 0.241285 
2.266670 0.067225 -0.006512 1.031118 0.721781 0.701498 0.243759 
2.300000 0.062270 -0.004616 0.536511 0.711944 0.703345 0.244245 
2.333330 0.053086 0.002549 0.031454 0.735075 0.704512 0.245652 
2.366670 0.050527 0.009893 -0.312829 0.729704 0.705509 0.246323 
2.400000 0.052274 0.009482 -0.403888 0.709500 0.706438 0.249063 
2.433330 0.054788 0.003782 -0.244716 0.695354 0.707918 0.249154 
2.466670 0.057612 -0.001828 -0.065064 0.688414 0.708917 0.251030 
2.500000 0.062978 -0.010856 -0.089725 0.703977 0.711775 0.251902 
2.533330 0.070674 -0.023135 -0.199643 0.695070 0.711486 0.252948 
2.566670 0.070817 -0.029696 -0.105992 0.671205 0.715798 0.253965 
2.600000 0.058215 -0.025002 0.228558 0.683664 0.718558 0.254538 
2.633330 0.051202 -0.015215 0.607953 0.697075 0.719572 0.254549 
2.666670 0.060666 -0.014739 0.849834 0.717131 0.720056 0.256069 
2.700000 0.070847 -0.021676 0.872580 0.758013 0.723598 0.256613 
2.733330 0.064335 -0.020622 0.760427 0.785857 0.725332 0.258184 
2.766670 0.046498 -0.006643 0.676790 0.797260 0.727581 0.259213 
2.800000 0.040449 0.009703 0.586238 0.821440 0.728539 0.259810 
2.833330 0.057971 0.014186 0.331545 0.848337 0.727596 0.260699 
2.866670 0.080162 0.006507 0.022559 0.858200 0.729532 0.263999 
2.900000 0.084335 0.002362 -0.076829 0.832119 0.732308 0.265434 
2.933330 0.071624 0.001092 -0.050994 0.834066 0.733583 0.267844 
2.966670 0.057885 -0.002052 -0.191887 0.857122 0.734576 0.269373 
3.000000 0.053554 -0.005433 -0.449242 0.828381 0.736424 0.270405 
3.033330 0.057179 -0.011259 -0.540097 0.804013 0.737086 0.271425 
3.066670 0.061089 -0.020266 -0.339286 0.803640 0.739604 0.272972 
3.100000 0.062912 -0.027344 0.130000 0.781141 0.741128 0.273601 
3.133330 0.064265 -0.030700 0.688353 0.796227 0.743646 0.274535 
3.166670 0.067892 -0.025520 0.987672 0.833855 0.745672 0.275064 
3.200000 0.071620 -0.014455 0.893715 0.880505 0.747979 0.276476 
3.233330 0.070050 -0.004245 0.695539 0.893838 0.749695 0.278148 
3.266670 0.061659 -0.001922 0.655284 0.903755 0.750677 0.280693 
3.300000 0.054160 -0.002294 0.630144 0.939703 0.752470 0.281181 
3.333330 0.055627 0.003929 0.371555 0.958134 0.753060 0.282978 
3.366670 0.064114 0.011581 -0.055407 0.968015 0.754467 0.284155 
3.400000 0.069448 0.014119 -0.336991 0.954857 0.754391 0.287213 
3.433330 0.066750 0.009674 -0.301044 0.930089 0.756671 0.288873 
3.466670 0.062910 -0.001684 -0.113723 0.933737 0.756966 0.291044 
3.500000 0.064854 -0.012892 -0.022471 0.933610 0.758251 0.292129 
3.533330 0.067967 -0.018924 -0.049499 0.936372 0.760681 0.293486 
3.566670 0.064883 -0.019870 -0.092030 0.920816 0.762292 0.295240 
3.600000 0.062572 -0.023880 -0.106059 0.930008 0.764707 0.297086 
3.633330 0.072326 -0.024722 -0.002964 0.930008 0.764707 0.297086 
3.666670 0.078554 -0.015524 0.301553 0.910719 0.768954 0.297906 
3.700000 0.061001 -0.009292 0.639383 0.938328 0.770740 0.303252 
3.733330 0.037984 -0.011176 0.830793 0.989789 0.770749 0.301043 
3.766670 0.038890 -0.010664 0.966904 0.975623 0.771753 0.303772 
3.800000 0.058744 -0.006598 1.061619 1.038290 0.773550 0.302124 
3.833330 0.075144 -0.003434 0.900014 1.065480 0.774772 0.306857 
3.866670 0.079825 -0.007786 0.425327 1.097950 0.775031 0.308851 
3.900000 0.080431 -0.003864 -0.106742 1.099430 0.777798 0.309435 
3.933330 0.073767 0.009907 -0.366247 1.084000 0.778611 0.312496 
3.966670 0.057982 0.013344 -0.250413 1.068380 0.779751 0.316580 
4.000000 0.050507 -0.000440 -0.012624 1.058490 0.778403 0.315546 
4.033330 0.061655 -0.012772 -0.024181 1.079430 0.780898 0.318738 
4.066670 0.080580 -0.006732 -0.334923 1.067600 0.782873 0.319117 
4.100000 0.086341 -0.001620 -0.562672 1.061720 0.783644 0.321601 
4.133330 0.070416 -0.012569 -0.330172 1.011950 0.784729 0.326824 
4.166670 0.048932 -0.035141 0.262514 1.028910 0.787309 0.325457 
4.200000 0.043684 -0.040926 0.760381 1.038580 0.788517 0.325954 
4.233330 0.050937 -0.032470 0.896585 1.091160 0.791065 0.327243 
4.266670 0.061107 -0.018475 0.825894 1.103410 0.792304 0.328352 
4.300000 0.069630 -0.009766 0.811325 1.131050 0.793755 0.330594 
4.333330 0.075471 -0.007436 0.881209 1.157490 0.794634 0.331412 
4.366670 0.072899 -0.008708 0.873198 1.192070 0.796403 0.335591 
4.400000 0.066437 -0.004009 0.640965 1.215810 0.796807 0.336628 
4.433330 0.068785 0.006241 0.205632 1.238870 0.798838 0.338079 
4.466670 0.083150 0.008909 -0.175963 1.242720 0.798055 0.341502 
4.500000 0.101838 -0.000147 -0.286027 1.202970 0.798530 0.343868 
4.533330 0.114861 -0.015921 -0.280192 1.215160 0.800932 0.347383 
4.566670 0.115805 -0.019455 -0.359935 1.217210 0.803358 0.351304 
4.600000 0.106201 -0.012890 -0.324501 1.183200 0.804087 0.353412 
4.633330 0.090778 -0.015478 0.091814 1.184510 0.807206 0.358250 
4.666670 0.078783 -0.023080 0.672791 1.174030 0.806852 0.358747 
4.700000 0.070251 -0.031385 0.911553 1.240850 0.809974 0.361486 
4.733330 0.065344 -0.024284 0.726353 1.263190 0.811920 0.363417 
4.766670 0.063250 -0.014512 0.597963 1.280070 0.812431 0.364541 
4.800000 0.066657 -0.011379 0.803206 1.272540 0.813370 0.367446 
4.833330 0.076767 -0.015195 0.986584 1.336310 0.814421 0.369079 
4.866670 0.092930 -0.008665 0.756647 1.367140 0.815936 0.371146 
4.900000 0.100747 0.004043 0.218875 1.377110 0.816693 0.374663 
4.933330 0.090918 0.008758 -0.241419 1.384990 0.816528 0.379377 
4.966670 0.078225 0.005168 -0.381565 1.354060 0.817147 0.381040 
5.000000 0.077711 -0.004016 -0.303044 1.343210 0.816892 0.382290 
5.033330 0.081988 -0.013627 -0.246140 1.355420 0.819478 0.387397 
5.066670 0.081885 -0.018130 -0.217670 1.330290 0.818265 0.387481 
5.100000 0.075611 -0.021159 -0.063119 1.326020 0.821876 0.391729 
5.133330 0.068957 -0.025721 0.234348 1.333620 0.822373 0.393275 
5.166670 0.068105 -0.033368 0.526178 1.332570 0.822374 0.394565 
5.200000 0.066692 -0.037546 0.678091 1.376300 0.826243 0.397241 
5.233330 0.064933 -0.025874 0.730181 1.389710 0.826929 0.399499 
5.266670 0.069174 -0.012055 0.778766 1.401570 0.828146 0.400256 
5.300000 0.079069 -0.011653 0.807754 1.455090 0.827915 0.403622 
5.333330 0.086069 -0.012626 0.797220 1.459050 0.829430 0.406212 
5.366670 0.084780 -0.010561 0.728234 1.492910 0.829918 0.408789 
5.400000 0.078161 -0.003306 0.509832 1.516090 0.830915 0.411888 
5.433330 0.072209 -0.000031 0.177132 1.538890 0.829863 0.414444 
5.466670 0.072212 0.000511 -0.085114 1.516100 0.830876 0.416002 
5.500000 0.076416 -0.004301 -0.226669 1.525100 0.830694 0.419220 
5.533330 0.081275 -0.008760 -0.333436 1.515420 0.830821 0.421661 
5.566670 0.086603 -0.010412 -0.405413 1.496540 0.831824 0.424249 
5.600000 0.087540 -0.009180 -0.353851 1.492140 0.831971 0.426826 
5.633330 0.079338 -0.006898 -0.147403 1.467880 0.833108 0.430874 
5.666670 0.070212 -0.016439 0.140145 1.477650 0.833068 0.432361 
5.700000 0.072622 -0.035345 0.453536 1.492810 0.833782 0.434580 
5.733330 0.082753 -0.047667 0.778289 1.494590 0.835819 0.436671 
5.766670 0.084787 -0.042332 0.966416 1.537660 0.837843 0.440311 
5.800000 0.083218 -0.021033 0.863810 1.576860 0.839726 0.443051 
5.833330 0.086931 -0.006772 0.641243 1.601470 0.838829 0.444968 
5.866670 0.085940 -0.008595 0.588134 1.605860 0.838548 0.447747 
5.900000 0.069221 -0.012480 0.606401 1.621500 0.839787 0.452724 
5.933330 0.055827 -0.006321 0.377347 1.669400 0.839979 0.453120 
5.966670 0.067752 0.004635 -0.020163 1.664670 0.839777 0.453757 
6.000000 0.087931 0.007145 -0.208684 1.642270 0.838710 0.457872 
6.033330 0.091000 -0.000100 -0.131768 1.643580 0.838681 0.460971 
6.066670 0.080171 -0.007415 -0.056776 1.644950 0.838652 0.464072 
6.100000 0.073535 -0.010459 -0.103376 1.644840 0.838738 0.465689 
6.133330 0.074367 -0.009051 -0.140220 1.639020 0.838889 0.468307 
6.166670 0.077056 -0.008393 -0.057360 1.622800 0.839611 0.471843 
6.200000 0.082912 -0.019776 0.123222 1.643540 0.838567 0.473378 
6.233330 0.090320 -0.034671 0.363633 1.633460 0.840089 0.475990 
6.266670 0.085320 -0.045403 0.594692 1.653950 0.841077 0.480664 
6.300000 0.072382 -0.043221 0.710392 1.685440 0.842604 0.482759 
6.333330 0.075244 -0.032317 0.749220 1.707660 0.843612 0.485365 
6.366670 0.095226 -0.020654 0.832619 1.722820 0.843796 0.486049 
6.400000 0.105684 -0.011772 0.900217 1.758940 0.843978 0.492805 
6.433330 0.097526 -0.004146 0.787853 1.793150 0.843524 0.495210 
6.466670 0.086726 -0.000916 0.499755 1.813810 0.842473 0.497267 
6.500000 0.079922 0.000004 0.199028 1.824040 0.841929 0.500370 
6.533330 0.072623 0.004542 -0.015553 1.822890 0.841731 0.503921 
6.566670 0.069086 0.007423 -0.176660 1.818720 0.840591 0.504499 
6.600000 0.075463 0.002462 -0.255672 1.829070 0.839283 0.507591 
6.633330 0.086637 -0.000770 -0.171458 1.789360 0.839435 0.509756 
6.666670 0.091116 -0.010337 -0.088889 1.793170 0.839236 0.512782 
6.700000 0.085202 -0.030985 -0.162555 1.829060 0.837132 0.516902 
6.733330 0.084124 -0.044475 -0.108420 1.780590 0.839699 0.518504 
6.766670 0.088109 -0.048059 0.232871 1.770230 0.840187 0.521630 
6.800000 0.084931 -0.046892 0.526810 1.825260 0.841529 0.526254 
6.833330 0.080830 -0.039667 0.684198 1.841680 0.840801 0.528276 
6.866670 0.086389 -0.024318 0.932560 1.817230 0.842886 0.531036 
6.900000 0.093178 -0.014806 1.142069 1.910660 0.842141 0.534145 
6.933330 0.088730 -0.004786 1.038325 1.927360 0.841074 0.537771 
6.966670 0.071072 -0.006256 0.623947 1.945780 0.839500 0.540347 
7.000000 0.060241 -0.011421 0.054153 1.992960 0.839863 0.542023 
7.033330 0.067420 -0.004339 -0.379239 1.950730 0.839669 0.543313 
7.066670 0.080621 0.001738 -0.382481 1.952770 0.838239 0.546935 
7.100000 0.093203 0.001371 -0.055967 1.915240 0.837110 0.549112 
7.133330 0.105141 -0.015942 0.174562 1.955080 0.835780 0.551222 
7.166670 0.105778 -0.023597 0.058023 1.943440 0.835736 0.555913 
7.200000 0.084930 -0.021631 -0.247544 1.953170 0.835180 0.560075 
7.233330 0.069834 -0.016283 -0.403907 1.934260 0.834367 0.561603 
