0.066667 0.028614 -0.003170 1.300257 0.275096 0.656768 0.178581 
0.100000 0.029314 -0.006391 1.106352 0.291918 0.657785 0.178055 
0.133333 0.032503 -0.009815 0.735446 0.325528 0.658417 0.177552 
0.166667 0.033887 -0.008805 0.348451 0.347728 0.659889 0.178372 
0.200000 0.027338 -0.003868 -0.061559 0.359435 0.661189 0.178539 
0.233333 0.020546 0.005346 -0.352427 0.336489 0.662205 0.178047 
0.266667 0.024597 0.010673 -0.418706 0.331886 0.661688 0.179106 
0.300000 0.034727 0.007156 -0.340696 0.309343 0.662758 0.179912 
0.333333 0.037463 -0.003311 -0.310689 0.304161 0.664641 0.179942 
0.366667 0.031376 -0.014055 -0.413330 0.301031 0.665577 0.180779 
0.400000 0.027115 -0.019105 -0.463403 0.284170 0.666441 0.179626 
0.433333 0.027541 -0.015928 -0.252378 0.249642 0.667245 0.179515 
0.466667 0.026736 -0.010631 0.140203 0.265335 0.669151 0.179241 
0.500000 0.026935 -0.007629 0.531726 0.278862 0.669232 0.179612 
0.533333 0.031020 -0.006629 0.839518 0.283311 0.670249 0.179120 
0.566667 0.033972 -0.005199 0.998930 0.337748 0.671667 0.179683 
0.600000 0.031540 0.000771 1.014977 0.369369 0.672742 0.179658 
0.633333 0.026314 0.006141 0.924264 0.375901 0.673759 0.179993 
0.666667 0.025147 0.003131 0.643431 0.444618 0.673947 0.181456 
0.700000 0.030425 -0.001258 0.177111 0.430884 0.674979 0.180809 
0.733333 0.037994 -0.003162 -0.238513 0.445014 0.675835 0.181532 
0.766667 0.039670 0.000938 -0.410764 0.417831 0.677401 0.182371 
0.800000 0.034574 0.003434 -0.401193 0.402113 0.678827 0.182132 
0.833333 0.031868 -0.002842 -0.366947 0.409000 0.679178 0.183838 
0.866667 0.037921 -0.013575 -0.339210 0.376607 0.680262 0.183218 
0.900000 0.045753 -0.020089 -0.289062 0.372800 0.681775 0.183231 
0.933333 0.046121 -0.016999 -0.194498 0.376550 0.684297 0.183254 
0.966667 0.042053 -0.008710 0.000396 0.349448 0.685306 0.183263 
1.000000 0.040749 -0.006202 0.267831 0.366610 0.686306 0.183773 
1.033330 0.042733 -0.010258 0.518161 0.386366 0.688324 0.183791 
1.066670 0.040949 -0.016443 0.747887 0.392210 0.688820 0.184297 
1.100000 0.031014 -0.017487 0.914403 0.428185 0.691657 0.184239 
1.133330 0.020462 -0.007498 0.899448 0.462825 0.691622 0.183412 
1.166670 0.020554 0.004184 0.734115 0.495641 0.692782 0.184279 
1.200000 0.032623 0.007286 0.552817 0.499780 0.692344 0.184830 
1.233330 0.045941 0.002783 0.342278 0.528714 0.693920 0.185591 
1.266670 0.048851 0.000689 0.024467 0.533948 0.695925 0.186498 
1.300000 0.043276 0.001246 -0.300707 0.532041 0.696732 0.187330 
1.333330 0.040600 0.000946 -0.440044 0.508343 0.698106 0.188171 
1.366670 0.045940 -0.002964 -0.368266 0.495414 0.698848 0.188400 
1.400000 0.051827 -0.008562 -0.257051 0.488266 0.700529 0.189395 
1.433330 0.050736 -0.011211 -0.277666 0.477955 0.702944 0.190158 
1.466670 0.045070 -0.009823 -0.382524 0.479390 0.703728 0.189708 
1.500000 0.042224 -0.009422 -0.280947 0.457881 0.705890 0.190596 
1.533330 0.046262 -0.015657 0.190301 0.436382 0.706599 0.191481 
1.566670 0.051251 -0.022357 0.737776 0.466742 0.707906 0.190489 
1.600000 0.047656 -0.019621 0.964313 0.506172 0.711637 0.190945 
1.633330 0.039393 -0.012123 0.894415 0.538221 0.711998 0.191907 
1.666670 0.037901 -0.007996 0.818394 0.553128 0.712779 0.191134 
1.700000 0.041006 -0.007249 0.817479 0.584369 0.714442 0.192557 
1.733330 0.043417 -0.003953 0.743442 0.617022 0.716456 0.193077 
1.766670 0.048920 0.001757 0.502178 0.634572 0.716456 0.193077 
1.800000 0.055264 0.004262 0.142317 0.649986 0.718289 0.195088 
1.833330 0.054089 0.004299 -0.205904 0.646510 0.720015 0.196500 
1.866670 0.047773 0.003107 -0.382246 0.636617 0.721168 0.196647 
1.900000 0.045978 0.000718 -0.339779 0.613323 0.721999 0.199030 
1.933330 0.052315 -0.002742 -0.253529 0.606400 0.723610 0.198359 
1.966670 0.061239 -0.006697 -0.286042 0.616277 0.724945 0.200188 
2.000000 0.066269 -0.010232 -0.322879 0.587076 0.727459 0.201217 
2.033330 0.064632 -0.017005 -0.174219 0.581119 0.728803 0.201729 
2.066670 0.055938 -0.021171 0.131591 0.577980 0.731484 0.202763 
2.100000 0.042035 -0.021295 0.437910 0.590891 0.733416 0.202434 
2.133330 0.031355 -0.018964 0.665289 0.612296 0.734280 0.203253 
2.166670 0.032785 -0.015581 0.806220 0.630623 0.735532 0.202801 
2.200000 0.046850 -0.013749 0.843279 0.664044 0.737089 0.202981 
2.233330 0.063320 -0.014445 0.807839 0.698045 0.737704 0.204439 
2.266670 0.067676 -0.009318 0.761149 0.709302 0.741143 0.205111 
2.300000 0.056311 0.005250 0.594143 0.734859 0.742562 0.206890 
2.333330 0.042291 0.019123 0.182553 0.771849 0.743567 0.207403 
2.366670 0.038311 0.017588 -0.235745 0.757664 0.743433 0.210276 
2.400000 0.048207 0.001504 -0.331304 0.726314 0.743377 0.210238 
2.433330 0.062797 -0.012193 -0.202829 0.734913 0.746543 0.211961 
2.466670 0.071707 -0.010722 -0.175338 0.726655 0.747598 0.212543 
2.500000 0.071487 -0.004311 -0.309100 0.726553 0.750259 0.214216 
2.533330 0.064372 -0.004379 -0.400963 0.705561 0.751555 0.216037 
2.566670 0.056244 -0.015774 -0.274148 0.690226 0.753435 0.217005 
2.600000 0.051523 -0.029162 0.090059 0.695419 0.754690 0.217275 
2.633330 0.053478 -0.030957 0.535292 0.682430 0.758050 0.218037 
2.666670 0.060996 -0.025566 0.801694 0.734700 0.758637 0.217113 
2.700000 0.069630 -0.016987 0.801428 0.756486 0.761646 0.219662 
2.733330 0.063542 -0.011798 0.690597 0.771814 0.763038 0.219630 
2.766670 0.042569 -0.008542 0.597741 0.801123 0.765665 0.222725 
2.800000 0.030228 -0.002407 0.541860 0.821746 0.765924 0.221563 
2.833330 0.041900 0.004701 0.482154 0.823061 0.765671 0.222221 
2.866670 0.062552 0.006828 0.312845 0.857117 0.767878 0.224696 
2.900000 0.070878 0.006336 0.043048 0.861094 0.768668 0.225906 
2.933330 0.066493 0.003920 -0.151578 0.845575 0.770661 0.228826 
2.966670 0.059507 -0.000789 -0.204841 0.846368 0.770956 0.229101 
3.000000 0.056532 -0.003573 -0.225402 0.838696 0.773556 0.231572 
3.033330 0.064470 -0.005516 -0.285998 0.830734 0.774170 0.232393 
3.066670 0.081777 -0.008829 -0.324203 0.823075 0.775681 0.233418 
3.100000 0.085580 -0.012924 -0.215012 0.809054 0.777841 0.235653 
3.133330 0.063826 -0.016193 0.068805 0.799231 0.782118 0.238959 
3.166670 0.044186 -0.017121 0.401059 0.815808 0.781720 0.238023 
3.200000 0.047673 -0.016982 0.654535 0.834656 0.782714 0.237231 
3.233330 0.054222 -0.019033 0.785363 0.849452 0.785466 0.241626 
3.266670 0.049918 -0.020723 0.800447 0.895225 0.787358 0.240193 
3.300000 0.049197 -0.015086 0.764851 0.904501 0.787519 0.241540 
3.333330 0.054925 -0.008744 0.710307 0.934604 0.790116 0.242483 
3.366670 0.061056 -0.004246 0.548579 0.956537 0.790790 0.244685 
3.400000 0.069872 -0.001651 0.248507 0.977687 0.792221 0.245653 
3.433330 0.084028 0.002685 -0.020274 0.976663 0.793419 0.247951 
3.466670 0.093139 0.006226 -0.115089 0.963384 0.795501 0.250205 
3.500000 0.083351 0.001444 -0.162379 0.961993 0.796197 0.253464 
3.533330 0.059927 -0.008928 -0.320359 0.973134 0.799268 0.256174 
3.566670 0.049708 -0.011669 -0.467278 0.941070 0.798766 0.256038 
3.600000 0.061888 -0.007520 -0.404712 0.924866 0.801275 0.256374 
3.633330 0.073844 -0.008110 -0.138461 0.923300 0.802000 0.259520 
3.666670 0.071765 -0.019467 0.205259 0.910765 0.804842 0.262037 
3.700000 0.070475 -0.034126 0.520034 0.940779 0.805888 0.261993 
3.733330 0.079557 -0.033670 0.726345 0.944586 0.808642 0.262678 
3.766670 0.077973 -0.025421 0.782659 0.986317 0.811719 0.265263 
3.800000 0.059886 -0.014888 0.764926 1.011660 0.813392 0.268127 
3.833330 0.045007 -0.007615 0.811037 1.022010 0.813938 0.267026 
3.866670 0.046988 -0.006003 0.882230 1.063950 0.815352 0.269552 
3.900000 0.060463 -0.004058 0.739592 1.079990 0.815543 0.270707 
3.933330 0.076278 -0.001155 0.299073 1.124880 0.817980 0.272316 
3.966670 0.085498 0.004854 -0.123166 1.117040 0.817933 0.274870 
4.000000 0.081744 0.006271 -0.221636 1.078600 0.819616 0.278422 
4.033330 0.077171 -0.002880 -0.172003 1.103330 0.820898 0.280675 
4.066670 0.086509 -0.008447 -0.229584 1.096200 0.821455 0.281488 
4.100000 0.097751 -0.010349 -0.259602 1.081650 0.823674 0.284663 
4.133330 0.087329 -0.011721 -0.133761 1.057250 0.825976 0.288648 
4.166670 0.060570 -0.020602 -0.023745 1.078900 0.827497 0.289682 
4.200000 0.046248 -0.028276 0.054373 1.085800 0.828220 0.291012 
4.233330 0.055758 -0.025857 0.317154 1.055270 0.830495 0.290949 
4.266670 0.069177 -0.017612 0.662043 1.087770 0.832061 0.292783 
4.300000 0.070647 -0.011912 0.795113 1.136520 0.833842 0.295575 
4.333330 0.065980 -0.011421 0.805085 1.140140 0.834690 0.297464 
4.366670 0.068604 -0.017157 0.905523 1.164850 0.835797 0.298015 
4.400000 0.075276 -0.020334 0.966069 1.205470 0.837493 0.301124 
4.433330 0.073993 -0.016560 0.774071 1.243810 0.839632 0.302534 
4.466670 0.068993 -0.007742 0.354763 1.250480 0.840110 0.306103 
4.500000 0.076777 -0.000188 -0.108183 1.267950 0.840840 0.306707 
4.533330 0.098436 0.007196 -0.381966 1.254850 0.842223 0.309151 
4.566670 0.112499 0.007922 -0.364852 1.216430 0.842305 0.314035 
4.600000 0.107453 -0.009417 -0.246672 1.238590 0.843841 0.317480 
4.633330 0.097148 -0.021423 -0.212846 1.207830 0.845527 0.320263 
4.666670 0.097986 -0.033143 -0.076801 1.238670 0.848260 0.322550 
4.700000 0.109510 -0.031587 0.430217 1.181560 0.848364 0.324837 
4.733330 0.102502 -0.036622 1.062220 1.246700 0.853205 0.329197 
4.766670 0.078442 -0.028875 1.228665 1.273840 0.854302 0.331578 
4.800000 0.058975 -0.024035 0.857265 1.354130 0.855826 0.333165 
4.833330 0.065601 -0.018565 0.531382 1.326830 0.855787 0.334403 
4.866670 0.085435 -0.017439 0.573680 1.343520 0.858776 0.336755 
4.900000 0.099980 -0.016409 0.653862 1.387410 0.858382 0.340274 
4.933330 0.102969 -0.007009 0.497392 1.408320 0.860256 0.343586 
4.966670 0.097023 0.009636 0.226219 1.402720 0.861260 0.346155 
5.000000 0.087966 0.013377 -0.054843 1.418410 0.860706 0.350592 
5.033330 0.082741 -0.000867 -0.343626 1.414390 0.859675 0.352514 
5.066670 0.082489 -0.018976 -0.521267 1.389570 0.862052 0.354530 
5.100000 0.079996 -0.028151 -0.430484 1.377170 0.862694 0.358963 
5.133330 0.076075 -0.029826 -0.084256 1.359510 0.864982 0.359386 
5.166670 0.076780 -0.034105 0.275141 1.359940 0.865231 0.362581 
5.200000 0.081509 -0.038572 0.410885 1.393810 0.867776 0.365175 
5.233330 0.082742 -0.029697 0.445697 1.402480 0.869312 0.365708 
5.266670 0.070065 -0.014144 0.662947 1.400740 0.871362 0.371296 
5.300000 0.054818 -0.009544 0.975155 1.432710 0.870547 0.371874 
5.333330 0.057762 -0.015199 1.080032 1.492580 0.871314 0.372397 
5.366670 0.074919 -0.014724 0.943795 1.505090 0.872735 0.375414 
5.400000 0.088453 -0.008434 0.668757 1.534890 0.873317 0.379091 
5.433330 0.093321 -0.004073 0.279768 1.567990 0.872795 0.380110 
5.466670 0.087206 0.000312 -0.079627 1.556150 0.873270 0.385249 
5.500000 0.071952 0.003163 -0.191081 1.552120 0.873492 0.387167 
5.533330 0.061719 0.002607 -0.094842 1.534910 0.873239 0.389356 
5.566670 0.065993 -0.009815 -0.052690 1.552580 0.873023 0.390765 
5.600000 0.077409 -0.023550 -0.185178 1.542070 0.873521 0.393845 
5.633330 0.084634 -0.027474 -0.325816 1.535290 0.875245 0.396062 
5.666670 0.087369 -0.021179 -0.207344 1.526200 0.876302 0.399942 
5.700000 0.090538 -0.016280 0.208213 1.502540 0.876305 0.401207 
5.733330 0.088771 -0.024782 0.586660 1.535210 0.877233 0.405345 
5.766670 0.077137 -0.034518 0.631762 1.567370 0.878754 0.408453 
5.800000 0.063829 -0.036634 0.523111 1.582400 0.879339 0.409832 
5.833330 0.061862 -0.029363 0.604306 1.579300 0.881234 0.412707 
5.866670 0.074661 -0.019195 0.866032 1.624620 0.881488 0.414097 
5.900000 0.096320 -0.005933 0.995243 1.635970 0.881988 0.416736 
5.933330 0.109317 -0.001988 0.762330 1.697020 0.881749 0.421369 
5.966670 0.105266 0.001666 0.285371 1.703280 0.880848 0.424228 
6.000000 0.089246 0.001127 -0.087472 1.698330 0.880671 0.428053 
6.033330 0.073821 -0.004656 -0.136935 1.700540 0.880375 0.430488 
6.066670 0.070071 -0.011910 0.033270 1.679960 0.879918 0.432731 
6.100000 0.074057 -0.018771 0.087506 1.698290 0.880626 0.434241 
6.133330 0.073102 -0.017796 -0.168004 1.709070 0.881112 0.438376 
6.166670 0.071628 -0.015074 -0.484467 1.688590 0.881093 0.440957 
6.200000 0.085309 -0.021914 -0.466927 1.664050 0.881091 0.441301 
6.233330 0.105014 -0.033883 -0.083755 1.645850 0.881853 0.445575 
6.266670 0.103323 -0.041535 0.367343 1.665490 0.883085 0.450799 
6.300000 0.079725 -0.032694 0.688451 1.682910 0.883945 0.452214 
6.333330 0.056962 -0.014154 0.902609 1.702030 0.885108 0.456516 
6.366670 0.054202 -0.005107 1.032956 1.741080 0.884596 0.455991 
6.400000 0.067364 -0.012519 1.041162 1.777090 0.883558 0.458532 
6.433330 0.077614 -0.020498 0.899924 1.806980 0.884556 0.461679 
6.466670 0.080455 -0.015799 0.584264 1.832920 0.885050 0.464791 
6.500000 0.084834 -0.006532 0.163289 1.860400 0.883491 0.466319 
6.533330 0.089819 0.002695 -0.118739 1.840380 0.883469 0.469424 
6.566670 0.088512 0.002928 -0.089778 1.840830 0.882624 0.473689 
6.600000 0.085024 -0.006899 0.076829 1.830350 0.880851 0.474560 
6.633330 0.083224 -0.023068 0.034578 1.848720 0.881341 0.478194 
6.666670 0.080289 -0.026555 -0.283498 1.854540 0.881319 0.481303 
6.700000 0.079121 -0.016480 -0.548209 1.820330 0.882215 0.484427 
6.733330 0.082993 -0.014932 -0.416779 1.812390 0.880773 0.485440 
6.766670 0.088429 -0.022256 0.085195 1.785110 0.880739 0.490107 
6.800000 0.086540 -0.031986 0.592158 1.809850 0.881758 0.492198 
6.833330 0.078719 -0.033759 0.836843 1.852990 0.881732 0.495829 
6.866670 0.074717 -0.028295 0.926987 1.860080 0.882230 0.498433 
6.900000 0.079435 -0.024296 1.005499 1.896040 0.881698 0.500500 
6.933330 0.089316 -0.018522 0.996878 1.937670 0.882710 0.503633 
6.966670 0.090305 -0.010623 0.869843 1.973430 0.880858 0.506759 
7.000000 0.079429 -0.002351 0.688126 1.978690 0.880076 0.510343 
7.033330 0.070964 -0.003194 0.401460 2.019820 0.879600 0.511442 
7.066670 0.073577 -0.007744 -0.001911 2.022790 0.877985 0.513426 
7.100000 0.081131 -0.012328 -0.295524 2.012730 0.877793 0.516878 
7.133330 0.089623 -0.014477 -0.267778 1.998390 0.876790 0.519291 
7.166670 0.096861 -0.015497 -0.050114 1.981980 0.876087 0.521425 
7.200000 0.093289 -0.015660 0.019841 2.003520 0.874789 0.525855 
7.233330 0.078851 -0.006397 -0.122220 2.003480 0.874766 0.528977 
7.266670 0.066399 0.000091 -0.203617 1.985570 0.873348 0.529777 
7.300000 0.062806 0.000340 -0.186000 1.967680 0.872665 0.533106 
