0.7 -0.0200838 0.00379853 -0.831202 -3.20541 
0.733333 -0.019727 0.00375139 -0.831976 -3.48447 
0.766667 -0.0194571 0.00369716 -0.831638 -3.76255 
0.8 -0.0191735 0.00369386 -0.830296 -4.03923 
0.833333 -0.0189751 0.00372172 -0.830178 -4.31669 
0.866667 -0.0188263 0.00377813 -0.82953 -4.59337 
0.9 -0.0185695 0.00376305 -0.828973 -4.86992 
0.933333 -0.0183061 0.00382519 -0.829157 -5.14715 
0.966667 -0.0180427 0.00386928 -0.831315 -5.42682 
1 -0.0178345 0.00383327 -0.832991 -5.70665 
1.03333 -0.00364181 0.00442144 -0.700381 -5.82783 
1.06667 0.000125061 0.00299829 -0.499125 -5.82359 
1.1 0.00286748 0.00191479 -0.353368 -5.81786 
1.13333 0.00479662 0.00101562 -0.24881 -5.81221 
1.16667 0.00621071 0.000439097 -0.17183 -5.80427 
1.2 0.0072513 6.38328e-005 -0.11758 -5.7975 
1.23333 0.00808282 -0.000172444 -0.078052 -5.79003 
1.26667 0.00864576 -0.000357143 -0.0491633 -5.78195 
1.3 0.00900511 -0.000406628 -0.0289962 -5.77453 
1.33333 0.00928116 -0.000486148 -0.0141972 -5.76673 
1.36667 0.00953793 -0.000464484 -0.00584095 -5.76159 
1.4 0.00967444 -0.00039675 -0.00103364 -5.75787 
1.43333 0.00977697 -0.000426879 0.00162082 -5.75508 
1.46667 0.00991833 -0.000517143 0.00352241 -5.75229 
1.5 0.0100278 -0.000570658 0.00478422 -5.74963 
1.53333 0.0101061 -0.000698399 0.00732824 -5.74503 
1.56667 0.0102043 -0.000783911 0.0113026 -5.7379 
1.6 0.0103166 -0.000831944 0.0148262 -5.72997 
1.63333 0.0103922 -0.000811712 0.0170471 -5.7224 
1.66667 0.0104796 -0.000821197 0.0192967 -5.71407 
1.7 0.0105375 -0.000772174 0.0213922 -5.70516 
1.73333 0.0105214 -0.000690002 0.0213884 -5.69803 
1.76667 0.0105772 -0.000646891 0.019903 -5.69266 
1.8 0.0106772 -0.000520891 0.0165823 -5.68994 
1.83333 0.010792 -0.000531037 0.0133962 -5.68818 
1.86667 0.0109064 -0.000578812 0.0124262 -5.68486 
1.9 0.0110567 -0.000745554 0.0122937 -5.68087 
1.93333 0.01112 -0.00087576 0.0139617 -5.6748 
1.96667 0.0111866 -0.000990769 0.0158599 -5.66791 
2 0.0112882 -0.00107048 0.0183869 -5.65964 
2.03333 0.0113234 -0.00112769 0.0212676 -5.65011 
2.06667 0.0113563 -0.00107853 0.0225181 -5.64155 
2.1 0.011303 -0.0010488 0.0252121 -5.63086 
2.13333 0.0114225 -0.00104386 0.0267739 -5.62061 
2.16667 0.0114538 -0.000968827 0.0260771 -5.61251 
2.2 0.0114414 -0.000843811 0.0237658 -5.60654 
2.23333 0.0114961 -0.00078387 0.0210157 -5.60187 
2.26667 0.0115485 -0.000695175 0.0163691 -5.60035 
2.3 0.011655 -0.000738053 0.0144128 -5.5972 
2.33333 0.0116743 -0.000891616 0.0138942 -5.59301 
2.36667 0.0116387 -0.00105261 0.0153801 -5.58663 
2.4 0.0115843 -0.00124031 0.0181528 -5.57823 
2.43333 0.0115029 -0.00138294 0.0209705 -5.56885 
2.46667 0.0115426 -0.00144689 0.0248122 -5.55732 
2.5 0.0115122 -0.00143117 0.0274207 -5.54597 
2.53333 0.0114167 -0.00140554 0.0290276 -5.53494 
2.56667 0.0113325 -0.00127135 0.0292191 -5.52503 
2.6 0.0112583 -0.00111161 0.0271649 -5.51772 
2.63333 0.0110666 -0.000958671 0.0240152 -5.51238 
2.66667 0.011029 -0.000895589 0.0202487 -5.50882 
2.7 0.0109715 -0.000820643 0.0148709 -5.50842 
2.73333 0.0109645 -0.000766953 0.0108461 -5.50822 
2.76667 0.0110255 -0.000872275 0.00870469 -5.50713 
2.8 0.0111507 -0.00100525 0.00932208 -5.5035 
2.83333 0.0113169 -0.00113485 0.0113856 -5.49796 
2.86667 0.0112857 -0.00125188 0.0136882 -5.49144 
2.9 0.0112944 -0.00136862 0.0182455 -5.4815 
2.93333 0.0113017 -0.00150051 0.0231903 -5.46958 
2.96667 0.0112103 -0.00156161 0.0269328 -5.45743 
3 0.0111768 -0.00157353 0.0298916 -5.44496 
3.03333 0.011021 -0.00147179 0.0295731 -5.43538 
3.06667 0.0110411 -0.00128884 0.0276108 -5.42783 
3.1 0.0110228 -0.00115549 0.0252188 -5.42145 
3.13333 0.011131 -0.00101704 0.0216562 -5.41725 
3.16667 0.0112357 -0.000938235 0.0176092 -5.41481 
3.2 0.0113285 -0.000866081 0.0119592 -5.41561 
3.23333 0.0114357 -0.000936248 0.0106611 -5.41316 
3.26667 0.0115193 -0.0011001 0.0112102 -5.40896 
3.3 0.0115483 -0.00124246 0.0127894 -5.40336 
3.33333 0.0116767 -0.00138474 0.0148273 -5.39669 
3.36667 0.0118325 -0.0015191 0.0187233 -5.38715 
3.4 0.0120007 -0.00163222 0.0245359 -5.37404 
3.43333 0.0121702 -0.00175145 0.0306572 -5.35864 
3.46667 0.0121989 -0.00179765 0.0335217 -5.34504 
3.5 0.0122758 -0.00176319 0.0340126 -5.33328 
3.53333 0.0122783 -0.00169094 0.0335817 -5.32245 
3.56667 0.0123776 -0.00161449 0.0313284 -5.31392 
3.6 0.0124436 -0.00153037 0.0281804 -5.30719 
3.63333 0.0126049 -0.00143595 0.0232235 -5.30365 
3.66667 0.0127835 -0.00134261 0.0192401 -5.30061 
3.7 0.0129357 -0.00137204 0.0172757 -5.29652 
3.73333 0.0130683 -0.00147865 0.0170046 -5.29108 
3.76667 0.0132593 -0.00164937 0.0188019 -5.28329 
3.8 0.0133674 -0.00181923 0.0213283 -5.27404 
3.83333 0.0135501 -0.00194079 0.0247187 -5.26293 
3.86667 0.0135123 -0.00203453 0.028972 -5.24967 
3.9 0.0135228 -0.00202401 0.0334657 -5.23471 
3.93333 0.0134615 -0.00206703 0.0368239 -5.21959 
3.96667 0.0133718 -0.00193958 0.0368225 -5.20731 
4 0.0133414 -0.00177897 0.0355632 -5.19653 
4.03333 0.013286 -0.00166687 0.0332105 -5.18745 
4.06667 0.0132359 -0.00155377 0.0296849 -5.18054 
4.1 0.0131838 -0.00142179 0.0248035 -5.17641 
4.13333 0.0130751 -0.00136899 0.018187 -5.17595 
4.16667 0.0129904 -0.00132656 0.0135113 -5.17541 
