0.331 25 -20 
0.408 25 -20 
0.533 25 -20 
0.611 25 -20 
0.69 25 -20 
0.767 25 -20 
0.862 25 -20 
0.94 25 -20 
1.017 25 -20 
1.111 25 -20 
1.221 25 -20 
1.314 25 -20 
1.408 25 -20 
1.503 25 -20 
1.565 25 -20 
1.643 25 -20 
1.722 25 -20 
1.814 25 -20 
1.925 25 -20 
2.018 25 -20 
2.111 25 -20 
2.22 25 -20 
2.315 25 -20 
2.407 25 -20 
2.518 25 -20 
2.612 25 -20 
2.72 25 -20 
2.799 25 -20 
2.923 25 -20 
3.017 25 -20 
3.111 25 -20 
3.205 25 -20 
3.315 25 -20 
3.409 25 -20 
3.486 25 -20 
3.564 25 -20 
3.628 25 -20 
3.706 25 -20 
3.768 25 -20 
3.845 25 -20 
3.94 25 -20 
4.033 25 -20 
4.112 25 -20 
4.205 25 -20 
4.297 25 -20 
4.376 25 -20 
4.485 25 -20 
4.579 25 -20 
4.673 25 -20 
4.782 25 -20 
4.861 25 -20 
4.939 25 -20 
5.016 25 -20 
5.111 25 -20 
5.205 25 -20 
5.313 25 -20 
5.423 25 -20 
5.501 25 -20 
5.564 25 -20 
5.625 25 -20 
5.704 25 -20 
5.766 25 -20 
5.829 25 -20 
5.922 25 -20 
6 25 -20 
6.064 25 -20 
6.141 25 -20 
6.251 25 -20 
6.33 25 -20 
6.407 25 -20 
6.485 25 -20 
6.563 25 -20 
6.626 25 -20 
6.689 25 -20 
6.752 25 -20 
6.813 25 -20 
6.908 25 -20 
6.986 25 -20 
7.048 25 -20 
7.11 25 -20 
7.189 25 -20 
7.251 25 -20 
7.328 25 -20 
7.406 25 -20 
7.484 25 -20 
7.547 25 -20 
7.61 25 -20 
7.689 25 -20 
7.751 25 -20 
7.829 25 -20 
7.892 25 -20 
7.985 25 -20 
8.064 25 -20 
8.142 25 -20 
8.236 25 -20 
8.313 25 -20 
8.391 25 -20 
8.455 25 -20 
8.533 25 -20 
8.61 25 -20 
8.705 25 -20 
8.813 25 -20 
8.907 25 -20 
8.971 25 -20 
9.033 25 -20 
9.094 25 -20 
9.172 25 -20 
9.267 25 -20 
9.361 25 -20 
9.439 25 -20 
9.517 25 -20 
9.594 25 -20 
9.689 25 -20 
9.782 25 -20 
9.861 25 -20 
9.922 25 -20 
9.985 25 -20 
10.063 25 -20 
10.126 25 -20 
10.188 25 -20 
10.251 25 -20 
10.313 25 -20 
10.376 25 -20 
10.454 25 -20 
10.532 25 -20 
10.611 25 -20 
