0.066667 0.032571 0.009787 0.397878 0.490280 0.628611 0.242128 
0.100000 0.038863 0.022764 0.059527 0.498113 0.629846 0.243393 
0.133333 0.056365 0.034588 -0.415878 0.499141 0.630807 0.244820 
0.166667 0.075274 0.022027 -0.576690 0.456539 0.630802 0.247957 
0.200000 0.084429 -0.003098 -0.657980 0.457847 0.634838 0.249092 
0.233333 0.076935 -0.013954 -0.712937 0.443993 0.637061 0.248984 
0.266667 0.062347 -0.012484 -0.470555 0.396665 0.639970 0.250170 
0.300000 0.051925 -0.016328 0.092894 0.382713 0.640448 0.250941 
0.333333 0.045218 -0.022212 0.547388 0.423499 0.643055 0.249974 
0.366667 0.037189 -0.014762 0.620240 0.431299 0.644770 0.250718 
0.400000 0.029767 0.002610 0.539771 0.463473 0.645648 0.250298 
0.433333 0.032798 0.014162 0.681915 0.466906 0.646918 0.250752 
0.466667 0.045808 0.005699 1.022489 0.484374 0.645692 0.253260 
0.500000 0.057400 -0.007227 1.041957 0.532683 0.649455 0.253484 
0.533333 0.063712 0.000402 0.444463 0.594442 0.650868 0.253042 
0.566667 0.066558 0.028203 -0.308838 0.565378 0.652083 0.255518 
0.600000 0.062465 0.042641 -0.658583 0.532192 0.653694 0.257885 
0.633333 0.056162 0.028234 -0.648886 0.532780 0.654589 0.260273 
0.666667 0.049823 0.003836 -0.606025 0.496719 0.654564 0.262061 
0.700000 0.042928 -0.011425 -0.611060 0.490056 0.658242 0.260962 
0.733333 0.040394 -0.013828 -0.440822 0.474255 0.658925 0.262661 
0.766667 0.054754 -0.015519 0.074548 0.432425 0.659307 0.262055 
0.800000 0.077056 -0.026612 0.675665 0.471879 0.661826 0.262242 
0.833333 0.088697 -0.036431 0.955989 0.503257 0.666591 0.264009 
0.866667 0.084261 -0.036436 0.909134 0.535946 0.667267 0.262574 
0.900000 0.070486 -0.023492 0.823951 0.560496 0.672755 0.264158 
0.933333 0.058771 -0.005349 0.785345 0.576246 0.673395 0.264706 
0.966667 0.060088 0.006957 0.585357 0.614785 0.674307 0.265175 
1.000000 0.070999 0.013866 0.171323 0.637580 0.676795 0.267729 
1.033330 0.081688 0.019067 -0.133303 0.623617 0.678297 0.268756 
1.066670 0.090827 0.020563 -0.153370 0.601453 0.680024 0.271898 
1.100000 0.094861 0.015918 -0.226059 0.611038 0.681911 0.273319 
1.133330 0.086640 0.009415 -0.586170 0.624857 0.685465 0.276120 
1.166670 0.074033 0.004510 -0.833952 0.568393 0.686909 0.278169 
1.200000 0.070024 -0.007400 -0.522090 0.541359 0.687769 0.277963 
1.233330 0.067640 -0.017440 0.168529 0.526980 0.691275 0.280532 
1.266670 0.058216 -0.023365 0.757255 0.572705 0.693826 0.279549 
1.300000 0.052257 -0.021476 1.038057 0.580561 0.694562 0.280618 
1.333330 0.054709 -0.016987 1.027007 0.628679 0.696642 0.281018 
1.366670 0.065624 -0.002714 0.750424 0.661956 0.699371 0.281636 
1.400000 0.081187 0.013424 0.332583 0.675371 0.700024 0.282366 
1.433330 0.093032 0.014027 0.039951 0.692181 0.702409 0.286607 
1.466670 0.096192 0.009989 0.031509 0.660611 0.704294 0.288665 
1.500000 0.093599 0.007891 0.130950 0.689970 0.707411 0.288805 
1.533330 0.082434 0.012384 0.039200 0.681941 0.708836 0.292888 
1.566670 0.069184 0.003456 -0.261716 0.700267 0.711583 0.295102 
1.600000 0.072443 -0.008499 -0.521269 0.659959 0.711512 0.294947 
1.633330 0.093332 -0.014668 -0.536031 0.655692 0.714867 0.297014 
1.666670 0.106217 -0.009297 -0.271702 0.636391 0.718066 0.297574 
1.700000 0.095905 -0.005695 0.165114 0.618317 0.721403 0.301657 
1.733330 0.079828 -0.012765 0.610530 0.662024 0.723428 0.302188 
1.766670 0.080329 -0.014994 0.971143 0.663750 0.725377 0.302038 
1.800000 0.091172 -0.015943 1.124924 0.701631 0.727958 0.305287 
1.833330 0.096319 -0.013305 0.933631 0.764217 0.731316 0.305922 
1.866670 0.093736 -0.000557 0.541490 0.774450 0.733727 0.308029 
1.900000 0.084709 0.010162 0.204924 0.767470 0.734997 0.310958 
1.933330 0.070912 0.007951 -0.029693 0.805203 0.737526 0.312005 
1.966670 0.063040 0.005917 -0.138328 0.775625 0.738487 0.316082 
2.000000 0.075700 0.006810 -0.115141 0.768091 0.739267 0.314247 
2.033330 0.095612 0.009668 -0.180282 0.778800 0.741730 0.317803 
2.066670 0.097616 0.010804 -0.500360 0.768456 0.744001 0.322252 
2.100000 0.086323 0.011266 -0.836951 0.745191 0.746031 0.322786 
2.133330 0.083278 0.007557 -0.716224 0.720960 0.748047 0.324337 
2.166670 0.092513 -0.007438 -0.006236 0.662157 0.748841 0.328419 
2.200000 0.097653 -0.038397 0.797449 0.719459 0.752412 0.328124 
2.233330 0.089741 -0.046280 1.161747 0.748932 0.756974 0.330047 
2.266670 0.079732 -0.029503 1.120801 0.792806 0.759543 0.330260 
2.300000 0.084477 -0.004924 0.981354 0.812943 0.761050 0.331616 
2.333330 0.101284 0.007001 0.837575 0.856436 0.763202 0.334710 
2.366670 0.117542 0.011143 0.583995 0.871072 0.765720 0.337290 
2.400000 0.122326 0.008601 0.167377 0.895159 0.767211 0.340368 
2.433330 0.111230 0.004300 -0.248100 0.898856 0.770942 0.344871 
2.466670 0.094457 0.000639 -0.414075 0.857423 0.771830 0.346661 
2.500000 0.084921 -0.008024 -0.313913 0.874768 0.774049 0.348699 
2.533330 0.081351 -0.003286 -0.219760 0.828072 0.776211 0.351072 
2.566670 0.077080 0.001143 -0.354149 0.872163 0.778296 0.352245 
2.600000 0.078757 0.005398 -0.533019 0.826141 0.780131 0.355223 
2.633330 0.098148 -0.007373 -0.395606 0.805328 0.780284 0.356868 
2.666670 0.126952 -0.020917 0.083808 0.797761 0.783836 0.358958 
2.700000 0.138253 -0.023509 0.675612 0.828321 0.789274 0.361388 
2.733330 0.123749 -0.011548 1.169485 0.827968 0.791427 0.365704 
2.766670 0.099174 -0.007722 1.352256 0.904972 0.794478 0.367279 
2.800000 0.087433 0.000030 1.132721 0.943413 0.796495 0.369864 
2.833330 0.092379 0.007494 0.654288 0.957189 0.797205 0.371762 
2.866670 0.103352 0.008369 0.132475 1.003380 0.799514 0.375300 
2.900000 0.110591 0.014914 -0.258120 0.956713 0.801463 0.378332 
2.933330 0.114614 0.006519 -0.427756 0.982760 0.802204 0.381308 
2.966670 0.111160 0.002000 -0.406107 0.935108 0.804717 0.385277 
3.000000 0.103784 -0.005743 -0.340874 0.941016 0.808009 0.387892 
3.033330 0.105084 -0.007518 -0.378464 0.924698 0.808564 0.390006 
3.066670 0.116225 -0.011648 -0.396222 0.931030 0.811612 0.392613 
3.100000 0.124644 -0.009322 -0.121670 0.879894 0.814846 0.396434 
3.133330 0.123192 -0.016029 0.390589 0.906609 0.817188 0.398849 
3.166670 0.118573 -0.020446 0.820825 0.930323 0.820620 0.401861 
3.200000 0.115411 -0.021951 1.022009 0.956592 0.823184 0.404531 
3.233330 0.111163 -0.020140 1.016628 0.995595 0.825763 0.406991 
3.266670 0.103094 -0.012744 0.812037 1.022750 0.828750 0.410197 
3.300000 0.097004 -0.009070 0.489932 1.063340 0.831013 0.412721 
3.333330 0.102124 -0.003764 0.201078 1.043650 0.830367 0.415480 
3.366670 0.111866 0.002317 -0.030453 1.067170 0.835247 0.417747 
3.400000 0.114340 0.014406 -0.213554 1.066860 0.835441 0.422242 
3.433330 0.109976 0.017450 -0.282985 1.034740 0.836949 0.425868 
3.466670 0.106278 0.004680 -0.309820 1.037110 0.837269 0.428277 
3.500000 0.104576 -0.001389 -0.406078 1.042990 0.840766 0.432674 
3.533330 0.114431 0.006753 -0.451578 0.997753 0.843098 0.434401 
3.566670 0.137338 -0.001907 -0.271633 1.006180 0.841986 0.437279 
3.600000 0.147098 -0.019860 0.144432 0.988870 0.847076 0.443544 
3.633330 0.128773 -0.030657 0.650991 1.000540 0.851112 0.446574 
3.666670 0.104411 -0.023051 1.024366 1.039910 0.853222 0.447249 
3.700000 0.096360 -0.011660 1.178636 1.080830 0.855242 0.451926 
3.733330 0.106156 -0.009321 1.195558 1.108790 0.856724 0.453891 
3.766670 0.127255 -0.012318 1.036063 1.151120 0.858810 0.456630 
3.800000 0.144049 -0.006604 0.559809 1.188000 0.860653 0.461289 
3.833330 0.142528 0.009283 -0.065320 1.205770 0.864275 0.466020 
3.866670 0.128325 0.023370 -0.394168 1.173560 0.863335 0.470662 
3.900000 0.119064 0.019775 -0.335041 1.150450 0.864338 0.474301 
3.933330 0.119460 0.006871 -0.311521 1.163900 0.866506 0.477922 
3.966670 0.122652 -0.000907 -0.557211 1.153330 0.867270 0.482064 
4.000000 0.127101 -0.009440 -0.685488 1.128130 0.869528 0.485405 
4.033330 0.136495 -0.022395 -0.261479 1.087250 0.871871 0.489578 
4.066670 0.149689 -0.040655 0.516702 1.088750 0.873902 0.492538 
4.100000 0.157202 -0.054556 1.098081 1.151800 0.879653 0.497353 
4.133330 0.156180 -0.043504 1.289381 1.169150 0.881922 0.499968 
4.166670 0.140323 -0.030675 1.236666 1.221560 0.886311 0.506289 
4.200000 0.123040 -0.016417 1.002293 1.254880 0.886841 0.508992 
4.233330 0.122561 -0.001514 0.580675 1.292300 0.889405 0.513024 
4.266670 0.139093 0.019948 0.121588 1.298340 0.889868 0.515704 
4.300000 0.149113 0.036189 -0.132902 1.297100 0.890340 0.522474 
4.333330 0.137986 0.037480 -0.115008 1.276700 0.890586 0.527707 
4.366670 0.117289 0.016556 -0.003513 1.295590 0.889767 0.530794 
4.400000 0.106046 0.006244 0.041985 1.278070 0.892021 0.536179 
