0.7 0.004221 -0.00143635 -0.00264189 -0.126435 
0.733333 0.00446172 -0.00145025 -0.00436549 -0.128108 
0.766667 0.00473868 -0.00151958 -0.00633705 -0.130543 
0.8 0.00494518 -0.00158143 -0.0118232 -0.139543 
0.833333 0.00516293 -0.00148753 -0.0168321 -0.149297 
0.866667 0.00536732 -0.00139406 -0.0230402 -0.162262 
0.9 0.00554599 -0.00125438 -0.0294246 -0.177546 
0.933333 0.00577052 -0.00113501 -0.0326033 -0.191173 
0.966667 0.00595395 -0.00102879 -0.0327641 -0.202248 
1 0.00610653 -0.00099845 -0.0309573 -0.211049 
1.03333 0.00626843 -0.000943914 -0.0262491 -0.215813 
1.06667 0.00640014 -0.00095197 -0.0205847 -0.217875 
1.1 0.00660854 -0.000931466 -0.0139954 -0.216957 
1.13333 0.00687465 -0.000800016 -0.00887955 -0.215582 
1.16667 0.00701507 -0.000708938 -0.00853989 -0.21814 
1.2 0.00721966 -0.000682062 -0.00914839 -0.221705 
1.23333 0.00737818 -0.000625188 -0.0118507 -0.227944 
1.26667 0.00753094 -0.000464447 -0.01618 -0.237005 
1.3 0.00770658 -0.000442572 -0.0233133 -0.250819 
1.33333 0.00781904 -0.000409885 -0.029308 -0.265667 
1.36667 0.00794713 -0.000397888 -0.0339479 -0.280913 
1.4 0.00807805 -0.00034027 -0.0342233 -0.292554 
1.43333 0.00813512 -0.000328613 -0.0343403 -0.3041 
1.46667 0.00824623 -0.000273685 -0.0302635 -0.310735 
1.5 0.0083954 -0.000235239 -0.0260273 -0.315822 
1.53333 0.0084961 -0.000244011 -0.0217571 -0.319457 
1.56667 0.00858893 -0.000234914 -0.0156017 -0.319443 
1.6 0.00876144 -0.000232368 -0.0101007 -0.31815 
1.63333 0.00887206 -1.91972e-005 -0.00841098 -0.319522 
1.66667 0.00895358 0.000120629 -0.00794008 -0.32177 
1.7 0.00906681 0.000269554 -0.00980987 -0.326624 
1.73333 0.00915739 0.000383124 -0.0134898 -0.334238 
1.76667 0.00925423 0.000516751 -0.0209327 -0.34752 
1.8 0.00944463 0.000572339 -0.0275893 -0.362356 
1.83333 0.009584 0.000586839 -0.0321988 -0.376993 
1.86667 0.00964887 0.000504337 -0.0326721 -0.388285 
1.9 0.00976364 0.000421593 -0.0314865 -0.397776 
1.93333 0.00986252 0.000464798 -0.0266488 -0.402561 
1.96667 0.00997508 0.000403391 -0.0231945 -0.407366 
2 0.0101296 0.000327013 -0.0174121 -0.408272 
2.03333 0.0102465 0.000384929 -0.0108975 -0.406386 
2.06667 0.0104043 0.000510266 -0.00589939 -0.404118 
2.1 0.0105235 0.000706871 -0.00336165 -0.403089 
2.13333 0.010579 0.000816176 -0.00428808 -0.405303 
2.16667 0.0106543 0.000927906 -0.00709032 -0.41004 
2.2 0.0107587 0.00100618 -0.0120707 -0.418283 
2.23333 0.0107747 0.00111565 -0.0183991 -0.429777 
2.26667 0.010773 0.00122328 -0.0233028 -0.441698 
2.3 0.0109296 0.00130203 -0.02866 -0.45579 
2.33333 0.0109723 0.0012377 -0.0308277 -0.467902 
2.36667 0.0110085 0.00106807 -0.0304684 -0.477754 
2.4 0.0110798 0.000929999 -0.0288267 -0.485972 
2.43333 0.011061 0.000828439 -0.025311 -0.491431 
2.46667 0.0111207 0.000802272 -0.0219794 -0.495935 
2.5 0.0112315 0.000688031 -0.0146833 -0.494649 
2.53333 0.0112362 0.000654947 -0.00741548 -0.490964 
2.56667 0.0112824 0.000774304 -0.00393585 -0.489328 
2.6 0.0113932 0.000948542 -0.00510016 -0.492014 
2.63333 0.0114857 0.0011818 -0.008081 -0.497233 
2.66667 0.0115489 0.00135002 -0.0126201 -0.505285 
2.7 0.0115786 0.00150517 -0.0177113 -0.515502 
2.73333 0.011564 0.00164639 -0.0237146 -0.528492 
2.76667 0.0116068 0.00173717 -0.0281088 -0.541584 
2.8 0.0116391 0.00165696 -0.0326797 -0.55635 
2.83333 0.011769 0.00153347 -0.0330425 -0.567671 
2.86667 0.0119216 0.00143267 -0.0323741 -0.577896 
2.9 0.0121672 0.00131103 -0.0299713 -0.585851 
2.93333 0.0123746 0.0011549 -0.0260811 -0.59125 
2.96667 0.012584 0.00108994 -0.0193459 -0.591993 
3 0.0128347 0.00103886 -0.0115096 -0.589191 
3.03333 0.0129328 0.00100745 -0.00744977 -0.588235 
3.06667 0.0132332 0.00120753 -0.00811311 -0.591501 
3.1 0.013431 0.00132552 -0.00832743 -0.594459 
3.13333 0.0135394 0.00154027 -0.013575 -0.603429 
3.16667 0.013687 0.00172756 -0.0191794 -0.61457 
3.2 0.0137176 0.00190248 -0.0245202 -0.627268 
3.23333 0.0137699 0.00201491 -0.0290862 -0.640831 
3.26667 0.0138154 0.00212981 -0.0335977 -0.655852 
3.3 0.013927 0.00204332 -0.0355656 -0.669374 
3.33333 0.0139371 0.00192946 -0.0342368 -0.679661 
3.36667 0.0139964 0.00169499 -0.0312716 -0.687573 
3.4 0.0140982 0.00150921 -0.0274887 -0.693531 
3.43333 0.0141867 0.00146903 -0.0208756 -0.694887 
3.46667 0.0142877 0.00133913 -0.0154092 -0.695393 
3.5 0.014413 0.00124202 -0.0107517 -0.695031 
3.53333 0.0145862 0.00130878 -0.00970192 -0.697376 
3.56667 0.0146533 0.00150996 -0.0109111 -0.702038 
3.6 0.0146868 0.00169872 -0.0132616 -0.708449 
3.63333 0.0146204 0.001844 -0.0164442 -0.716627 
3.66667 0.0146274 0.00204662 -0.0226734 -0.729461 
3.7 0.0145925 0.00219699 -0.030534 -0.746298 
3.73333 0.0146457 0.00225923 -0.0378344 -0.765094 
