0.259 30 20 
0.352 30 20 
0.447 30 20 
0.509 30 20 
0.588 30 20 
0.664 30 20 
0.726 30 20 
0.79 30 20 
0.868 30 20 
0.946 30 20 
1.04 30 20 
1.134 30 20 
1.211 30 20 
1.306 30 20 
1.367 30 20 
1.462 30 20 
1.525 30 20 
1.586 30 20 
1.649 30 20 
1.728 30 20 
1.806 30 20 
1.899 30 20 
1.961 30 20 
2.024 30 20 
2.103 30 20 
2.166 30 20 
2.228 30 20 
2.291 30 20 
2.351 30 20 
2.415 30 20 
2.508 30 20 
2.601 30 20 
2.665 30 20 
2.759 30 20 
2.853 30 20 
2.93 30 20 
2.993 30 20 
3.071 30 20 
3.165 30 20 
3.258 30 20 
3.336 30 20 
3.399 30 20 
3.462 30 20 
3.524 30 20 
3.587 30 20 
3.649 30 20 
3.744 30 20 
3.838 30 20 
3.93 30 20 
3.993 30 20 
4.056 30 20 
4.165 30 20 
4.258 30 20 
4.32 30 20 
4.399 30 20 
4.509 30 20 
4.602 30 20 
4.664 30 20 
4.728 30 20 
4.789 30 20 
4.853 30 20 
4.947 30 20 
5.039 30 20 
5.118 30 20 
5.196 30 20 
5.305 30 20 
5.383 30 20 
5.478 30 20 
5.54 30 20 
5.681 30 20 
5.774 30 20 
5.868 30 20 
5.961 30 20 
6.056 30 20 
6.149 30 20 
6.228 30 20 
6.289 30 20 
6.352 30 20 
6.43 30 20 
6.509 30 20 
6.617 30 20 
6.681 30 20 
6.774 30 20 
6.869 30 20 
6.947 30 20 
7.025 30 20 
7.102 30 20 
7.196 30 20 
7.338 30 20 
7.4 30 20 
7.462 30 20 
7.525 30 20 
7.586 30 20 
7.664 30 20 
7.726 30 20 
7.79 30 20 
7.868 30 20 
7.93 30 20 
8.009 30 20 
8.103 30 20 
8.165 30 20 
8.228 30 20 
8.305 30 20 
8.414 30 20 
8.509 30 20 
8.602 30 20 
8.665 30 20 
8.728 30 20 
8.822 30 20 
