0.263 30 20 
0.354 30 20 
0.433 30 20 
0.526 30 20 
0.621 30 20 
0.715 30 20 
0.824 30 20 
0.903 30 20 
0.98 30 20 
1.059 30 20 
1.137 30 20 
1.246 30 20 
1.324 30 20 
1.418 30 20 
1.48 30 20 
1.543 30 20 
1.621 30 20 
1.683 30 20 
1.747 30 20 
1.809 30 20 
1.871 30 20 
1.95 30 20 
2.028 30 20 
2.104 30 20 
2.167 30 20 
2.246 30 20 
2.34 30 20 
2.417 30 20 
2.481 30 20 
2.558 30 20 
2.652 30 20 
2.731 30 20 
2.839 30 20 
2.934 30 20 
3.011 30 20 
3.09 30 20 
3.184 30 20 
3.247 30 20 
3.308 30 20 
3.386 30 20 
3.45 30 20 
3.511 30 20 
3.59 30 20 
3.652 30 20 
3.715 30 20 
3.778 30 20 
3.839 30 20 
3.918 30 20 
4.026 30 20 
4.106 30 20 
4.183 30 20 
4.246 30 20 
4.323 30 20 
4.433 30 20 
4.511 30 20 
4.575 30 20 
4.652 30 20 
4.746 30 20 
4.824 30 20 
4.887 30 20 
4.949 30 20 
5.012 30 20 
5.074 30 20 
5.136 30 20 
5.216 30 20 
5.277 30 20 
5.341 30 20 
5.418 30 20 
5.496 30 20 
5.574 30 20 
5.651 30 20 
5.715 30 20 
5.777 30 20 
5.84 30 20 
5.902 30 20 
5.98 30 20 
6.059 30 20 
6.168 30 20 
6.246 30 20 
6.308 30 20 
6.371 30 20 
6.449 30 20 
6.511 30 20 
6.59 30 20 
6.653 30 20 
6.746 30 20 
6.84 30 20 
6.919 30 20 
7.012 30 20 
7.074 30 20 
7.136 30 20 
7.263 30 20 
7.339 30 20 
7.417 30 20 
7.479 30 20 
7.543 30 20 
7.62 30 20 
7.683 30 20 
7.762 30 20 
7.839 30 20 
7.902 30 20 
7.964 30 20 
8.043 30 20 
8.105 30 20 
8.184 30 20 
8.262 30 20 
8.339 30 20 
8.433 30 20 
8.497 30 20 
8.559 30 20 
8.636 30 20 
8.731 30 20 
8.825 30 20 
