0.066667 0.136555 -0.020374 0.623182 -0.206227 0.741969 0.580058 
0.100000 0.135895 -0.007247 0.598371 -0.212974 0.748464 0.577948 
0.133333 0.143277 0.013087 0.352789 -0.177236 0.751501 0.576767 
0.166667 0.160622 0.029457 -0.350738 -0.156885 0.756466 0.577911 
0.200000 0.166517 0.042527 -1.259638 -0.191399 0.763573 0.577306 
0.233333 0.148392 0.051041 -1.788439 -0.263353 0.767798 0.578168 
0.266667 0.119198 0.041945 -1.700569 -0.315325 0.774421 0.577719 
0.300000 0.103705 0.016267 -1.182037 -0.374662 0.776574 0.578328 
0.333333 0.115247 -0.019436 -0.534373 -0.392845 0.779678 0.577862 
0.366667 0.139545 -0.040886 0.019043 -0.412531 0.783871 0.572720 
0.400000 0.157134 -0.043033 0.480892 -0.373980 0.787371 0.572063 
0.433333 0.165149 -0.008118 0.991730 -0.389943 0.792081 0.566261 
0.466667 0.158296 0.020949 1.365557 -0.334883 0.797008 0.565282 
0.500000 0.139775 0.027813 1.112799 -0.280712 0.803576 0.566293 
0.533333 0.117434 0.022064 0.274903 -0.224595 0.806682 0.565827 
0.566667 0.106809 0.043848 -0.403459 -0.272644 0.811150 0.563931 
0.600000 0.123298 0.065486 -0.606135 -0.305660 0.813713 0.564727 
0.633333 0.159592 0.042771 -0.930860 -0.300203 0.819061 0.568657 
0.666667 0.180419 -0.011466 -1.646535 -0.307373 0.827014 0.566138 
0.700000 0.170446 -0.031905 -1.958750 -0.422234 0.829475 0.561539 
0.733333 0.142409 -0.029237 -1.223519 -0.492925 0.837303 0.558299 
0.766667 0.135791 -0.012277 0.057150 -0.498986 0.837683 0.556990 
0.800000 0.167681 0.009472 0.969984 -0.462168 0.840819 0.553475 
0.833333 0.206957 0.020072 1.146280 -0.436126 0.849745 0.551466 
0.866667 0.223725 0.002191 0.826941 -0.374243 0.856255 0.550184 
0.900000 0.211301 0.004941 0.415021 -0.383768 0.860921 0.547222 
0.933333 0.177854 0.027679 -0.047085 -0.386465 0.871191 0.541660 
0.966667 0.149070 0.043835 -0.744737 -0.341950 0.872706 0.545476 
1.000000 0.135043 0.056072 -1.456764 -0.431861 0.879322 0.543119 
1.033330 0.142500 0.039305 -1.716678 -0.466174 0.884905 0.543857 
1.066670 0.159992 0.020626 -1.417770 -0.543917 0.887310 0.541204 
1.100000 0.179975 -0.006540 -0.739804 -0.554236 0.895047 0.540263 
1.133330 0.187882 -0.011511 0.092475 -0.596144 0.898284 0.534508 
1.166670 0.182572 -0.006890 0.752858 -0.567069 0.903812 0.530691 
1.200000 0.176998 0.000414 0.982705 -0.504272 0.908818 0.529034 
1.233330 0.179320 0.014538 0.764885 -0.532984 0.913991 0.524367 
1.266670 0.189475 -0.002000 0.207941 -0.441620 0.919856 0.525054 
1.300000 0.192270 0.015028 -0.402163 -0.495695 0.924758 0.518939 
1.333330 0.173595 0.029309 -0.690759 -0.506302 0.931310 0.517473 
1.366670 0.141532 0.032930 -0.602663 -0.525025 0.937529 0.516499 
1.400000 0.124171 0.029301 -0.517341 -0.567584 0.940512 0.515443 
1.433330 0.134625 0.024124 -0.857402 -0.550686 0.943446 0.512719 
1.466670 0.148126 0.026339 -1.391380 -0.572107 0.949146 0.512476 
1.500000 0.141826 0.030256 -1.334241 -0.682196 0.954193 0.508768 
1.533330 0.134390 0.011444 -0.531192 -0.702789 0.958148 0.507664 
1.566670 0.151244 -0.004588 0.271188 -0.686975 0.961273 0.504073 
1.600000 0.189521 -0.007077 0.517420 -0.668840 0.963256 0.501454 
1.633330 0.211882 -0.005144 0.432087 -0.647849 0.972007 0.495733 
1.666670 0.196567 -0.000967 0.478521 -0.648178 0.976259 0.491553 
1.700000 0.161974 0.003383 0.626481 -0.648599 0.980972 0.488468 
1.733330 0.139756 0.007503 0.452344 -0.579811 0.986188 0.485379 
1.766670 0.144252 0.032916 -0.116586 -0.595560 0.987265 0.483210 
1.800000 0.162426 0.048965 -0.744662 -0.616617 0.994714 0.482064 
1.833330 0.172537 0.042083 -1.236968 -0.642819 0.999984 0.480721 
1.866670 0.173522 0.025683 -1.545165 -0.686024 1.006020 0.476009 
1.900000 0.174299 0.017345 -1.565515 -0.753423 1.008220 0.475524 
1.933330 0.168349 0.009612 -1.325776 -0.804413 1.015210 0.468859 
1.966670 0.156294 -0.002580 -0.941203 -0.824706 1.018590 0.466984 
2.000000 0.164141 -0.000444 -0.321733 -0.853503 1.021850 0.461523 
2.033330 0.196166 0.024842 0.550911 -0.889318 1.022770 0.459659 
2.066670 0.217051 0.029063 1.276209 -0.796726 1.032340 0.452677 
2.100000 0.195211 0.037686 1.413782 -0.797051 1.036170 0.447913 
2.133330 0.160730 0.012541 0.933509 -0.702554 1.043030 0.447003 
2.166670 0.146810 0.006228 0.214827 -0.717667 1.044840 0.442155 
2.200000 0.164010 0.014149 -0.281615 -0.708460 1.049250 0.440359 
2.233330 0.188239 0.043582 -0.481836 -0.746760 1.053400 0.435759 
2.266670 0.199289 0.053474 -0.731152 -0.739203 1.061400 0.433365 
2.300000 0.191752 0.046563 -1.258724 -0.775397 1.066340 0.430166 
2.333330 0.179410 0.023368 -1.787547 -0.822022 1.072090 0.426712 
2.366670 0.171713 0.000053 -1.767420 -0.892911 1.075720 0.422107 
2.400000 0.174115 -0.015696 -1.010474 -0.968230 1.079130 0.417917 
2.433330 0.182670 -0.025807 -0.040796 -0.966146 1.081930 0.412368 
2.466670 0.188323 -0.012983 0.443368 -0.953540 1.083270 0.406804 
2.500000 0.185419 0.006423 0.439685 -0.899793 1.089170 0.400583 
2.533330 0.177154 0.042339 0.476912 -0.957415 1.091760 0.398036 
2.566670 0.177429 0.041515 0.663349 -0.893098 1.097460 0.392951 
2.600000 0.182943 0.033588 0.625582 -0.879220 1.102240 0.389952 
2.633330 0.193252 0.018403 0.189194 -0.856425 1.106710 0.386021 
2.666670 0.193654 0.022360 -0.488253 -0.869761 1.111210 0.381156 
2.700000 0.171495 0.038724 -1.121364 -0.878080 1.115710 0.375755 
2.733330 0.146630 0.055073 -1.463350 -0.952545 1.121790 0.372644 
2.766670 0.170666 0.045879 -1.533389 -0.999982 1.124900 0.371654 
2.800000 0.230719 0.026740 -1.394464 -1.012170 1.127480 0.368596 
2.833330 0.249911 0.029562 -0.861639 -1.105120 1.135210 0.355818 
2.866670 0.215567 0.000482 -0.055324 -1.110350 1.140050 0.351851 
2.900000 0.181702 -0.030731 0.396903 -1.090560 1.140200 0.346418 
2.933330 0.184841 -0.038472 0.380924 -1.026780 1.142920 0.340480 
2.966670 0.215058 0.012995 0.481798 -1.105030 1.143400 0.333290 
3.000000 0.237809 0.037274 0.757193 -1.043220 1.150120 0.328749 
3.033330 0.241169 0.044570 0.608350 -0.994297 1.156120 0.320750 
3.066670 0.234465 0.047078 -0.121193 -1.007430 1.159630 0.315154 
3.100000 0.232952 0.027145 -0.950635 -1.005620 1.166910 0.311917 
3.133330 0.215634 0.014923 -1.359698 -1.069750 1.170520 0.303261 
3.166670 0.165455 0.009691 -1.175837 -1.112600 1.174240 0.297679 
3.200000 0.106761 0.019786 -0.717015 -1.153700 1.176350 0.292877 
3.233330 0.082372 0.025926 -0.491062 -1.157210 1.177380 0.292140 
