0.066667 0.071229 -0.007435 0.044394 -0.512828 0.752136 0.579664 
0.100000 0.066820 -0.020224 0.366472 -0.471585 0.752235 0.578713 
0.133333 0.078712 -0.033861 0.468190 -0.447296 0.752505 0.577267 
0.166667 0.102292 -0.030269 0.128110 -0.406062 0.756466 0.576397 
0.200000 0.097581 0.003988 0.322592 -0.501441 0.758984 0.568988 
0.233333 0.069184 0.011565 0.941014 -0.414743 0.762986 0.573517 
0.266667 0.058398 0.002806 1.175248 -0.380343 0.764115 0.571166 
0.300000 0.078357 -0.005097 0.797132 -0.339532 0.764271 0.571324 
0.333333 0.103389 0.008599 0.071182 -0.343610 0.768960 0.567759 
0.366667 0.105043 0.023406 -0.813583 -0.336785 0.772184 0.569104 
0.400000 0.084452 0.031715 -1.498827 -0.355914 0.776524 0.569459 
0.433333 0.066907 0.046183 -1.552646 -0.483212 0.778566 0.566702 
0.466667 0.088164 0.045606 -1.168469 -0.482269 0.780472 0.569795 
0.500000 0.125535 0.022655 -0.835478 -0.504601 0.783335 0.569362 
0.533333 0.133781 -0.014020 -0.551981 -0.552094 0.791527 0.566815 
0.566667 0.104844 -0.042432 -0.155027 -0.567492 0.791474 0.561906 
0.600000 0.075680 -0.045365 0.284670 -0.537042 0.793978 0.560415 
0.633333 0.076958 -0.023731 0.714861 -0.548818 0.793762 0.558782 
0.666667 0.096403 -0.004354 1.005401 -0.517441 0.797692 0.554427 
0.700000 0.115179 -0.003236 0.870423 -0.462110 0.799441 0.556435 
0.733333 0.117933 -0.007933 0.376761 -0.431869 0.804761 0.552241 
0.766667 0.108937 0.006444 -0.089059 -0.469293 0.807277 0.549987 
0.800000 0.105410 0.023002 -0.431772 -0.448882 0.809972 0.549804 
0.833333 0.105354 0.033563 -0.716078 -0.459844 0.813667 0.549836 
0.866667 0.089637 0.034524 -0.814179 -0.519637 0.818755 0.547798 
0.900000 0.065901 0.026353 -0.716003 -0.528430 0.820294 0.548867 
0.933333 0.058575 0.024304 -0.643192 -0.541368 0.823387 0.546951 
0.966667 0.075798 0.022434 -0.739575 -0.590247 0.822034 0.547791 
1.000000 0.099139 0.001088 -0.866794 -0.571322 0.829794 0.547214 
1.033330 0.112932 -0.013558 -0.622200 -0.633309 0.830055 0.543307 
1.066670 0.121737 -0.013188 0.083501 -0.674099 0.831689 0.541371 
1.100000 0.128886 -0.018970 0.690478 -0.603517 0.837412 0.537623 
1.133330 0.140582 -0.023664 0.806213 -0.590125 0.838977 0.535770 
1.166670 0.150219 -0.023793 0.703403 -0.576482 0.842155 0.532585 
1.200000 0.146054 -0.006483 0.647388 -0.541160 0.848303 0.527472 
1.233330 0.136768 0.026879 0.365641 -0.559828 0.850039 0.524974 
1.266670 0.136259 0.025790 -0.429135 -0.483583 0.855121 0.527602 
1.300000 0.128638 0.022727 -1.227314 -0.547883 0.861367 0.522507 
1.333330 0.115212 0.026004 -1.297885 -0.632566 0.862923 0.522013 
1.366670 0.107639 0.032404 -0.978076 -0.662024 0.866901 0.520566 
1.400000 0.107868 0.023542 -1.084715 -0.634089 0.870569 0.518569 
1.433330 0.104657 0.009695 -1.367145 -0.708706 0.874323 0.519084 
1.466670 0.100725 -0.002395 -1.001861 -0.775883 0.876426 0.514440 
1.500000 0.107639 -0.004730 -0.173686 -0.815666 0.878285 0.511221 
1.533330 0.133321 -0.021726 0.291345 -0.728919 0.880920 0.512098 
1.566670 0.155968 -0.023039 0.392959 -0.764824 0.883586 0.505644 
1.600000 0.146259 -0.014392 0.631436 -0.770632 0.888707 0.499964 
1.633330 0.126858 -0.005518 0.871476 -0.714114 0.889864 0.498186 
1.666670 0.133693 0.002883 0.739250 -0.676112 0.893899 0.496933 
1.700000 0.156889 0.019761 0.318009 -0.679652 0.897180 0.492564 
1.733330 0.165832 0.039724 -0.241781 -0.672213 0.901725 0.489582 
1.766670 0.155630 0.042328 -0.945409 -0.676511 0.909341 0.487227 
1.800000 0.146756 0.021580 -1.560144 -0.723088 0.911873 0.487494 
1.833330 0.147713 0.005143 -1.688345 -0.803451 0.916173 0.482490 
1.866670 0.141513 0.006543 -1.263804 -0.836207 0.919587 0.478280 
1.900000 0.123196 0.020084 -0.642370 -0.893532 0.921966 0.475539 
1.933330 0.108108 0.003380 -0.272317 -0.872122 0.926545 0.474028 
1.966670 0.105061 -0.025666 -0.227959 -0.900022 0.927246 0.470342 
2.000000 0.118684 -0.038863 0.005217 -0.861385 0.930834 0.467944 
2.033330 0.150666 0.012957 0.816888 -0.954044 0.926915 0.461296 
2.066670 0.183871 0.040374 1.593503 -0.828307 0.936747 0.459894 
2.100000 0.197074 0.042550 1.386268 -0.791505 0.941069 0.455423 
2.133330 0.187673 0.011403 0.281926 -0.722239 0.947022 0.452753 
2.166670 0.162386 0.012458 -0.752304 -0.778980 0.950406 0.447216 
2.200000 0.133314 0.020942 -1.191405 -0.823664 0.954253 0.444554 
2.233330 0.124117 0.014938 -1.384583 -0.832610 0.959582 0.441917 
2.266670 0.152953 0.007856 -1.704249 -0.908510 0.959583 0.440577 
2.300000 0.194811 -0.000949 -1.805495 -0.923897 0.964255 0.435636 
2.333330 0.207729 0.021898 -1.036803 -1.041920 0.969828 0.426694 
2.366670 0.201502 0.027946 0.435020 -1.055490 0.973081 0.424756 
2.400000 0.202198 0.014025 1.531892 -0.975620 0.975168 0.418075 
2.433330 0.198636 -0.006666 1.576169 -0.914897 0.983097 0.412591 
2.466670 0.173574 -0.024988 0.875807 -0.889845 0.983737 0.408676 
2.500000 0.132631 -0.027978 0.044913 -0.862384 0.987821 0.401272 
2.533330 0.108002 -0.002733 -0.451784 -0.866831 0.989971 0.399696 
2.566670 0.119999 0.039091 -0.523733 -0.935152 0.989174 0.397645 
2.600000 0.156711 0.051897 -0.600759 -0.898105 0.997018 0.394777 
2.633330 0.181935 0.049070 -0.994017 -0.932169 1.001590 0.391119 
2.666670 0.192016 0.039134 -1.373168 -0.978862 1.004700 0.387556 
2.700000 0.193129 0.031163 -1.356953 -1.041780 1.010910 0.380433 
2.733330 0.189167 0.010640 -1.042804 -1.072680 1.013500 0.378924 
2.766670 0.174746 -0.013480 -0.649344 -1.087690 1.017640 0.370234 
2.800000 0.154665 -0.021679 -0.213659 -1.131200 1.018160 0.365614 
2.833330 0.148257 -0.024988 0.242729 -1.106740 1.020230 0.362043 
2.866670 0.171892 -0.009592 0.675309 -1.091110 1.021900 0.356330 
2.900000 0.210963 0.023856 0.991286 -1.096480 1.023100 0.351201 
2.933330 0.232530 0.034684 0.967626 -1.006760 1.030050 0.345737 
2.966670 0.208836 0.055396 0.515417 -1.019070 1.035220 0.337291 
3.000000 0.168020 0.048595 -0.163814 -0.987284 1.039580 0.334975 
3.033330 0.138000 0.029370 -0.786810 -1.017560 1.043820 0.332592 
3.066670 0.126739 -0.002426 -1.140077 -1.050920 1.046570 0.327482 
3.100000 0.127177 -0.020174 -1.175451 -1.093310 1.048410 0.324284 
3.133330 0.133276 -0.011032 -1.037105 -1.136860 1.047600 0.320322 
3.166670 0.135215 0.005394 -0.848282 -1.146290 1.051340 0.315119 
3.200000 0.136189 0.015771 -0.560001 -1.196270 1.053270 0.311688 
3.233330 0.150595 0.006028 -0.147434 -1.196870 1.055330 0.308130 
3.266670 0.166487 -0.004385 0.238105 -1.197950 1.056360 0.303911 
3.300000 0.159431 -0.014193 0.431839 -1.180400 1.059440 0.295396 
3.333330 0.141244 -0.020935 0.423858 -1.167640 1.060470 0.292853 
3.366670 0.147488 -0.019860 0.358513 -1.144300 1.061870 0.288271 
3.400000 0.185077 0.003526 0.345575 -1.158260 1.061450 0.283737 
3.433330 0.226388 0.023555 0.252632 -1.125600 1.067670 0.275576 
3.466670 0.240831 0.040262 -0.114985 -1.128110 1.069750 0.272654 
3.500000 0.221479 0.043368 -0.651076 -1.125430 1.077500 0.260093 
3.533330 0.201869 0.053784 -0.921003 -1.179060 1.078800 0.260139 
