0.7 0.00528366 -0.000114898 -0.0109845 -0.0677914 
0.733333 0.00562861 -0.000174328 -0.0101686 -0.0733177 
0.766667 0.0059139 -0.000245489 -0.00862233 -0.0755082 
0.8 0.00618572 -0.000358287 -0.00404758 -0.0732127 
0.833333 0.00642164 -0.000346395 0.00247325 -0.0666945 
0.866667 0.00666035 -0.000416657 0.0077423 -0.0595995 
0.9 0.00685243 -0.000430808 0.0122467 -0.051627 
0.933333 0.00693877 -0.000302285 0.015868 -0.0431963 
0.966667 0.00703801 -0.000282107 0.0147909 -0.0391785 
1 0.00711853 -0.000148636 0.0130855 -0.0362515 
1.03333 0.00719503 -2.5929e-005 0.00873277 -0.0370286 
1.06667 0.00728675 9.59296e-005 0.00421892 -0.0394458 
1.1 0.00741663 0.000161949 -0.00219658 -0.0456131 
1.13333 0.00753033 0.00011459 -0.0104681 -0.0561109 
1.16667 0.00763166 0.000100308 -0.0136575 -0.0633655 
1.2 0.0077252 4.66042e-005 -0.0142141 -0.0685753 
1.23333 0.00780245 -8.25562e-005 -0.0124419 -0.0712214 
1.26667 0.00784715 -0.00012981 -0.007157 -0.06913 
1.3 0.0079014 -0.000251097 -0.00331448 -0.0669798 
1.33333 0.00793143 -0.000368991 0.00201498 -0.0617934 
1.36667 0.00803977 -0.000466363 0.00817292 -0.0538525 
1.4 0.00811469 -0.00048837 0.0137217 -0.044578 
1.43333 0.00825256 -0.000443803 0.0169792 -0.0361588 
1.46667 0.00835338 -0.000397651 0.0153658 -0.0324036 
1.5 0.00845195 -0.000321966 0.013772 -0.0291632 
1.53333 0.00846207 -0.000167432 0.00938492 -0.0297512 
1.56667 0.00856114 -0.00011067 0.00362509 -0.0334222 
1.6 0.00864116 -1.6182e-005 -0.00246899 -0.0394076 
1.63333 0.00876349 8.13166e-005 -0.00783693 -0.0465673 
1.66667 0.00882494 3.68218e-005 -0.0112956 -0.0532624 
1.7 0.00891581 2.16388e-005 -0.0126131 -0.0585828 
1.73333 0.00902607 -0.000128207 -0.0100975 -0.0598177 
1.76667 0.00916718 -0.00023242 -0.0075316 -0.0601546 
1.8 0.00924702 -0.000393943 -0.00226402 -0.0564469 
1.83333 0.00936548 -0.000510523 0.00283214 -0.0511858 
1.86667 0.00944133 -0.000553867 0.0103659 -0.0413484 
1.9 0.00947627 -0.000586238 0.0158802 -0.0313837 
1.93333 0.00957138 -0.000654994 0.0168576 -0.0249366 
1.96667 0.00960579 -0.000538335 0.0163798 -0.0198814 
2 0.00978273 -0.000485175 0.0143865 -0.0167745 
2.03333 0.00984859 -0.000371804 0.00953724 -0.0177033 
2.06667 0.00990222 -0.000257914 0.00488839 -0.020012 
2.1 0.0100158 -0.000144492 -0.00100957 -0.0253449 
2.13333 0.0100683 -3.37432e-005 -0.0075869 -0.0334457 
2.16667 0.0100681 2.74455e-006 -0.0111679 -0.0402019 
2.2 0.0101491 2.13219e-005 -0.0114593 -0.0442685 
2.23333 0.0101813 -8.68655e-005 -0.00987963 -0.0462235 
2.26667 0.0102836 -0.000250959 -0.00749098 -0.046697 
2.3 0.0104045 -0.000449084 -0.00436035 -0.0454984 
2.33333 0.0105308 -0.000555063 0.00186171 -0.039607 
2.36667 0.0105474 -0.000702846 0.00907002 -0.0304773 
2.4 0.0106827 -0.000765909 0.0129835 -0.0228342 
2.43333 0.0107552 -0.000818931 0.0157904 -0.0151929 
2.46667 0.0108277 -0.000724637 0.0144801 -0.0114763 
2.5 0.0109113 -0.0006451 0.0131361 -0.00823612 
2.53333 0.0110429 -0.000526608 0.00901189 -0.00872587 
2.56667 0.0110937 -0.000354695 0.00674004 -0.00840374 
2.6 0.0111661 -0.000190621 0.00115023 -0.0127556 
2.63333 0.0112574 -9.80918e-005 -0.00501412 -0.019649 
2.66667 0.0113407 2.56838e-005 -0.00784941 -0.0246673 
2.7 0.0114316 -6.61354e-005 -0.0105298 -0.0304478 
2.73333 0.0114013 -0.000180894 -0.0107582 -0.0342274 
2.76667 0.011511 -0.000312042 -0.00791675 -0.0344592 
2.8 0.0115599 -0.000465646 -0.00344661 -0.0318213 
2.83333 0.0115727 -0.000572619 0.000646837 -0.028138 
2.86667 0.0116835 -0.000784523 0.00579775 -0.021842 
2.9 0.0117586 -0.000906064 0.0105662 -0.0142805 
2.93333 0.0117689 -0.00098104 0.0137141 -0.00704245 
2.96667 0.0118407 -0.000863023 0.0141697 -0.00193321 
3 0.0119132 -0.000726213 0.013232 0.00168311 
3.03333 0.0120309 -0.000541556 0.0112166 0.00371466 
3.06667 0.0120506 -0.000394362 0.00602379 0.00132362 
3.1 0.0121578 -0.000257103 -0.00049545 -0.00436416 
3.13333 0.0122583 -0.000101239 -0.0042748 -0.00899069 
3.16667 0.0123417 -3.68152e-005 -0.00930532 -0.0163539 
3.2 0.012454 -6.1789e-005 -0.0112023 -0.021695 
3.23333 0.0124504 -0.000101916 -0.00884993 -0.0226522 
3.26667 0.0125271 -0.000232782 -0.00782068 -0.0243872 
3.3 0.0125653 -0.000375048 -0.0045462 -0.0231287 
3.33333 0.0126573 -0.000470725 0.000911771 -0.0182012 
3.36667 0.0128147 -0.000586527 0.0064202 -0.0113948 
3.4 0.0128347 -0.000744983 0.0110685 -0.0037676 
3.43333 0.0128114 -0.000841975 0.0139836 0.00336302 
3.46667 0.0129698 -0.000831437 0.0137224 0.00771586 
3.5 0.0130634 -0.000753582 0.0130418 0.0114866 
3.53333 0.0131961 -0.000652275 0.0099587 0.0121944 
3.56667 0.0132742 -0.000536017 0.0067393 0.0117136 
3.6 0.0134238 -0.000335656 0.00243389 0.00887763 
3.63333 0.0135637 -0.000204766 -0.00277149 0.00354419 
3.66667 0.0136899 -0.0001274 -0.00808038 -0.00364658 
3.7 0.0137739 -0.000204861 -0.0112006 -0.0100233 
3.73333 0.0137989 -0.000338733 -0.0116259 -0.0142589 
3.76667 0.0139443 -0.000438354 -0.0068826 -0.0125349 
3.8 0.0140467 -0.000595658 -0.00386795 -0.0112705 
3.83333 0.014172 -0.0007383 0.00109368 -0.00670278 
3.86667 0.0141414 -0.00093549 0.00577293 -0.000814552 
3.9 0.014195 -0.000998525 0.0120464 0.00851537 
3.93333 0.0142504 -0.00102968 0.0156559 0.0167916 
3.96667 0.0143897 -0.000955467 0.0144184 0.0205495 
4 0.0144094 -0.0008062 0.0141695 0.0250618 
4.03333 0.0145211 -0.000635718 0.00941048 0.0241671 
4.06667 0.014598 -0.000566712 0.00399705 0.0209136 
4.1 0.0145837 -0.000417626 -0.000917083 0.016445 
4.13333 0.0147157 -0.000291568 -0.00654978 0.00949016 
4.16667 0.0149729 -0.000111718 -0.00933435 0.00401983 
4.2 0.0151005 -0.00013189 -0.00940335 0.000826931 
4.23333 0.0151708 -0.00024234 -0.00806274 -0.000724982 
4.26667 0.0152543 -0.000333333 -0.00590032 -0.000859911 
4.3 0.0153213 -0.000533031 -0.00266452 0.000993049 
4.33333 0.0153463 -0.00063533 0.00213712 0.00577303 
4.36667 0.0153001 -0.000734943 0.00713668 0.0123872 
4.4 0.0153642 -0.000780716 0.0123945 0.0209728 
4.43333 0.0154179 -0.000717231 0.0156895 0.0289939 
4.46667 0.0155279 -0.000612259 0.0158092 0.0343649 
4.5 0.0153947 -0.000561895 0.011479 0.0345231 
4.53333 0.015363 -0.000445454 0.0094279 0.0359282 
4.56667 0.0153436 -0.000257473 0.00454021 0.0333011 
4.6 0.0153857 -8.515e-005 -0.000781863 0.028532 
4.63333 0.0154186 -1.34565e-005 -0.00660183 0.0214011 
4.66667 0.0154227 6.95412e-005 -0.00936033 0.0159442 
4.7 0.0154862 -3.60914e-005 -0.0108674 0.0110451 
4.73333 0.0155071 -0.00017916 -0.010064 0.00837102 
4.76667 0.0155657 -0.000352293 -0.00623367 0.00953789 
4.8 0.015608 -0.00051863 -0.00251446 0.0118504 
4.83333 0.0156902 -0.000634397 0.00279941 0.017285 
4.86667 0.0157275 -0.000712809 0.00871143 0.0251971 
4.9 0.0156809 -0.000819615 0.0134286 0.0336693 
4.93333 0.0155592 -0.000788226 0.0154104 0.040485 
4.96667 0.015586 -0.000569148 0.0163024 0.0466747 
5 0.0155793 -0.00046592 0.0151322 0.0507275 
5.03333 0.0156855 -0.000221111 0.0110373 0.0509377 
5.06667 0.0157017 -6.67764e-005 0.00583349 0.0484739 
5.1 0.0158137 5.82885e-005 0.00177688 0.0456297 
5.13333 0.015846 0.000108311 -0.00358767 0.0398894 
5.16667 0.0158686 0.000100937 -0.00766591 0.0338793 
5.2 0.0159687 -9.39698e-006 -0.00853532 0.0302977 
5.23333 0.016039 -5.46188e-005 -0.00739385 0.0288 
5.26667 0.0161161 -0.000167338 -0.0052145 0.0289081 
5.3 0.0161264 -0.000350192 -0.00158871 0.03145 
5.33333 0.0161612 -0.000464777 0.00350349 0.0369316 
5.36667 0.0162176 -0.00055645 0.00917355 0.0447927 
5.4 0.0162705 -0.000643057 0.0138468 0.0533671 
5.43333 0.0162968 -0.000602684 0.0174167 0.0621968 
5.46667 0.0164274 -0.000494331 0.0181139 0.0688254 
5.5 0.0164871 -0.000355777 0.0169053 0.0734367 
5.53333 0.0164437 -0.000170201 0.0138374 0.0754503 
5.56667 0.0163973 -5.39586e-005 0.00895291 0.0742968 
5.6 0.0163613 7.20522e-005 0.00315018 0.0704312 
5.63333 0.0164125 0.000221954 -0.00193278 0.065481 
5.66667 0.0165717 0.000320126 -0.00668275 0.0592296 
5.7 0.0166664 0.000174316 -0.00932727 0.0538802 
5.73333 0.0168174 0.000116852 -0.0083655 0.0519065 
5.76667 0.0168631 -5.39836e-005 -0.0060439 0.0518585 
5.8 0.0169714 -0.00026365 -0.00141707 0.0553057 
5.83333 0.0170219 -0.000449718 0.00214729 0.0590409 
5.86667 0.0170634 -0.000529133 0.00874841 0.067549 
5.9 0.0171905 -0.000656769 0.0133072 0.0758467 
5.93333 0.0171613 -0.000590638 0.0166679 0.0842496 
5.96667 0.0171846 -0.000498552 0.0169458 0.0901335 
6 0.0172236 -0.000352151 0.0155484 0.0941326 
6.03333 0.0173348 -0.000198533 0.0134405 0.0968271 
6.06667 0.0173822 -4.09346e-005 0.00905857 0.0961346 
6.1 0.0174401 0.000126928 0.00357176 0.0926772 
6.13333 0.0174783 0.000229741 -0.00268637 0.0864803 
6.16667 0.0174975 0.000259964 -0.00665092 0.0809048 
6.2 0.0174404 0.000260437 -0.00871096 0.0762561 
6.23333 0.0173886 0.000166541 -0.00846765 0.0736396 
6.26667 0.0174764 5.67522e-005 -0.00602869 0.0736962 
6.3 0.0175568 -6.01284e-005 -0.00102574 0.0775924 
6.33333 0.0176187 -0.000206257 0.00387774 0.0830389 
6.36667 0.017627 -0.00037364 0.0075036 0.0886116 
6.4 0.0175966 -0.000520658 0.0137069 0.0984355 
6.43333 0.017528 -0.000497402 0.0168728 0.106742 
6.46667 0.0175162 -0.000468092 0.0175291 0.113141 
6.5 0.0174592 -0.000391465 0.0166537 0.11795 
