0.7 0.00483431 0.0001787 -0.011184 -0.282964 
0.733333 0.00516328 0.000133886 -0.0133162 -0.291153 
0.766667 0.00551248 6.04574e-005 -0.0121369 -0.294645 
0.8 0.00587319 -0.000154512 -0.0099576 -0.296407 
0.833333 0.00613804 -0.000239241 -0.00584771 -0.294893 
0.866667 0.00635182 -0.000402513 -0.00190071 -0.292223 
0.9 0.0065112 -0.000524275 0.00311458 -0.286899 
0.933333 0.00673156 -0.000623191 0.00976325 -0.277973 
0.966667 0.00694835 -0.000655287 0.0148706 -0.268659 
1 0.00707578 -0.000554176 0.018471 -0.259438 
1.03333 0.00719226 -0.00048857 0.014613 -0.257838 
1.06667 0.00739727 -0.000316269 0.0111047 -0.257108 
1.1 0.00753997 -5.19685e-005 0.00803869 -0.257024 
1.13333 0.00773063 0.0001705 0.00193655 -0.261548 
1.16667 0.00790653 0.00027963 -0.00422681 -0.268179 
1.2 0.00804363 0.000354491 -0.00992077 -0.276309 
1.23333 0.00815581 0.000451669 -0.0114979 -0.281478 
1.26667 0.00822862 0.000252415 -0.0130321 -0.287122 
1.3 0.00829432 5.56476e-005 -0.0107414 -0.288762 
1.33333 0.00836543 -0.00024527 -0.00645171 -0.287279 
1.36667 0.00844719 -0.000459948 -0.00167072 -0.283785 
1.4 0.00851082 -0.000701971 0.00345971 -0.278286 
1.43333 0.00857082 -0.000786723 0.0104056 -0.268934 
1.46667 0.00861219 -0.000803485 0.0151003 -0.259923 
1.5 0.00858981 -0.000747904 0.015212 -0.254758 
1.53333 0.00843892 -0.000602424 0.0138624 -0.25128 
1.56667 0.008469 -0.000410385 0.0116962 -0.249217 
1.6 0.00855791 -0.000182463 0.00790135 -0.249798 
1.63333 0.0086795 -5.86856e-005 0.00321401 -0.252697 
1.66667 0.00867086 7.88828e-005 -0.00199139 -0.25777 
1.7 0.00885995 0.000204147 -0.00821735 -0.265784 
1.73333 0.00913049 0.000165806 -0.0137324 -0.275033 
1.76667 0.00928034 9.36552e-005 -0.0110787 -0.276478 
1.8 0.00943229 -6.2411e-005 -0.0085239 -0.277155 
1.83333 0.00948618 -0.000121082 -0.00280989 -0.273251 
1.86667 0.00959804 -0.000297535 0.00174256 -0.268814 
1.9 0.00962303 -0.000416072 0.00669456 -0.262387 
1.93333 0.00973883 -0.000525924 0.0138374 -0.251724 
1.96667 0.00994503 -0.000653261 0.0167545 -0.243668 
2 0.0100673 -0.000580912 0.0188818 -0.235572 
2.03333 0.0101453 -0.000462034 0.0180246 -0.23029 
2.06667 0.0102769 -0.000292212 0.0138737 -0.229182 
2.1 0.010378 -0.00014456 0.00949308 -0.229728 
2.13333 0.0104615 6.15382e-005 0.00579048 -0.230935 
2.16667 0.0104739 0.000158615 -0.000476493 -0.236402 
2.2 0.0106084 0.000203745 -0.00606724 -0.243161 
2.23333 0.0106941 0.000196329 -0.00836855 -0.2479 
2.26667 0.0109007 0.000176088 -0.00643951 -0.248412 
2.3 0.0110717 -3.61912e-005 -0.00574599 -0.24974 
2.33333 0.0111635 -0.000279437 -0.00248722 -0.247809 
2.36667 0.011127 -0.000440552 0.00159894 -0.243814 
2.4 0.0112822 -0.00066817 0.00560488 -0.238552 
2.43333 0.0111936 -0.000855893 0.010446 -0.230969 
2.46667 0.0111488 -0.000926132 0.01593 -0.221014 
2.5 0.0111495 -0.000920992 0.0155745 -0.216123 
2.53333 0.0111488 -0.000756327 0.0151129 -0.211477 
2.56667 0.0113061 -0.000728503 0.0106407 -0.211718 
2.6 0.011377 -0.00059333 0.00786796 -0.211444 
2.63333 0.0115253 -0.000510863 0.00386179 -0.213551 
2.66667 0.011501 -0.000470762 -0.00520443 -0.222966 
2.7 0.0115528 -0.000396003 -0.00992659 -0.230275 
2.73333 0.0116027 -0.000283136 -0.0123676 -0.236465 
2.76667 0.011771 -0.000281766 -0.0130722 -0.24142 
2.8 0.0119289 -0.000334658 -0.0101801 -0.242363 
2.83333 0.0120691 -0.000440712 -0.00750554 -0.242599 
2.86667 0.0122564 -0.000502613 -0.00338075 -0.240232 
2.9 0.0123006 -0.000624095 0.00268143 -0.234203 
2.93333 0.012365 -0.000662495 0.0115513 -0.222838 
2.96667 0.0123134 -0.000738833 0.0176495 -0.211789 
3 0.0123824 -0.000891802 0.0156557 -0.20826 
3.03333 0.0123356 -0.000881157 0.0144973 -0.204409 
3.06667 0.0123277 -0.000726792 0.0120552 -0.202459 
3.1 0.012443 -0.000608994 0.00815268 -0.203047 
3.13333 0.0125045 -0.000427791 0.00201064 -0.20758 
3.16667 0.0125157 -0.000276703 -0.00246038 -0.212188 
3.2 0.0126221 -0.000114399 -0.00657303 -0.217863 
3.23333 0.0126588 -8.04433e-005 -0.00968929 -0.223732 
3.26667 0.0127223 -0.00019543 -0.0116103 -0.22923 
3.3 0.0128555 -0.000397318 -0.0105065 -0.231797 
3.33333 0.0130067 -0.000518999 -0.00819461 -0.23257 
3.36667 0.013097 -0.000663413 -0.0047001 -0.231176 
3.4 0.0133042 -0.000716877 0.002718 -0.223986 
3.43333 0.0133827 -0.000847542 0.00642036 -0.21871 
3.46667 0.0134742 -0.00103837 0.0109366 -0.211239 
3.5 0.0134713 -0.00106449 0.0111591 -0.20733 
3.53333 0.0134987 -0.000948338 0.0116321 -0.203052 
3.56667 0.013591 -0.000754722 0.0110624 -0.199847 
3.6 0.0135575 -0.000593175 0.00782508 -0.199981 
3.63333 0.0137497 -0.000439544 0.00216246 -0.204058 
3.66667 0.0138297 -0.000290274 -0.00636645 -0.213405 
3.7 0.0141341 -0.000184771 -0.0123603 -0.222602 
3.73333 0.0142955 -6.22622e-005 -0.0128013 -0.227243 
3.76667 0.0143784 -0.000162106 -0.014262 -0.233235 
3.8 0.0144404 -0.000328948 -0.0127769 -0.236235 
3.83333 0.0145515 -0.000451979 -0.0100927 -0.237326 
3.86667 0.0145729 -0.000669928 -0.00488831 -0.234547 
3.9 0.0147039 -0.000825528 0.000566126 -0.229737 
3.93333 0.014656 -0.00112033 0.00323949 -0.226393 
3.96667 0.0147058 -0.00124222 0.00873811 -0.218822 
4 0.0148211 -0.00121722 0.0122742 -0.211735 
4.03333 0.0147861 -0.00101122 0.0118125 -0.208189 
4.06667 0.0147242 -0.000850068 0.0108084 -0.205436 
4.1 0.0147316 -0.000709062 0.00773778 -0.205458 
4.13333 0.0147028 -0.000587945 0.00357259 -0.207796 
4.16667 0.0147426 -0.000437264 -0.00085493 -0.211832 
4.2 0.0148011 -0.000313155 -0.00679657 -0.219131 
4.23333 0.0148824 -0.000275058 -0.0089287 -0.223913 
4.26667 0.0150102 -0.000374307 -0.0101733 -0.228358 
4.3 0.0150919 -0.000512188 -0.00901988 -0.230388 
4.33333 0.0152709 -0.000686571 -0.00623011 -0.230101 
4.36667 0.0153591 -0.00079371 -0.00127527 -0.226329 
4.4 0.0154245 -0.0010227 0.00470456 -0.219695 
4.43333 0.0154516 -0.00112352 0.00870854 -0.2134 
4.46667 0.01545 -0.00120946 0.0136287 -0.20469 
4.5 0.01556 -0.00106481 0.0155664 -0.197859 
4.53333 0.0156761 -0.000933031 0.0146188 -0.193789 
4.56667 0.0157257 -0.000779477 0.0126594 -0.191229 
4.6 0.0158196 -0.00055696 0.00908237 -0.191232 
4.63333 0.0158645 -0.000401047 0.00447326 -0.193645 
4.66667 0.0159339 -0.000205309 0.000271898 -0.197114 
4.7 0.0159773 -0.00012595 -0.00604875 -0.204484 
4.73333 0.0159301 -0.000132747 -0.00966713 -0.210772 
4.76667 0.0159468 -0.000270305 -0.0097666 -0.214112 
4.8 0.0160747 -0.000474417 -0.00843397 -0.215794 
4.83333 0.0161756 -0.000616882 -0.00520881 -0.214798 
4.86667 0.0162268 -0.000712273 -0.000571481 -0.21106 
4.9 0.0162342 -0.000885619 0.00524352 -0.204387 
4.93333 0.0162808 -0.000943549 0.0115345 -0.195212 
4.96667 0.0163033 -0.000926992 0.0170881 -0.184812 
5 0.0162052 -0.000849222 0.0190408 -0.176811 
5.03333 0.016115 -0.000795541 0.0173214 -0.172494 
5.06667 0.0161157 -0.000664697 0.0142004 -0.170404 
5.1 0.0161314 -0.000577764 0.0100279 -0.170596 
5.13333 0.0164069 -0.00038809 0.00184876 -0.176908 
5.16667 0.0166162 -0.000297203 -0.00303678 -0.182059 
5.2 0.0167966 -0.000176369 -0.00891213 -0.190007 
5.23333 0.0169438 -0.000172325 -0.00924168 -0.193367 
5.26667 0.017061 -0.000221983 -0.00881582 -0.195945 
5.3 0.0171094 -0.000360895 -0.00535957 -0.194803 
5.33333 0.0171878 -0.000525207 -0.00173724 -0.192314 
5.36667 0.0172396 -0.000685058 0.00336124 -0.186874 
5.4 0.0173048 -0.000862644 0.00947275 -0.17854 
5.43333 0.0174286 -0.000927895 0.0150183 -0.168836 
5.46667 0.0175056 -0.000889486 0.0180062 -0.160303 
5.5 0.01754 -0.000693939 0.0182066 -0.154064 
5.53333 0.0174959 -0.000435669 0.0161244 -0.150453 
5.56667 0.0174485 -0.000215997 0.0132994 -0.148413 
5.6 0.0173807 -0.000118146 0.00962416 -0.148318 
5.63333 0.0173333 5.86283e-005 0.00268297 -0.153304 
5.66667 0.0172954 0.000107665 -0.00335517 -0.159538 
5.7 0.0173047 -3.63621e-005 -0.0072298 -0.16523 
5.73333 0.017362 -0.000139064 -0.00965376 -0.170501 
5.76667 0.0174445 -0.000228812 -0.00856378 -0.172432 
5.8 0.0174054 -0.000394533 -0.004303 -0.170257 
5.83333 0.017469 -0.000475118 -0.000313316 -0.166982 
5.86667 0.0172275 -0.000560445 0.00794695 -0.157336 
5.9 0.0170748 -0.000636304 0.013945 -0.147606 
5.93333 0.0170549 -0.000682148 0.0185537 -0.137517 
5.96667 0.0170269 -0.000633111 0.0197409 -0.129931 
6 0.0170356 -0.000558142 0.0196209 -0.123493 
6.03333 0.0171258 -0.000449878 0.0171931 -0.119818 
6.06667 0.0172065 -0.000314543 0.013566 -0.118369 
6.1 0.0172692 -0.000152515 0.00801359 -0.120401 
6.13333 0.0173641 9.18356e-005 0.00169316 -0.125191 
6.16667 0.0174376 0.00020606 -0.00325563 -0.130469 
6.2 0.0175189 0.000216186 -0.00626765 -0.135109 
6.23333 0.0175823 0.000133069 -0.00581955 -0.13667 
6.26667 0.0176651 -8.92797e-005 -0.00286481 -0.135122 
6.3 0.0177811 -0.000241982 0.000282711 -0.132361 
6.33333 0.0179191 -0.000318305 0.00323617 -0.12878 
6.36667 0.0179755 -0.000506077 0.0102164 -0.119462 
6.4 0.0179793 -0.000587186 0.016228 -0.10896 
6.43333 0.0179791 -0.000496393 0.020465 -0.0985488 
6.46667 0.0179431 -0.000450519 0.0223474 -0.089505 
6.5 0.0179452 -0.000343161 0.0226604 -0.0816864 
6.53333 0.0180075 -0.000174381 0.0193092 -0.0780888 
6.56667 0.0180187 -6.33213e-005 0.0150383 -0.0766941 
6.6 0.0180434 -1.0175e-005 0.010061 -0.0775568 
6.63333 0.0180485 9.71248e-005 0.00398413 -0.0813767 
6.66667 0.0179577 6.56675e-005 -0.001034 -0.0859723 
6.7 0.0179469 3.53988e-005 -0.00446183 -0.0903634 
6.73333 0.0179228 -9.12826e-006 -0.00519755 -0.0927192 
6.76667 0.0178871 -7.41214e-005 -0.00387749 -0.0928934 
6.8 0.017841 -0.000125167 -0.000542428 -0.090249 
6.83333 0.0178446 -0.000234166 0.00549786 -0.0832995 
6.86667 0.017836 -0.000342256 0.0113869 -0.074515 
6.9 0.0177941 -0.000474504 0.0169562 -0.0641451 
6.93333 0.0178106 -0.000540469 0.021194 -0.0534904 
6.96667 0.0178393 -0.000545935 0.0219968 -0.0454781 
7 0.017967 -0.000437313 0.020768 -0.0395965 
7.03333 0.0179909 -0.000358668 0.0178281 -0.0361442 
7.06667 0.0180589 -0.000274738 0.0140261 -0.0346896 
7.1 0.0181918 -0.000125201 0.00850133 -0.036536 
7.13333 0.0182947 -1.57935e-005 0.00332931 -0.0398076 
7.16667 0.0183613 0.000106223 -0.00339896 -0.0466403 
7.2 0.018409 0.000200309 -0.00669626 -0.0516656 
7.23333 0.0183994 0.000203402 -0.00776836 -0.0551632 
7.26667 0.0183585 0.000142032 -0.00694689 -0.056783 
7.3 0.0183034 -2.97765e-005 -0.00303981 -0.0544865 
7.33333 0.0181933 -0.000149907 0.000259661 -0.0516048 
