0.216 25 0 
0.295 25 0 
0.355 25 0 
0.433 25 0 
0.496 25 0 
0.575 25 0 
0.652 25 0 
0.73 25 0 
0.794 25 0 
0.871 25 0 
0.934 25 0 
0.997 25 0 
1.06 25 0 
1.121 25 0 
1.184 25 0 
1.294 25 0 
1.371 25 0 
1.435 25 0 
1.496 25 0 
1.56 25 0 
1.621 25 0 
1.7 25 0 
1.762 25 0 
1.841 25 0 
1.919 25 0 
1.981 25 0 
2.059 25 0 
2.137 25 0 
2.201 25 0 
2.262 25 0 
2.325 25 0 
2.387 25 0 
2.45 25 0 
2.528 25 0 
2.59 25 0 
2.668 25 0 
2.715 25 0 
2.794 25 0 
2.857 25 0 
2.934 25 0 
2.997 25 0 
3.059 25 0 
3.121 25 0 
3.185 25 0 
3.247 25 0 
3.326 25 0 
3.388 25 0 
3.466 25 0 
3.529 25 0 
3.589 25 0 
3.653 25 0 
3.731 25 0 
3.793 25 0 
3.855 25 0 
3.919 25 0 
3.982 25 0 
4.044 25 0 
4.138 25 0 
4.2 25 0 
4.262 25 0 
4.325 25 0 
4.387 25 0 
4.45 25 0 
4.528 25 0 
4.59 25 0 
4.669 25 0 
4.731 25 0 
4.793 25 0 
4.857 25 0 
4.934 25 0 
4.996 25 0 
5.06 25 0 
5.122 25 0 
5.184 25 0 
5.246 25 0 
5.34 25 0 
5.403 25 0 
5.466 25 0 
5.528 25 0 
5.591 25 0 
5.653 25 0 
5.731 25 0 
5.793 25 0 
5.857 25 0 
5.919 25 0 
5.982 25 0 
6.044 25 0 
6.137 25 0 
6.2 25 0 
6.261 25 0 
6.325 25 0 
6.387 25 0 
6.45 25 0 
6.527 25 0 
6.59 25 0 
6.652 25 0 
6.731 25 0 
6.793 25 0 
6.856 25 0 
6.935 25 0 
6.996 25 0 
7.06 25 0 
7.121 25 0 
7.199 25 0 
7.294 25 0 
7.357 25 0 
7.434 25 0 
7.497 25 0 
7.559 25 0 
7.621 25 0 
7.699 25 0 
7.763 25 0 
7.84 25 0 
7.918 25 0 
7.982 25 0 
8.043 25 0 
8.138 25 0 
8.2 25 0 
8.262 25 0 
8.326 25 0 
8.388 25 0 
8.449 25 0 
8.527 25 0 
8.606 25 0 
8.669 25 0 
8.763 25 0 
8.824 25 0 
8.903 25 0 
8.966 25 0 
9.028 25 0 
9.09 25 0 
9.154 25 0 
9.215 25 0 
9.294 25 0 
9.356 25 0 
9.434 25 0 
9.498 25 0 
9.559 25 0 
9.623 25 0 
9.701 25 0 
9.762 25 0 
9.825 25 0 
9.887 25 0 
9.949 25 0 
10.012 25 0 
10.107 25 0 
10.169 25 0 
10.232 25 0 
10.294 25 0 
10.357 25 0 
10.418 25 0 
10.497 25 0 
10.559 25 0 
10.621 25 0 
10.7 25 0 
10.762 25 0 
10.826 25 0 
10.904 25 0 
10.965 25 0 
11.027 25 0 
11.091 25 0 
11.152 25 0 
11.23 25 0 
11.293 25 0 
11.371 25 0 
11.419 25 0 
11.481 25 0 
11.543 25 0 
11.621 25 0 
11.716 25 0 
11.793 25 0 
11.855 25 0 
11.919 25 0 
11.981 25 0 
12.059 25 0 
12.138 25 0 
12.199 25 0 
12.262 25 0 
12.325 25 0 
12.387 25 0 
12.45 25 0 
12.528 25 0 
12.59 25 0 
12.652 25 0 
12.73 25 0 
12.793 25 0 
12.856 25 0 
12.934 25 0 
12.996 25 0 
13.059 25 0 
13.122 25 0 
13.185 25 0 
13.246 25 0 
13.325 25 0 
13.404 25 0 
13.465 25 0 
