0.208 25 0 
0.269 25 0 
0.333 25 0 
0.394 25 0 
0.457 25 0 
0.536 25 0 
0.598 25 0 
0.661 25 0 
0.723 25 0 
0.785 25 0 
0.848 25 0 
0.925 25 0 
0.989 25 0 
1.051 25 0 
1.114 25 0 
1.192 25 0 
1.254 25 0 
1.332 25 0 
1.394 25 0 
1.458 25 0 
1.535 25 0 
1.628 25 0 
1.706 25 0 
1.769 25 0 
1.832 25 0 
1.894 25 0 
1.956 25 0 
2.019 25 0 
2.098 25 0 
2.161 25 0 
2.222 25 0 
2.285 25 0 
2.363 25 0 
2.425 25 0 
2.504 25 0 
2.567 25 0 
2.628 25 0 
2.692 25 0 
2.753 25 0 
2.816 25 0 
2.894 25 0 
2.957 25 0 
3.019 25 0 
3.099 25 0 
3.16 25 0 
3.224 25 0 
3.302 25 0 
3.364 25 0 
3.426 25 0 
3.487 25 0 
3.567 25 0 
3.66 25 0 
3.722 25 0 
3.801 25 0 
3.864 25 0 
3.926 25 0 
3.988 25 0 
4.067 25 0 
4.128 25 0 
4.192 25 0 
4.254 25 0 
4.317 25 0 
4.38 25 0 
4.458 25 0 
4.536 25 0 
4.598 25 0 
4.659 25 0 
4.722 25 0 
4.785 25 0 
4.848 25 0 
4.925 25 0 
4.988 25 0 
5.066 25 0 
5.128 25 0 
5.192 25 0 
5.253 25 0 
5.333 25 0 
5.394 25 0 
5.458 25 0 
5.52 25 0 
5.582 25 0 
5.645 25 0 
5.738 25 0 
5.8 25 0 
5.864 25 0 
5.926 25 0 
5.988 25 0 
6.05 25 0 
6.129 25 0 
6.192 25 0 
6.255 25 0 
6.316 25 0 
6.395 25 0 
6.457 25 0 
6.534 25 0 
6.598 25 0 
6.659 25 0 
6.722 25 0 
6.801 25 0 
6.895 25 0 
6.957 25 0 
7.034 25 0 
7.081 25 0 
7.161 25 0 
7.222 25 0 
7.3 25 0 
7.364 25 0 
7.425 25 0 
7.488 25 0 
7.55 25 0 
7.613 25 0 
7.692 25 0 
7.769 25 0 
7.832 25 0 
7.895 25 0 
7.956 25 0 
8.019 25 0 
8.097 25 0 
8.159 25 0 
8.237 25 0 
8.317 25 0 
8.395 25 0 
8.457 25 0 
8.534 25 0 
8.598 25 0 
8.66 25 0 
8.722 25 0 
8.8 25 0 
8.896 25 0 
8.957 25 0 
9.034 25 0 
9.098 25 0 
9.16 25 0 
9.222 25 0 
9.3 25 0 
9.363 25 0 
9.425 25 0 
9.489 25 0 
9.551 25 0 
9.613 25 0 
9.708 25 0 
9.77 25 0 
9.832 25 0 
9.91 25 0 
9.989 25 0 
10.067 25 0 
10.13 25 0 
10.191 25 0 
10.253 25 0 
10.331 25 0 
10.394 25 0 
10.457 25 0 
10.535 25 0 
10.66 25 0 
10.724 25 0 
10.786 25 0 
10.848 25 0 
10.927 25 0 
10.989 25 0 
11.066 25 0 
11.13 25 0 
11.191 25 0 
11.254 25 0 
11.332 25 0 
11.395 25 0 
11.457 25 0 
11.519 25 0 
11.581 25 0 
11.644 25 0 
11.738 25 0 
11.8 25 0 
11.864 25 0 
11.926 25 0 
11.989 25 0 
12.067 25 0 
12.129 25 0 
12.192 25 0 
12.27 25 0 
12.347 25 0 
12.427 25 0 
12.504 25 0 
12.566 25 0 
12.629 25 0 
12.692 25 0 
12.753 25 0 
12.816 25 0 
12.895 25 0 
12.958 25 0 
13.02 25 0 
13.098 25 0 
13.16 25 0 
13.223 25 0 
13.302 25 0 
13.363 25 0 
13.426 25 0 
13.488 25 0 
13.552 25 0 
13.613 25 0 
13.707 25 0 
13.77 25 0 
13.832 25 0 
13.895 25 0 
13.956 25 0 
14.035 25 0 
14.098 25 0 
14.16 25 0 
14.222 25 0 
14.286 25 0 
14.363 25 0 
14.425 25 0 
14.503 25 0 
14.567 25 0 
14.629 25 0 
14.691 25 0 
14.755 25 0 
14.817 25 0 
14.895 25 0 
14.958 25 0 
15.019 25 0 
15.098 25 0 
15.161 25 0 
