0.222 25 0 
0.315 25 0 
0.394 25 0 
0.456 25 0 
0.534 25 0 
0.597 25 0 
0.676 25 0 
0.754 25 0 
0.817 25 0 
0.909 25 0 
1.003 25 0 
1.065 25 0 
1.127 25 0 
1.19 25 0 
1.252 25 0 
1.331 25 0 
1.394 25 0 
1.455 25 0 
1.518 25 0 
1.581 25 0 
1.643 25 0 
1.721 25 0 
1.8 25 0 
1.862 25 0 
1.926 25 0 
1.988 25 0 
2.05 25 0 
2.128 25 0 
2.19 25 0 
2.253 25 0 
2.332 25 0 
2.395 25 0 
2.457 25 0 
2.534 25 0 
2.598 25 0 
2.659 25 0 
2.722 25 0 
2.784 25 0 
2.848 25 0 
2.925 25 0 
2.988 25 0 
3.065 25 0 
3.129 25 0 
3.19 25 0 
3.254 25 0 
3.332 25 0 
3.395 25 0 
3.456 25 0 
3.519 25 0 
3.582 25 0 
3.66 25 0 
3.722 25 0 
3.801 25 0 
3.863 25 0 
3.925 25 0 
3.988 25 0 
4.049 25 0 
4.127 25 0 
4.206 25 0 
4.299 25 0 
4.346 25 0 
4.425 25 0 
4.503 25 0 
4.566 25 0 
4.628 25 0 
4.691 25 0 
4.753 25 0 
4.831 25 0 
4.894 25 0 
4.957 25 0 
5.019 25 0 
5.098 25 0 
5.16 25 0 
5.222 25 0 
5.301 25 0 
5.363 25 0 
5.424 25 0 
5.503 25 0 
5.581 25 0 
5.644 25 0 
5.738 25 0 
5.8 25 0 
5.862 25 0 
5.924 25 0 
5.987 25 0 
6.051 25 0 
6.129 25 0 
6.191 25 0 
6.254 25 0 
6.316 25 0 
6.393 25 0 
6.457 25 0 
6.535 25 0 
6.596 25 0 
6.659 25 0 
6.723 25 0 
6.785 25 0 
6.846 25 0 
6.926 25 0 
6.988 25 0 
7.066 25 0 
7.128 25 0 
7.191 25 0 
7.253 25 0 
7.33 25 0 
7.393 25 0 
7.457 25 0 
7.518 25 0 
7.581 25 0 
7.659 25 0 
7.737 25 0 
7.801 25 0 
7.863 25 0 
7.926 25 0 
7.989 25 0 
8.049 25 0 
8.128 25 0 
8.191 25 0 
8.254 25 0 
8.316 25 0 
8.379 25 0 
8.457 25 0 
8.535 25 0 
8.597 25 0 
8.659 25 0 
8.723 25 0 
8.785 25 0 
8.847 25 0 
8.925 25 0 
8.988 25 0 
9.065 25 0 
9.128 25 0 
9.19 25 0 
9.253 25 0 
9.332 25 0 
9.393 25 0 
9.457 25 0 
9.534 25 0 
9.629 25 0 
9.707 25 0 
9.769 25 0 
9.831 25 0 
9.894 25 0 
9.956 25 0 
10.018 25 0 
10.097 25 0 
10.174 25 0 
10.268 25 0 
10.363 25 0 
10.425 25 0 
10.504 25 0 
10.565 25 0 
10.628 25 0 
10.69 25 0 
10.754 25 0 
10.816 25 0 
10.91 25 0 
10.987 25 0 
11.05 25 0 
11.128 25 0 
11.19 25 0 
11.253 25 0 
11.332 25 0 
11.394 25 0 
11.457 25 0 
11.518 25 0 
11.581 25 0 
11.643 25 0 
11.722 25 0 
11.8 25 0 
11.863 25 0 
11.925 25 0 
11.989 25 0 
12.049 25 0 
12.143 25 0 
12.222 25 0 
12.284 25 0 
12.363 25 0 
12.426 25 0 
12.504 25 0 
12.566 25 0 
12.628 25 0 
12.69 25 0 
12.753 25 0 
12.815 25 0 
12.91 25 0 
12.987 25 0 
13.065 25 0 
13.128 25 0 
13.191 25 0 
13.254 25 0 
13.331 25 0 
13.393 25 0 
13.457 25 0 
