0.366667 0.048976 -0.041551 0.704476 -0.281131 0.394303 0.388281 
0.400000 0.053874 -0.002800 0.834952 -0.224833 0.394869 0.387866 
0.433333 0.065315 0.024894 0.615265 -0.193511 0.397468 0.389418 
0.466667 0.073337 0.035294 0.108522 -0.196502 0.400504 0.388684 
0.500000 0.077826 0.036485 -0.424006 -0.190819 0.402067 0.389640 
0.533333 0.077588 0.034254 -0.834329 -0.218009 0.405847 0.390822 
0.566667 0.073239 0.023859 -1.074568 -0.254604 0.408218 0.390441 
0.600000 0.070191 0.005957 -1.177408 -0.290232 0.410802 0.391264 
0.633333 0.073355 -0.012809 -1.131119 -0.322728 0.412676 0.389725 
0.666667 0.080700 -0.023155 -0.777959 -0.366030 0.414857 0.388690 
0.700000 0.089103 -0.023659 -0.069703 -0.388681 0.417898 0.386258 
0.733333 0.098922 -0.018922 0.674911 -0.378001 0.419114 0.384644 
0.766667 0.103771 -0.016608 1.044163 -0.325711 0.423019 0.383530 
0.800000 0.096388 -0.012572 0.990309 -0.301766 0.426502 0.380566 
0.833333 0.083684 -0.010551 0.826954 -0.264204 0.428931 0.380950 
0.866667 0.080660 -0.004736 0.842588 -0.247449 0.431141 0.379111 
0.900000 0.086119 0.006539 0.961838 -0.229169 0.433698 0.378623 
0.933333 0.087276 0.017748 0.792259 -0.170389 0.436755 0.378637 
0.966667 0.080507 0.027377 0.102278 -0.170229 0.440962 0.377829 
1.000000 0.080592 0.018742 -0.772316 -0.142754 0.441802 0.380446 
1.033330 0.088477 0.010338 -1.233728 -0.237327 0.445162 0.379139 
1.066670 0.094493 0.000848 -1.176258 -0.262292 0.448907 0.378407 
1.100000 0.092836 -0.000375 -0.984148 -0.279297 0.451517 0.377784 
1.133330 0.090275 0.007529 -0.792128 -0.324361 0.454121 0.376886 
1.166670 0.086993 0.012470 -0.415660 -0.339381 0.457279 0.376286 
1.200000 0.081725 0.004247 0.087201 -0.375375 0.460315 0.374582 
1.233330 0.079058 -0.030844 0.461067 -0.304533 0.462786 0.376833 
1.266670 0.084136 -0.052544 0.671141 -0.342172 0.464178 0.370879 
1.300000 0.085924 -0.058474 0.759593 -0.290684 0.466679 0.369520 
1.333330 0.088167 -0.047279 0.714581 -0.257597 0.468905 0.366681 
1.366670 0.091718 -0.028148 0.686287 -0.245877 0.471699 0.365400 
1.400000 0.091187 -0.003622 0.706419 -0.245044 0.473567 0.362646 
1.433330 0.080989 0.013462 0.476539 -0.182923 0.478141 0.363598 
1.466670 0.068198 0.028576 -0.023242 -0.179771 0.479808 0.363341 
1.500000 0.072196 0.041457 -0.387726 -0.212075 0.482664 0.364166 
1.533330 0.098535 0.046105 -0.495962 -0.225260 0.483490 0.364677 
1.566670 0.120704 0.032679 -0.585359 -0.218804 0.489761 0.366364 
1.600000 0.119721 0.015752 -0.720072 -0.260229 0.494222 0.365843 
1.633330 0.120677 0.004844 -0.809488 -0.292956 0.497819 0.363351 
1.666670 0.139412 -0.004016 -0.727042 -0.282005 0.498643 0.364663 
1.700000 0.149830 -0.004044 -0.247058 -0.346522 0.507619 0.361591 
1.733330 0.131793 -0.013654 0.531345 -0.346241 0.511040 0.359461 
1.766670 0.103453 -0.022680 1.055835 -0.269116 0.513160 0.358676 
1.800000 0.089414 -0.016142 1.019255 -0.277187 0.517258 0.355067 
1.833330 0.088763 -0.019890 0.725721 -0.193412 0.519134 0.357253 
1.866670 0.103853 -0.009460 0.662056 -0.226739 0.522844 0.352849 
1.900000 0.124551 0.002850 0.812397 -0.197998 0.524820 0.353547 
1.933330 0.132472 0.006834 0.653707 -0.140781 0.530730 0.352310 
1.966670 0.117814 0.003800 0.010850 -0.127301 0.535768 0.352883 
2.000000 0.100807 -0.001570 -0.687581 -0.164059 0.538120 0.351453 
2.033330 0.098869 -0.009181 -1.048159 -0.174480 0.540617 0.351709 
2.066670 0.101747 -0.007082 -1.046744 -0.233216 0.545109 0.349904 
2.100000 0.098097 -0.006416 -0.904417 -0.257902 0.548109 0.348893 
2.133330 0.095847 -0.008088 -0.785963 -0.271585 0.550836 0.348395 
2.166670 0.101070 -0.004399 -0.511660 -0.303214 0.553497 0.347303 
2.200000 0.111218 0.006049 0.114929 -0.328457 0.557917 0.344928 
2.233330 0.126941 0.007719 0.754025 -0.316334 0.560396 0.344864 
2.266670 0.137978 -0.015677 0.919805 -0.236532 0.564984 0.344849 
2.300000 0.128829 -0.029780 0.725101 -0.248016 0.570589 0.341089 
2.333330 0.109195 -0.035203 0.592079 -0.217735 0.573844 0.339296 
2.366670 0.107039 -0.024605 0.601607 -0.205077 0.575136 0.338438 
2.400000 0.119039 -0.009732 0.591168 -0.166244 0.580095 0.336401 
2.433330 0.125524 0.013048 0.429731 -0.179694 0.584128 0.335505 
2.466670 0.126380 0.019863 0.071262 -0.127218 0.588799 0.336273 
2.500000 0.130425 0.021738 -0.336688 -0.161526 0.591867 0.335798 
2.533330 0.136147 0.006934 -0.604878 -0.174963 0.597001 0.336696 
2.566670 0.131096 -0.010547 -0.822240 -0.198726 0.602063 0.334697 
2.600000 0.119230 -0.021175 -1.101151 -0.220717 0.605411 0.333501 
2.633330 0.116582 -0.014981 -1.134344 -0.244340 0.609588 0.332640 
2.666670 0.125750 0.016206 -0.627567 -0.347913 0.611247 0.329434 
2.700000 0.139682 0.018661 0.066524 -0.288102 0.618534 0.330232 
2.733330 0.151044 0.004094 0.422697 -0.300246 0.621531 0.330103 
2.766670 0.156782 -0.024177 0.431704 -0.283476 0.626826 0.327407 
2.800000 0.147516 -0.035098 0.459564 -0.253970 0.632055 0.324736 
2.833330 0.124789 -0.016702 0.838730 -0.263097 0.635286 0.321941 
2.866670 0.099733 0.001383 1.461585 -0.219504 0.640548 0.322052 
2.900000 0.088285 0.006253 1.638644 -0.170570 0.640872 0.320584 
2.933330 0.094496 -0.013548 0.860464 -0.078442 0.646987 0.321576 
2.966670 0.113962 -0.028873 -0.326873 -0.073253 0.646780 0.320975 
3.000000 0.133976 -0.010606 -0.952015 -0.158882 0.653379 0.317072 
3.033330 0.137364 0.009165 -0.958619 -0.163290 0.657314 0.317355 
3.066670 0.132909 0.014289 -0.939333 -0.174846 0.661832 0.318897 
3.100000 0.131278 0.013195 -0.959048 -0.218021 0.666119 0.316947 
3.133330 0.133153 0.020906 -0.716432 -0.265968 0.670707 0.316189 
3.166670 0.134626 0.021003 -0.360703 -0.281063 0.673993 0.315607 
3.200000 0.138247 -0.009690 -0.199112 -0.252067 0.681364 0.316318 
3.233330 0.153927 -0.042649 -0.062177 -0.290658 0.682821 0.313547 
3.266670 0.173915 -0.056117 0.286335 -0.295906 0.687919 0.310147 
3.300000 0.174658 -0.043261 0.644243 -0.255204 0.694477 0.304987 
3.333330 0.162058 -0.014729 0.782861 -0.237724 0.699513 0.304444 
3.366670 0.152723 -0.000343 0.772853 -0.213681 0.703111 0.302914 
3.400000 0.146733 -0.002030 0.671549 -0.189731 0.709355 0.301976 
3.433330 0.138743 -0.003353 0.398280 -0.172019 0.714213 0.301241 
3.466670 0.139780 0.006111 0.034104 -0.135877 0.717876 0.299586 
3.500000 0.150267 0.035525 -0.222412 -0.197495 0.721941 0.299633 
3.533330 0.155373 0.034623 -0.436037 -0.159853 0.728746 0.300891 
3.566670 0.144426 0.022694 -0.739403 -0.192591 0.734557 0.300464 
3.600000 0.139928 0.005884 -0.929957 -0.222454 0.737176 0.300827 
3.633330 0.150999 0.000572 -0.754134 -0.260246 0.742813 0.297847 
3.666670 0.162439 -0.006223 -0.342956 -0.284081 0.747330 0.297949 
3.700000 0.157487 -0.030223 -0.033877 -0.275600 0.753160 0.295667 
3.733330 0.140031 -0.051783 0.118593 -0.260979 0.758491 0.293461 
3.766670 0.133529 -0.042978 0.312611 -0.295101 0.760084 0.288405 
3.800000 0.138243 -0.031680 0.566668 -0.240864 0.764530 0.287922 
3.833330 0.145328 -0.019960 0.732661 -0.242010 0.770481 0.285807 
3.866670 0.142300 -0.022442 0.772117 -0.204822 0.773191 0.283301 
3.900000 0.138561 -0.019680 0.740695 -0.175258 0.779648 0.283047 
3.933330 0.147367 -0.000553 0.593469 -0.178488 0.782436 0.279934 
3.966670 0.163768 0.012513 0.208910 -0.124102 0.787011 0.280560 
4.000000 0.165317 0.022572 -0.292471 -0.139993 0.794985 0.280477 
4.033330 0.150772 0.017697 -0.619879 -0.177185 0.799546 0.280227 
4.066670 0.144871 0.001776 -0.744628 -0.177175 0.803623 0.280273 
4.100000 0.154522 -0.001043 -0.822121 -0.214164 0.808496 0.278341 
4.133330 0.163820 -0.000840 -0.870203 -0.241158 0.813750 0.277192 
4.166670 0.165714 -0.006733 -0.744641 -0.260804 0.820327 0.276756 
4.200000 0.172799 -0.010449 -0.304661 -0.296451 0.824267 0.273781 
4.233330 0.187340 -0.010076 0.311894 -0.302708 0.829196 0.272440 
4.266670 0.191654 -0.012305 0.744662 -0.257652 0.837015 0.269544 
4.300000 0.178102 -0.009423 0.891195 -0.237241 0.842290 0.267962 
4.333330 0.159305 -0.009594 0.947086 -0.216149 0.847665 0.266463 
4.366670 0.149718 -0.011880 0.997586 -0.177255 0.852730 0.265596 
4.400000 0.152517 -0.008442 0.922607 -0.138136 0.856846 0.263275 
4.433330 0.161114 0.003270 0.545464 -0.137116 0.862657 0.263434 
4.466670 0.166593 -0.000480 -0.120087 -0.069340 0.867907 0.262689 
4.500000 0.165063 0.013875 -0.697383 -0.144833 0.873693 0.262271 
4.533330 0.160641 0.012438 -0.871349 -0.151322 0.878942 0.262066 
4.566670 0.155807 0.010800 -0.793891 -0.185691 0.884363 0.261502 
4.600000 0.150064 0.001139 -0.758084 -0.204882 0.888937 0.260833 
4.633330 0.142148 -0.012450 -0.792527 -0.228353 0.894570 0.259661 
4.666670 0.140070 -0.025402 -0.675107 -0.254794 0.898551 0.257892 
4.700000 0.153588 -0.032308 -0.233493 -0.286256 0.902111 0.255362 
4.733330 0.175237 -0.037574 0.372293 -0.278320 0.907695 0.253404 
4.766670 0.187202 -0.034593 0.802827 -0.250661 0.912884 0.249994 
4.800000 0.181471 -0.019093 0.958051 -0.214188 0.919510 0.247035 
4.833330 0.169036 0.002963 1.011852 -0.192256 0.924851 0.246025 
4.866670 0.162585 0.016393 1.056399 -0.158924 0.929868 0.246369 
4.900000 0.161366 0.023474 0.966112 -0.113978 0.935522 0.245140 
4.933330 0.157706 0.028999 0.591090 -0.094621 0.941253 0.245394 
4.966670 0.154253 0.018643 -0.055809 -0.073893 0.946233 0.247104 
5.000000 0.159322 0.000555 -0.717671 -0.081630 0.951572 0.246874 
5.033330 0.179508 -0.006074 -1.111355 -0.142261 0.956345 0.244687 
5.066670 0.210767 -0.012455 -1.247221 -0.170177 0.963730 0.244838 
5.100000 0.236004 -0.018883 -1.163697 -0.181479 0.968973 0.242981 
5.133330 0.235143 0.002918 -0.709482 -0.277012 0.979748 0.239540 
5.166670 0.209338 0.001036 -0.017655 -0.250437 0.985636 0.238296 
5.200000 0.183135 0.000280 0.491039 -0.244193 0.991483 0.237098 
5.233330 0.167335 -0.010011 0.701965 -0.218747 0.997606 0.235461 
5.266670 0.159422 -0.017530 0.797130 -0.208034 1.002900 0.233823 
5.300000 0.158168 -0.024942 0.895645 -0.160582 1.007220 0.232102 
5.333330 0.162950 -0.020784 0.978181 -0.150113 1.012750 0.230269 
5.366670 0.167013 -0.015992 0.883837 -0.108685 1.018420 0.229606 
5.400000 0.169914 -0.001910 0.464072 -0.071428 1.023380 0.227804 
5.433330 0.170933 0.022608 -0.123120 -0.072771 1.029510 0.227936 
5.466670 0.166828 0.038744 -0.524976 -0.090589 1.035190 0.228936 
5.500000 0.157972 0.035540 -0.607634 -0.113412 1.040660 0.229985 
5.533330 0.148025 0.018807 -0.583505 -0.134747 1.045980 0.230059 
5.566670 0.143243 -0.000418 -0.710887 -0.147376 1.050980 0.229746 
5.600000 0.148560 -0.018003 -0.865951 -0.156842 1.054720 0.228115 
5.633330 0.163081 -0.026074 -0.664351 -0.223664 1.060530 0.227547 
5.666670 0.176725 -0.035369 -0.122446 -0.231757 1.065580 0.224711 
5.700000 0.183179 -0.035221 0.357977 -0.199122 1.070750 0.221180 
5.733330 0.183494 -0.017171 0.655044 -0.197599 1.077340 0.220216 
5.766670 0.179186 0.000846 0.899495 -0.184748 1.083130 0.218223 
5.800000 0.175016 0.007752 1.071090 -0.122325 1.087930 0.217695 
5.833330 0.174190 0.018400 1.092178 -0.109422 1.095820 0.217295 
5.866670 0.184071 0.017444 0.915985 -0.064789 1.099680 0.218050 
5.900000 0.200342 0.015543 0.488393 -0.036390 1.106260 0.217590 
5.933330 0.206794 0.012070 -0.060613 -0.022240 1.114580 0.217979 
5.966670 0.199724 0.008856 -0.459651 -0.051855 1.120600 0.218606 
6.000000 0.191640 -0.002776 -0.664225 -0.066383 1.126870 0.218301 
6.033330 0.187114 -0.008162 -0.830693 -0.079746 1.133480 0.217207 
6.066670 0.184463 -0.000114 -0.961331 -0.118225 1.139580 0.216211 
6.100000 0.184021 0.005051 -0.907398 -0.153398 1.145340 0.215797 
6.133330 0.185300 -0.000038 -0.588559 -0.176804 1.151740 0.215646 
6.166670 0.184639 -0.007735 -0.022413 -0.188875 1.157670 0.213309 
6.200000 0.182751 -0.010440 0.616981 -0.192686 1.163870 0.211939 
6.233330 0.182703 -0.014661 0.977656 -0.147737 1.169300 0.211490 
6.266670 0.181554 -0.012912 0.930000 -0.100688 1.175240 0.208461 
6.300000 0.172016 -0.004624 0.813697 -0.086643 1.181770 0.208892 
6.333330 0.155883 0.001006 0.902128 -0.078067 1.187130 0.208573 
6.366670 0.146713 0.001277 0.962315 -0.018655 1.191800 0.207498 
6.400000 0.153327 0.009942 0.667131 -0.000715 1.196420 0.207645 
6.433330 0.171035 0.009979 0.078670 0.029918 1.202120 0.209223 
6.466670 0.188074 0.013198 -0.479682 0.001364 1.207840 0.208665 
6.500000 0.195615 0.010102 -0.785710 -0.012737 1.214610 0.209232 
6.533330 0.188555 0.004927 -0.834812 -0.043179 1.220940 0.210028 
6.566670 0.174328 -0.003475 -0.753380 -0.078739 1.227920 0.208958 
6.600000 0.168808 -0.016827 -0.670599 -0.083768 1.232050 0.208146 
6.633330 0.179057 -0.019055 -0.572746 -0.120427 1.238350 0.208039 
6.666670 0.191799 -0.015975 -0.309528 -0.123344 1.243840 0.204845 
6.700000 0.194092 -0.000583 0.172556 -0.148459 1.251260 0.204600 
6.733330 0.187288 0.004153 0.699438 -0.118210 1.257100 0.204145 
6.766670 0.182133 0.007874 1.061174 -0.083580 1.263220 0.202964 
6.800000 0.181786 0.012155 1.179252 -0.060048 1.268880 0.203237 
6.833330 0.182307 0.001885 1.045329 -0.000509 1.275620 0.203300 
6.866670 0.183600 -0.005539 0.714496 0.016453 1.281620 0.204234 
6.900000 0.191923 -0.007541 0.323050 0.039264 1.287020 0.202388 
6.933330 0.204943 0.000136 -0.028841 0.041716 1.294550 0.203393 
6.966670 0.210297 0.005430 -0.352520 0.028533 1.300390 0.204076 
7.000000 0.203119 -0.000627 -0.656439 0.028709 1.309380 0.204123 
7.033330 0.192331 -0.000814 -0.825585 -0.010693 1.314050 0.204167 
7.066670 0.184125 0.001466 -0.804169 -0.046066 1.320750 0.203968 
7.100000 0.174899 0.004957 -0.736982 -0.059276 1.327570 0.203783 
7.133330 0.165913 0.010777 -0.653993 -0.072690 1.332330 0.203163 
7.166670 0.163214 0.017099 -0.365775 -0.120401 1.338010 0.203880 
7.200000 0.170113 0.003883 0.154877 -0.109193 1.343690 0.203424 
7.233330 0.180719 -0.019195 0.702939 -0.089686 1.349220 0.202389 
7.266670 0.185788 -0.032509 0.953366 -0.078814 1.354590 0.201995 
