0.7 -0.0295067 0.00184352 -0.732497 -4.52327 
0.733333 -0.0292238 0.00176903 -0.727399 -4.77902 
0.766667 -0.0290415 0.00166708 -0.723254 -5.03505 
0.8 -0.028859 0.0016538 -0.72021 -5.29127 
0.833333 -0.0286844 0.00172228 -0.719217 -5.54907 
0.866667 -0.0124572 0.00175811 -0.610835 -5.66317 
0.9 -0.00721967 0.000929382 -0.434797 -5.65599 
0.933333 -0.00334813 0.000434781 -0.306317 -5.64811 
0.966667 -0.000535483 -2.05149e-005 -0.216929 -5.6443 
1 0.00157113 -0.000414812 -0.152814 -5.64077 
1.03333 0.00308614 -0.000656341 -0.107443 -5.6381 
1.06667 0.00420619 -0.000800017 -0.0728011 -5.633 
1.1 0.00495657 -0.000918362 -0.0478124 -5.62776 
1.13333 0.0055457 -0.0010732 -0.0280518 -5.62037 
1.16667 0.00600129 -0.00120962 -0.0112969 -5.60994 
1.2 0.00630506 -0.00140398 0.00286349 -5.59699 
1.23333 0.00654578 -0.00154887 0.0159597 -5.58058 
1.26667 0.00672538 -0.00167969 0.0277584 -5.56133 
1.3 0.00681135 -0.00174582 0.0359291 -5.54243 
1.33333 0.00679622 -0.00174108 0.0407258 -5.52479 
1.36667 0.00687463 -0.00171445 0.0430677 -5.50845 
1.4 0.00706708 -0.00162643 0.0429154 -5.49427 
1.43333 0.00723291 -0.00154822 0.0404426 -5.48289 
1.46667 0.00740146 -0.00148604 0.0358064 -5.47488 
1.5 0.00763845 -0.00145085 0.0312757 -5.46829 
1.53333 0.0077593 -0.00148759 0.0271028 -5.46279 
1.56667 0.00795277 -0.00157349 0.0235271 -5.45798 
1.6 0.00815647 -0.00160799 0.0214863 -5.45255 
1.63333 0.00833478 -0.00166328 0.0218493 -5.44496 
1.66667 0.00841879 -0.00178533 0.0223954 -5.43703 
1.7 0.00850854 -0.00195403 0.0254829 -5.42592 
1.73333 0.00855798 -0.00205643 0.0294818 -5.4127 
1.76667 0.0085697 -0.00215089 0.0355438 -5.39572 
1.8 0.0085349 -0.00225454 0.0403151 -5.37824 
1.83333 0.00847246 -0.00234283 0.0459879 -5.35811 
1.86667 0.0084744 -0.00233202 0.0502707 -5.33772 
1.9 0.0084492 -0.00230925 0.0506251 -5.32055 
1.93333 0.0085046 -0.00228187 0.048832 -5.30579 
1.96667 0.00858859 -0.00213347 0.0457315 -5.29317 
2 0.00874197 -0.00201109 0.0411245 -5.28336 
2.03333 0.00894974 -0.00193934 0.0375433 -5.27388 
2.06667 0.0092563 -0.00187248 0.0338586 -5.26572 
2.1 0.00945562 -0.00186865 0.029125 -5.26002 
2.13333 0.00964761 -0.00196301 0.0269591 -5.25287 
2.16667 0.00977698 -0.00209717 0.0279366 -5.24273 
2.2 0.00977962 -0.00223188 0.0286278 -5.2326 
2.23333 0.00980694 -0.00238564 0.03084 -5.22045 
2.26667 0.00984533 -0.00251113 0.0353857 -5.2048 
2.3 0.00981669 -0.00262036 0.0414516 -5.18585 
2.33333 0.0097552 -0.00277233 0.0473005 -5.16512 
2.36667 0.00975597 -0.00287604 0.0533351 -5.14223 
2.4 0.00984658 -0.00276015 0.0574457 -5.1196 
2.43333 0.00992174 -0.00262373 0.0582578 -5.0995 
2.46667 0.0100495 -0.00251974 0.0575481 -5.08091 
2.5 0.0101747 -0.0024377 0.0531365 -5.06694 
2.53333 0.0102996 -0.00237677 0.0499432 -5.053 
2.56667 0.0104658 -0.0023715 0.0454287 -5.04168 
2.6 0.0105819 -0.00237666 0.0395197 -5.03351 
2.63333 0.0107269 -0.00243602 0.0354718 -5.02512 
2.66667 0.0108813 -0.00248916 0.0329503 -5.01627 
2.7 0.0109883 -0.00265823 0.0333773 -5.00478 
2.73333 0.0110468 -0.00278505 0.0362528 -4.99026 
2.76667 0.0110433 -0.00289392 0.0377731 -4.97638 
2.8 0.0109416 -0.00292775 0.0413005 -4.95963 
2.83333 0.0109532 -0.00304501 0.04713 -4.93898 
2.86667 0.0107971 -0.00316063 0.0534766 -4.91578 
2.9 0.0108185 -0.00336861 0.059369 -4.891 
2.93333 0.0108423 -0.00332225 0.0644983 -4.86515 
2.96667 0.0107771 -0.0033083 0.0656013 -4.84235 
3 0.010857 -0.00320196 0.0629959 -4.82356 
3.03333 0.0110609 -0.00315689 0.0599161 -4.80619 
3.06667 0.011256 -0.00302848 0.0547112 -4.79237 
3.1 0.0114301 -0.00290398 0.0474933 -4.78265 
3.13333 0.0115073 -0.00290564 0.0426451 -4.77254 
3.16667 0.0115676 -0.00301864 0.0391591 -4.76244 
3.2 0.0116171 -0.00319237 0.0373123 -4.75157 
3.23333 0.0116543 -0.00337549 0.0400528 -4.7359 
3.26667 0.0117028 -0.0035129 0.0416756 -4.72063 
3.3 0.0117282 -0.00363515 0.044397 -4.70353 
3.33333 0.011781 -0.00371943 0.0488977 -4.68341 
3.36667 0.0117172 -0.00375578 0.0557406 -4.65904 
3.4 0.0116813 -0.00378568 0.0617053 -4.63342 
3.43333 0.0115677 -0.00376113 0.0662096 -4.60753 
3.46667 0.0114776 -0.00369072 0.0669071 -4.58464 
3.5 0.0114287 -0.00357563 0.067952 -4.5611 
3.53333 0.0116083 -0.00362297 0.0656943 -4.54112 
3.56667 0.0116794 -0.0035809 0.0622986 -4.52323 
3.6 0.0117889 -0.00346847 0.0561552 -4.50971 
3.63333 0.0118157 -0.00319867 0.0491946 -4.49921 
3.66667 0.0119343 -0.00319838 0.041831 -4.4915 
3.7 0.0120743 -0.00313782 0.0386027 -4.48137 
3.73333 0.0121034 -0.00316057 0.0370712 -4.47031 
3.76667 0.0119959 -0.00323358 0.0365105 -4.45862 
3.8 0.0119861 -0.00332004 0.0386937 -4.44387 
3.83333 0.0119231 -0.00348049 0.0432641 -4.42558 
3.86667 0.0119064 -0.00363264 0.0475336 -4.40611 
3.9 0.0118644 -0.00370371 0.0531858 -4.3836 
3.93333 0.0117773 -0.00370843 0.058664 -4.3594 
3.96667 0.011744 -0.00372625 0.0617513 -4.3362 
4 0.0117289 -0.00368304 0.0646188 -4.31223 
4.03333 0.011681 -0.00357466 0.0648399 -4.29043 
4.06667 0.0116732 -0.00350494 0.0614312 -4.27284 
4.1 0.0117858 -0.00345063 0.057949 -4.25648 
4.13333 0.0118091 -0.00341856 0.053786 -4.24208 
4.16667 0.0119521 -0.00338259 0.048834 -4.22999 
4.2 0.0120635 -0.00340733 0.0435829 -4.21991 
4.23333 0.0122498 -0.00341865 0.0401088 -4.20949 
4.26667 0.0122368 -0.00345809 0.0389337 -4.19751 
4.3 0.0122128 -0.00351338 0.0390421 -4.1844 
4.33333 0.0122443 -0.00364931 0.0414551 -4.16854 
4.36667 0.0122681 -0.00374954 0.0441057 -4.15159 
4.4 0.0121959 -0.00388955 0.0488432 -4.13129 
4.43333 0.012148 -0.0039878 0.0536301 -4.10936 
4.46667 0.0120461 -0.00408426 0.0591887 -4.08492 
4.5 0.0119945 -0.0040704 0.0642113 -4.05927 
