0.600000 0.044608 -0.030722 1.108580 -5.728600 0.715910 0.194823 
0.633333 0.042523 -0.027970 1.129220 -5.674630 0.717428 0.195597 
0.666667 0.048998 -0.023734 1.270602 -5.648550 0.717942 0.195099 
0.700000 0.062498 -0.024253 1.466704 -5.623400 0.720838 0.195551 
0.733333 0.069088 -0.026088 1.351832 -5.532840 0.723472 0.197160 
0.766667 0.070354 -0.019476 0.799859 -5.509980 0.724778 0.197040 
0.800000 0.064155 -0.015776 0.145255 -5.495300 0.727726 0.198842 
0.833333 0.052261 -0.021360 -0.295141 -5.506340 0.729068 0.200631 
0.866667 0.046786 -0.033357 -0.490282 -5.512230 0.730583 0.200286 
0.900000 0.056465 -0.036814 -0.550341 -5.542470 0.732532 0.200259 
0.933333 0.070624 -0.032393 -0.575109 -5.545220 0.735747 0.200739 
0.966667 0.082264 -0.027423 -0.565528 -5.576950 0.737504 0.202613 
1.000000 0.089271 -0.030679 -0.437418 -5.585340 0.740421 0.202957 
1.033330 0.091428 -0.034065 -0.147156 -5.610020 0.743609 0.204385 
1.066670 0.086172 -0.039930 0.262980 -5.593300 0.747135 0.205363 
1.100000 0.081201 -0.042926 0.720611 -5.590770 0.749355 0.206155 
1.133330 0.077235 -0.046204 1.121338 -5.552280 0.752704 0.205980 
1.166670 0.072036 -0.049532 1.351549 -5.509690 0.756101 0.207444 
1.200000 0.063180 -0.055090 1.397051 -5.457010 0.757833 0.207522 
1.233330 0.052350 -0.053745 1.300721 -5.426150 0.761224 0.207667 
1.266670 0.041160 -0.041229 1.057698 -5.368890 0.763946 0.207866 
1.300000 0.045350 -0.021955 0.693354 -5.343490 0.765161 0.208453 
1.333330 0.069753 -0.009931 0.269828 -5.340550 0.765846 0.208622 
1.366670 0.098151 -0.014037 -0.154917 -5.315150 0.768432 0.211668 
1.400000 0.112912 -0.024426 -0.402174 -5.336680 0.770840 0.214713 
1.433330 0.112754 -0.036929 -0.344271 -5.372910 0.774048 0.216310 
1.466670 0.102540 -0.053558 -0.209803 -5.356670 0.777318 0.218936 
1.500000 0.094256 -0.060653 -0.251250 -5.365060 0.781278 0.220433 
1.533330 0.091875 -0.058619 -0.326171 -5.374320 0.783964 0.220384 
1.566670 0.088474 -0.053333 -0.190083 -5.400440 0.788326 0.222468 
1.600000 0.074403 -0.059600 0.112224 -5.392690 0.790797 0.223943 
1.633330 0.061452 -0.068519 0.425757 -5.375480 0.793729 0.224357 
1.666670 0.063836 -0.062004 0.745363 -5.370810 0.797138 0.223036 
1.700000 0.073571 -0.044399 1.078248 -5.332540 0.800170 0.224579 
1.733330 0.078225 -0.031771 1.332464 -5.294620 0.802144 0.226197 
1.766670 0.073151 -0.031165 1.462503 -5.236390 0.804269 0.228400 
1.800000 0.071236 -0.029438 1.432670 -5.208740 0.807031 0.229271 
1.833330 0.078247 -0.029465 1.083245 -5.147800 0.808145 0.230357 
1.866670 0.088280 -0.033066 0.419832 -5.103810 0.810542 0.233851 
1.900000 0.097490 -0.033335 -0.165285 -5.131830 0.812723 0.235763 
1.933330 0.105818 -0.037256 -0.331320 -5.132320 0.815594 0.237692 
1.966670 0.114128 -0.042572 -0.186475 -5.148570 0.817228 0.241535 
2.000000 0.117537 -0.049240 -0.103475 -5.153170 0.821326 0.243990 
2.033330 0.115903 -0.055038 -0.265465 -5.134920 0.824301 0.246439 
2.066670 0.114633 -0.056958 -0.408355 -5.160920 0.827532 0.249843 
2.100000 0.109805 -0.062325 -0.195894 -5.189790 0.830418 0.251675 
2.133330 0.097290 -0.069029 0.268182 -5.179340 0.834891 0.254464 
2.166670 0.085559 -0.071307 0.691355 -5.149820 0.838437 0.255848 
2.200000 0.085278 -0.070158 1.047444 -5.133850 0.840298 0.256751 
2.233330 0.087777 -0.068800 1.394608 -5.097670 0.845067 0.259162 
2.266670 0.082875 -0.066337 1.636066 -5.030110 0.847782 0.260844 
2.300000 0.080096 -0.057879 1.665504 -4.983410 0.850196 0.263540 
2.333330 0.089577 -0.042959 1.399260 -4.936820 0.852722 0.264405 
2.366670 0.107234 -0.027463 0.797053 -4.871890 0.855274 0.267676 
2.400000 0.119410 -0.016830 0.085992 -4.872940 0.855458 0.272331 
2.433330 0.117819 -0.023477 -0.358725 -4.890180 0.856716 0.275524 
2.466670 0.107413 -0.042496 -0.379695 -4.885830 0.858742 0.279366 
2.500000 0.098464 -0.053127 -0.151120 -4.928940 0.860971 0.282409 
2.533330 0.092245 -0.063025 -0.060886 -4.902000 0.863634 0.284900 
2.566670 0.097160 -0.067789 -0.273651 -4.898800 0.866501 0.287233 
2.600000 0.109227 -0.071917 -0.408103 -4.924130 0.868757 0.290544 
2.633330 0.118452 -0.075265 -0.035230 -4.947140 0.872611 0.293508 
2.666670 0.117200 -0.074122 0.662928 -4.937680 0.875852 0.297036 
2.700000 0.105182 -0.064168 1.100521 -4.895840 0.879036 0.299940 
2.733330 0.090968 -0.047809 1.083476 -4.833730 0.881570 0.303535 
2.766670 0.088066 -0.035861 1.043748 -4.829580 0.883757 0.305442 
2.800000 0.092933 -0.052070 1.354148 -4.792310 0.883073 0.308138 
2.833330 0.097759 -0.079480 1.793127 -4.735530 0.887139 0.312775 
2.866670 0.098586 -0.082666 1.842339 -4.668900 0.888998 0.313400 
2.900000 0.097837 -0.059200 1.252471 -4.604630 0.894970 0.319525 
2.933330 0.103267 -0.044961 0.341934 -4.565270 0.890832 0.322428 
2.966670 0.124820 -0.052774 -0.283088 -4.596040 0.894549 0.324394 
3.000000 0.146642 -0.065160 -0.443730 -4.616690 0.895225 0.330226 
3.033330 0.141769 -0.066170 -0.464282 -4.601430 0.898111 0.337038 
3.066670 0.119065 -0.054699 -0.510671 -4.632610 0.898786 0.339939 
3.100000 0.098086 -0.057028 -0.437011 -4.658120 0.900632 0.344230 
3.133330 0.090123 -0.075264 -0.132302 -4.650560 0.901738 0.347131 
3.166670 0.097334 -0.086689 0.372763 -4.667980 0.905141 0.349963 
3.200000 0.104805 -0.085794 0.871393 -4.646620 0.908427 0.353923 
3.233330 0.105075 -0.078821 1.118554 -4.584140 0.910010 0.357800 
3.266670 0.106848 -0.064093 1.189764 -4.566130 0.912013 0.361612 
3.300000 0.107698 -0.051124 1.340749 -4.522500 0.914020 0.364759 
3.333330 0.106190 -0.041457 1.548501 -4.481670 0.913991 0.369888 
3.366670 0.097277 -0.040560 1.558095 -4.410850 0.914274 0.372027 
3.400000 0.088415 -0.036461 1.245507 -4.374010 0.914980 0.377086 
3.433330 0.090319 -0.035534 0.716651 -4.326360 0.915119 0.378893 
3.466670 0.110322 -0.044312 0.167669 -4.330070 0.914949 0.382735 
3.500000 0.129375 -0.066890 -0.231346 -4.311790 0.914074 0.385691 
3.533330 0.131777 -0.071029 -0.412716 -4.352630 0.915918 0.393541 
3.566670 0.116435 -0.064654 -0.446776 -4.341950 0.916411 0.397663 
3.600000 0.112620 -0.054240 -0.413079 -4.371590 0.916778 0.399943 
3.633330 0.117368 -0.058728 -0.285574 -4.373600 0.916884 0.405389 
3.666670 0.118353 -0.066362 -0.044182 -4.395740 0.917889 0.410038 
3.700000 0.110364 -0.077748 0.257390 -4.373120 0.918898 0.414174 
3.733330 0.108270 -0.081829 0.591827 -4.373380 0.919804 0.418310 
3.766670 0.108853 -0.082482 0.936021 -4.344140 0.922465 0.422474 
3.800000 0.105891 -0.078561 1.192553 -4.308160 0.922052 0.427429 
3.833330 0.096543 -0.072658 1.324451 -4.255680 0.923960 0.431207 
3.866670 0.091377 -0.063183 1.433182 -4.222410 0.924272 0.435326 
3.900000 0.094956 -0.057979 1.538210 -4.172610 0.924447 0.438504 
3.933330 0.103576 -0.055990 1.449144 -4.114320 0.924229 0.441894 
3.966670 0.108416 -0.049850 0.981373 -4.073760 0.924105 0.446904 
4.000000 0.109027 -0.045369 0.274112 -4.038820 0.922316 0.450877 
4.033330 0.114940 -0.048027 -0.186788 -4.042890 0.921674 0.452936 
4.066670 0.124005 -0.052334 -0.140280 -4.094700 0.920570 0.458384 
4.100000 0.120071 -0.065712 0.014789 -4.050790 0.919150 0.463248 
4.133330 0.117066 -0.067772 -0.146735 -4.057170 0.919373 0.466971 
4.166670 0.120776 -0.068134 -0.394082 -4.060540 0.918052 0.471704 
4.200000 0.127854 -0.065159 -0.302455 -4.108330 0.918703 0.476129 
4.233330 0.119585 -0.076063 0.103778 -4.082410 0.915949 0.481334 
4.266670 0.108883 -0.081715 0.522435 -4.089020 0.917476 0.486027 
4.300000 0.104380 -0.082804 0.787401 -4.053620 0.917277 0.490011 
4.333330 0.108193 -0.076574 0.967463 -4.022610 0.917948 0.494339 
4.366670 0.105992 -0.069105 1.209585 -4.000760 0.915849 0.499499 
4.400000 0.092584 -0.065147 1.500716 -3.949270 0.916562 0.502722 
4.433330 0.082755 -0.065406 1.640055 -3.890620 0.915045 0.506949 
