0.066667 0.059300 0.014362 2.162039 -0.634126 0.449287 0.358424 
0.100000 0.061243 0.004755 1.704932 -0.545521 0.451907 0.357570 
0.133333 0.067982 -0.009455 0.670728 -0.507235 0.453317 0.354876 
0.166667 0.083925 -0.016466 -0.245776 -0.524474 0.455169 0.353024 
0.200000 0.106139 -0.018416 -0.660211 -0.531831 0.457016 0.351995 
0.233333 0.125118 -0.019165 -0.685389 -0.565350 0.461092 0.349216 
0.266667 0.125825 -0.020277 -0.565847 -0.578174 0.463583 0.345689 
0.300000 0.108803 -0.018754 -0.378367 -0.593767 0.467226 0.342933 
0.333333 0.091923 -0.023134 0.003289 -0.600323 0.469513 0.340835 
0.366667 0.091679 -0.030711 0.598438 -0.613144 0.470966 0.338936 
0.400000 0.096603 -0.037120 1.109540 -0.562318 0.472328 0.336140 
0.433333 0.088167 -0.032300 1.303110 -0.511473 0.475801 0.332040 
0.466667 0.069122 -0.023585 1.325978 -0.484883 0.477296 0.330946 
0.500000 0.056435 -0.024945 1.366922 -0.434506 0.478368 0.329907 
0.533333 0.056141 -0.029751 1.334154 -0.391586 0.479695 0.327955 
0.566667 0.062792 -0.027433 1.017792 -0.344059 0.481778 0.325886 
0.600000 0.075179 -0.016045 0.377072 -0.317233 0.482389 0.324847 
0.633333 0.087935 -0.006976 -0.304305 -0.312047 0.485894 0.323185 
0.666667 0.094519 -0.007231 -0.574079 -0.335581 0.488738 0.323153 
0.700000 0.098000 -0.011467 -0.381115 -0.386925 0.491726 0.320728 
0.733333 0.100956 -0.022953 -0.246044 -0.355938 0.493624 0.319330 
0.766667 0.101024 -0.029349 -0.448175 -0.354783 0.497891 0.317514 
0.800000 0.096015 -0.026560 -0.602684 -0.407713 0.499559 0.315224 
0.833333 0.089622 -0.024492 -0.395977 -0.423104 0.502996 0.312336 
0.866667 0.089482 -0.028691 0.068136 -0.405962 0.504041 0.311987 
0.900000 0.090916 -0.032242 0.681146 -0.422554 0.507264 0.309250 
0.933333 0.081941 -0.032448 1.321656 -0.379852 0.509857 0.306248 
0.966667 0.072360 -0.021742 1.729205 -0.320978 0.511139 0.304909 
1.000000 0.075200 -0.010510 1.806835 -0.248787 0.513431 0.304270 
1.033330 0.088041 -0.007152 1.622357 -0.225479 0.515998 0.302279 
1.066670 0.096623 -0.026190 1.172214 -0.132371 0.518937 0.303071 
1.100000 0.096407 -0.040058 0.566487 -0.126072 0.522643 0.300505 
1.133330 0.092661 -0.037234 0.098909 -0.119589 0.525160 0.298345 
1.166670 0.094790 -0.017721 -0.099361 -0.112462 0.527963 0.297191 
1.200000 0.098226 -0.000610 -0.181014 -0.137196 0.530458 0.296193 
1.233330 0.092897 -0.010425 -0.324419 -0.112094 0.535718 0.297428 
1.266670 0.088907 -0.027111 -0.493674 -0.151841 0.537331 0.294952 
1.300000 0.098432 -0.039442 -0.527840 -0.159209 0.539370 0.293965 
1.333330 0.112543 -0.036304 -0.361054 -0.180636 0.543443 0.291539 
1.366670 0.113161 -0.028544 -0.015142 -0.186268 0.547375 0.289867 
1.400000 0.104971 -0.025670 0.451079 -0.178723 0.550604 0.288490 
1.433330 0.104162 -0.031113 0.860651 -0.169877 0.553673 0.286897 
1.466670 0.107189 -0.046610 1.015220 -0.106874 0.556143 0.286048 
1.500000 0.099884 -0.049655 0.987477 -0.092264 0.560802 0.282578 
1.533330 0.076235 -0.041415 1.053860 -0.051814 0.563848 0.281623 
1.566670 0.060478 -0.026455 1.253609 -0.035015 0.565241 0.279452 
1.600000 0.065634 -0.022320 1.296215 0.036442 0.566652 0.280469 
1.633330 0.084584 -0.023416 0.949489 0.063882 0.569976 0.278159 
1.666670 0.102359 -0.025557 0.325630 0.097200 0.572989 0.278698 
1.700000 0.116046 -0.020458 -0.196451 0.096253 0.576540 0.277728 
1.733330 0.123961 -0.011030 -0.333955 0.064955 0.580817 0.277310 
1.766670 0.124251 -0.014583 -0.247757 0.060923 0.585171 0.277568 
1.800000 0.118464 -0.030880 -0.296977 0.069475 0.588798 0.277990 
1.833330 0.110265 -0.039355 -0.464451 0.054173 0.593228 0.275896 
1.866670 0.106874 -0.032361 -0.445743 0.021761 0.596792 0.274422 
1.900000 0.118058 -0.029601 -0.179750 0.011109 0.600334 0.273956 
1.933330 0.137578 -0.044677 0.203717 0.032693 0.603194 0.273988 
1.966670 0.138370 -0.052579 0.724931 0.021800 0.609472 0.271534 
2.000000 0.126896 -0.057770 1.036606 0.061229 0.615799 0.268812 
