0.238 20 -30 
0.348 20 -30 
0.44 20 -30 
0.504 20 -30 
0.597 20 -30 
0.675 20 -30 
0.753 20 -30 
0.83 20 -30 
0.908 20 -30 
0.988 20 -30 
1.066 20 -30 
1.128 20 -30 
1.19 20 -30 
1.252 20 -30 
1.331 20 -30 
1.393 20 -30 
1.456 20 -30 
1.519 20 -30 
1.582 20 -30 
1.66 20 -30 
1.738 20 -30 
1.831 20 -30 
1.909 20 -30 
1.987 20 -30 
2.05 20 -30 
2.129 20 -30 
2.207 20 -30 
2.3 20 -30 
2.378 20 -30 
2.441 20 -30 
2.534 20 -30 
2.597 20 -30 
2.659 20 -30 
2.737 20 -30 
2.816 20 -30 
2.893 20 -30 
2.988 20 -30 
3.05 20 -30 
3.127 20 -30 
3.221 20 -30 
3.315 20 -30 
3.394 20 -30 
3.457 20 -30 
3.518 20 -30 
3.581 20 -30 
3.66 20 -30 
3.722 20 -30 
3.801 20 -30 
3.895 20 -30 
3.972 20 -30 
4.05 20 -30 
4.129 20 -30 
4.206 20 -30 
4.284 20 -30 
4.347 20 -30 
4.424 20 -30 
4.502 20 -30 
4.628 20 -30 
4.721 20 -30 
4.784 20 -30 
4.847 20 -30 
4.956 20 -30 
5.018 20 -30 
5.082 20 -30 
5.16 20 -30 
5.253 20 -30 
5.332 20 -30 
5.394 20 -30 
5.457 20 -30 
5.519 20 -30 
5.598 20 -30 
5.691 20 -30 
5.77 20 -30 
5.862 20 -30 
5.941 20 -30 
6.019 20 -30 
6.097 20 -30 
6.159 20 -30 
6.222 20 -30 
6.285 20 -30 
6.346 20 -30 
6.425 20 -30 
6.488 20 -30 
6.565 20 -30 
6.628 20 -30 
6.691 20 -30 
6.753 20 -30 
6.815 20 -30 
6.894 20 -30 
6.957 20 -30 
7.034 20 -30 
7.129 20 -30 
7.207 20 -30 
7.3 20 -30 
7.362 20 -30 
7.425 20 -30 
7.487 20 -30 
7.55 20 -30 
7.629 20 -30 
7.706 20 -30 
7.799 20 -30 
7.878 20 -30 
7.971 20 -30 
8.05 20 -30 
8.127 20 -30 
8.19 20 -30 
8.285 20 -30 
8.346 20 -30 
8.457 20 -30 
8.535 20 -30 
8.597 20 -30 
8.66 20 -30 
8.754 20 -30 
8.815 20 -30 
8.894 20 -30 
8.987 20 -30 
9.065 20 -30 
9.159 20 -30 
9.222 20 -30 
9.301 20 -30 
9.378 20 -30 
9.456 20 -30 
9.518 20 -30 
9.596 20 -30 
9.691 20 -30 
9.752 20 -30 
9.83 20 -30 
9.893 20 -30 
9.94 20 -30 
10.018 20 -30 
10.097 20 -30 
10.16 20 -30 
10.221 20 -30 
10.332 20 -30 
10.409 20 -30 
10.504 20 -30 
10.612 20 -30 
10.69 20 -30 
10.753 20 -30 
10.847 20 -30 
10.926 20 -30 
11.003 20 -30 
11.081 20 -30 
11.158 20 -30 
11.222 20 -30 
11.3 20 -30 
11.362 20 -30 
11.424 20 -30 
11.518 20 -30 
11.597 20 -30 
11.675 20 -30 
11.738 20 -30 
11.831 20 -30 
11.925 20 -30 
11.988 20 -30 
12.065 20 -30 
12.13 20 -30 
12.207 20 -30 
12.284 20 -30 
12.347 20 -30 
12.409 20 -30 
12.503 20 -30 
12.581 20 -30 
12.691 20 -30 
12.753 20 -30 
12.816 20 -30 
12.894 20 -30 
12.956 20 -30 
13.049 20 -30 
13.144 20 -30 
13.221 20 -30 
13.299 20 -30 
13.362 20 -30 
13.425 20 -30 
13.488 20 -30 
13.581 20 -30 
13.66 20 -30 
13.721 20 -30 
13.799 20 -30 
13.894 20 -30 
13.957 20 -30 
14.019 20 -30 
14.113 20 -30 
14.19 20 -30 
14.254 20 -30 
14.331 20 -30 
14.425 20 -30 
14.503 20 -30 
14.566 20 -30 
14.643 20 -30 
14.722 20 -30 
14.784 20 -30 
14.862 20 -30 
14.925 20 -30 
15.018 20 -30 
15.081 20 -30 
15.144 20 -30 
15.222 20 -30 
15.3 20 -30 
15.362 20 -30 
