0.28 20 -30 
0.372 20 -30 
0.467 20 -30 
0.561 20 -30 
0.67 20 -30 
0.78 20 -30 
0.873 20 -30 
0.95 20 -30 
1.013 20 -30 
1.091 20 -30 
1.169 20 -30 
1.279 20 -30 
1.356 20 -30 
1.419 20 -30 
1.544 20 -30 
1.653 20 -30 
1.717 20 -30 
1.81 20 -30 
1.889 20 -30 
1.998 20 -30 
2.107 20 -30 
2.185 20 -30 
2.28 20 -30 
2.357 20 -30 
2.42 20 -30 
2.483 20 -30 
2.546 20 -30 
2.607 20 -30 
2.669 20 -30 
2.748 20 -30 
2.809 20 -30 
2.888 20 -30 
2.982 20 -30 
3.076 20 -30 
3.17 20 -30 
3.263 20 -30 
3.342 20 -30 
3.403 20 -30 
3.467 20 -30 
3.592 20 -30 
3.686 20 -30 
3.748 20 -30 
3.81 20 -30 
3.873 20 -30 
3.951 20 -30 
4.03 20 -30 
4.139 20 -30 
4.201 20 -30 
4.279 20 -30 
4.356 20 -30 
4.434 20 -30 
4.512 20 -30 
4.575 20 -30 
4.639 20 -30 
4.701 20 -30 
4.795 20 -30 
4.872 20 -30 
4.951 20 -30 
5.044 20 -30 
5.107 20 -30 
5.185 20 -30 
5.279 20 -30 
5.358 20 -30 
5.436 20 -30 
5.497 20 -30 
5.592 20 -30 
5.686 20 -30 
5.749 20 -30 
5.81 20 -30 
5.874 20 -30 
5.966 20 -30 
6.059 20 -30 
6.137 20 -30 
6.217 20 -30 
6.309 20 -30 
6.373 20 -30 
6.45 20 -30 
6.513 20 -30 
6.606 20 -30 
6.669 20 -30 
6.748 20 -30 
6.81 20 -30 
6.873 20 -30 
6.951 20 -30 
7.061 20 -30 
7.154 20 -30 
7.247 20 -30 
7.31 20 -30 
7.389 20 -30 
7.451 20 -30 
7.56 20 -30 
7.624 20 -30 
7.685 20 -30 
7.748 20 -30 
7.825 20 -30 
7.904 20 -30 
7.982 20 -30 
8.044 20 -30 
8.139 20 -30 
8.216 20 -30 
8.295 20 -30 
8.389 20 -30 
8.482 20 -30 
8.544 20 -30 
8.622 20 -30 
8.7 20 -30 
8.794 20 -30 
8.872 20 -30 
8.966 20 -30 
9.045 20 -30 
9.108 20 -30 
9.186 20 -30 
9.263 20 -30 
9.342 20 -30 
9.421 20 -30 
9.498 20 -30 
9.591 20 -30 
9.685 20 -30 
9.748 20 -30 
9.825 20 -30 
9.903 20 -30 
9.982 20 -30 
10.045 20 -30 
10.107 20 -30 
10.185 20 -30 
10.295 20 -30 
10.403 20 -30 
10.498 20 -30 
10.575 20 -30 
10.669 20 -30 
10.748 20 -30 
10.811 20 -30 
10.889 20 -30 
10.983 20 -30 
11.076 20 -30 
11.155 20 -30 
11.232 20 -30 
11.309 20 -30 
11.387 20 -30 
11.482 20 -30 
11.56 20 -30 
11.653 20 -30 
11.717 20 -30 
11.811 20 -30 
11.872 20 -30 
11.951 20 -30 
12.029 20 -30 
12.139 20 -30 
12.217 20 -30 
12.31 20 -30 
12.388 20 -30 
12.452 20 -30 
12.513 20 -30 
12.591 20 -30 
12.686 20 -30 
12.764 20 -30 
12.841 20 -30 
12.936 20 -30 
13.012 20 -30 
13.076 20 -30 
13.153 20 -30 
13.217 20 -30 
13.278 20 -30 
13.342 20 -30 
13.404 20 -30 
13.467 20 -30 
13.544 20 -30 
13.622 20 -30 
13.685 20 -30 
13.747 20 -30 
13.811 20 -30 
13.888 20 -30 
13.951 20 -30 
14.013 20 -30 
14.092 20 -30 
14.169 20 -30 
14.248 20 -30 
14.358 20 -30 
14.467 20 -30 
14.545 20 -30 
14.607 20 -30 
14.67 20 -30 
14.748 20 -30 
14.81 20 -30 
14.887 20 -30 
14.951 20 -30 
15.044 20 -30 
15.138 20 -30 
15.217 20 -30 
15.294 20 -30 
