0.418 20 -30 
0.496 20 -30 
0.591 20 -30 
0.668 20 -30 
0.762 20 -30 
0.84 20 -30 
0.918 20 -30 
0.982 20 -30 
1.043 20 -30 
1.121 20 -30 
1.184 20 -30 
1.262 20 -30 
1.341 20 -30 
1.434 20 -30 
1.513 20 -30 
1.591 20 -30 
1.685 20 -30 
1.748 20 -30 
1.842 20 -30 
1.919 20 -30 
1.998 20 -30 
2.06 20 -30 
2.137 20 -30 
2.216 20 -30 
2.277 20 -30 
2.356 20 -30 
2.418 20 -30 
2.482 20 -30 
2.543 20 -30 
2.606 20 -30 
2.684 20 -30 
2.746 20 -30 
2.81 20 -30 
2.888 20 -30 
3.012 20 -30 
3.076 20 -30 
3.169 20 -30 
3.263 20 -30 
3.34 20 -30 
3.403 20 -30 
3.467 20 -30 
3.545 20 -30 
3.638 20 -30 
3.717 20 -30 
3.778 20 -30 
3.856 20 -30 
3.919 20 -30 
3.981 20 -30 
4.059 20 -30 
4.137 20 -30 
4.216 20 -30 
4.324 20 -30 
4.388 20 -30 
4.45 20 -30 
4.513 20 -30 
4.607 20 -30 
4.668 20 -30 
4.748 20 -30 
4.826 20 -30 
4.919 20 -30 
4.981 20 -30 
5.044 20 -30 
5.122 20 -30 
5.232 20 -30 
5.31 20 -30 
5.388 20 -30 
5.481 20 -30 
5.56 20 -30 
5.684 20 -30 
5.746 20 -30 
5.81 20 -30 
5.871 20 -30 
5.95 20 -30 
6.028 20 -30 
6.137 20 -30 
6.216 20 -30 
6.326 20 -30 
6.387 20 -30 
6.45 20 -30 
6.512 20 -30 
6.606 20 -30 
6.684 20 -30 
6.762 20 -30 
6.856 20 -30 
6.919 20 -30 
6.982 20 -30 
7.06 20 -30 
7.123 20 -30 
7.201 20 -30 
7.279 20 -30 
7.372 20 -30 
7.449 20 -30 
7.527 20 -30 
7.591 20 -30 
7.715 20 -30 
7.778 20 -30 
7.856 20 -30 
7.919 20 -30 
7.982 20 -30 
8.075 20 -30 
8.154 20 -30 
8.262 20 -30 
8.341 20 -30 
8.419 20 -30 
8.481 20 -30 
8.559 20 -30 
8.622 20 -30 
8.731 20 -30 
8.809 20 -30 
8.903 20 -30 
8.966 20 -30 
9.044 20 -30 
9.121 20 -30 
9.184 20 -30 
9.246 20 -30 
9.31 20 -30 
9.371 20 -30 
9.45 20 -30 
9.529 20 -30 
9.606 20 -30 
9.684 20 -30 
9.747 20 -30 
9.809 20 -30 
9.871 20 -30 
9.95 20 -30 
10.013 20 -30 
10.076 20 -30 
10.154 20 -30 
10.248 20 -30 
10.326 20 -30 
10.387 20 -30 
10.481 20 -30 
10.559 20 -30 
10.638 20 -30 
10.717 20 -30 
10.778 20 -30 
10.84 20 -30 
10.919 20 -30 
11.013 20 -30 
11.075 20 -30 
11.184 20 -30 
11.247 20 -30 
11.324 20 -30 
11.403 20 -30 
11.465 20 -30 
11.56 20 -30 
11.653 20 -30 
11.732 20 -30 
11.809 20 -30 
11.873 20 -30 
11.966 20 -30 
12.076 20 -30 
12.154 20 -30 
12.232 20 -30 
12.325 20 -30 
12.388 20 -30 
12.451 20 -30 
12.513 20 -30 
12.591 20 -30 
12.668 20 -30 
12.762 20 -30 
12.824 20 -30 
12.95 20 -30 
13.012 20 -30 
13.074 20 -30 
13.169 20 -30 
13.247 20 -30 
13.325 20 -30 
13.404 20 -30 
13.482 20 -30 
13.544 20 -30 
13.622 20 -30 
13.685 20 -30 
13.748 20 -30 
13.81 20 -30 
13.873 20 -30 
13.951 20 -30 
14.012 20 -30 
14.076 20 -30 
14.153 20 -30 
14.231 20 -30 
14.324 20 -30 
14.388 20 -30 
14.45 20 -30 
14.513 20 -30 
14.574 20 -30 
14.652 20 -30 
14.715 20 -30 
14.779 20 -30 
14.856 20 -30 
14.95 20 -30 
15.013 20 -30 
15.075 20 -30 
15.154 20 -30 
15.216 20 -30 
15.278 20 -30 
15.341 20 -30 
