0.066667 0.050184 -0.000127 -0.558366 0.953161 0.777632 0.191629 
0.100000 0.057074 -0.010055 0.018882 0.946450 0.780683 0.192100 
0.133333 0.062904 -0.020270 1.007726 0.955349 0.783252 0.195199 
0.166667 0.056620 -0.016985 1.480057 1.030840 0.784266 0.195209 
0.200000 0.051996 -0.004467 1.368884 1.066320 0.785355 0.197074 
0.233333 0.051912 0.005828 0.944946 1.104580 0.786223 0.198326 
0.266667 0.052242 0.011693 0.428008 1.135260 0.786786 0.200464 
0.300000 0.052319 0.011860 -0.030950 1.134570 0.787046 0.201808 
0.333333 0.054550 0.004619 -0.268998 1.132090 0.787119 0.203914 
0.366667 0.059571 -0.002838 -0.271759 1.108440 0.788416 0.205334 
0.400000 0.067614 -0.006594 -0.286937 1.106050 0.789195 0.207334 
0.433333 0.079159 -0.008019 -0.494660 1.110690 0.791207 0.208864 
0.466667 0.090948 -0.010669 -0.596689 1.085430 0.791493 0.212138 
0.500000 0.090658 -0.017635 -0.149551 1.047810 0.794353 0.213075 
0.533333 0.069702 -0.028699 0.681803 1.051300 0.796180 0.217983 
0.566667 0.045523 -0.030677 1.234028 1.112660 0.798144 0.217222 
0.600000 0.047923 -0.014995 1.212248 1.161850 0.799741 0.217513 
0.633333 0.070630 0.005682 0.876362 1.171180 0.799649 0.219241 
0.666667 0.084972 0.013689 0.478596 1.217900 0.801503 0.223568 
0.700000 0.080774 0.015027 0.092318 1.210880 0.800745 0.225090 
0.733333 0.068996 0.005882 -0.171678 1.224390 0.802689 0.228185 
0.766667 0.058226 -0.004716 -0.230790 1.191550 0.801404 0.230051 
0.800000 0.053007 -0.011883 -0.211279 1.202830 0.804157 0.231686 
0.833333 0.054492 -0.008614 -0.292380 1.190500 0.805006 0.232366 
0.866667 0.056354 -0.006941 -0.403751 1.186990 0.804565 0.234851 
0.900000 0.053163 -0.010358 -0.281381 1.163260 0.807056 0.236535 
0.933333 0.049981 -0.015880 0.133647 1.148250 0.807283 0.237596 
0.966667 0.054672 -0.020645 0.583913 1.177690 0.808495 0.238846 
1.000000 0.067382 -0.020529 0.888106 1.207180 0.810426 0.240326 
1.033330 0.080101 -0.016040 1.093372 1.222040 0.811427 0.242544 
1.066670 0.082812 -0.015275 1.153120 1.271430 0.813172 0.244917 
1.100000 0.075004 -0.012714 0.921630 1.313800 0.813712 0.248087 
1.133330 0.068820 -0.001774 0.492196 1.339830 0.815664 0.250002 
1.166670 0.071516 0.013550 0.129748 1.334930 0.815293 0.250692 
1.200000 0.075419 0.018025 -0.094472 1.342700 0.815096 0.255564 
1.233330 0.078643 0.010075 -0.292349 1.332290 0.815584 0.257594 
1.266670 0.085913 -0.006863 -0.465327 1.339060 0.815572 0.258257 
1.300000 0.086814 -0.015609 -0.519791 1.277200 0.816613 0.263684 
1.333330 0.071335 -0.025106 -0.381504 1.319740 0.819581 0.265236 
1.366670 0.058285 -0.024463 0.037419 1.263590 0.819638 0.266362 
1.400000 0.056411 -0.027758 0.565839 1.267080 0.820292 0.268558 
1.433330 0.062850 -0.029447 0.816256 1.352090 0.824123 0.269848 
1.466670 0.075613 -0.019237 0.863027 1.334890 0.823355 0.271361 
1.500000 0.077545 -0.014531 1.076434 1.370090 0.825097 0.274424 
1.533330 0.066716 -0.011020 1.321929 1.406430 0.826745 0.277815 
1.566670 0.061361 -0.004918 1.114641 1.470330 0.825858 0.278182 
1.600000 0.074567 0.008548 0.374274 1.493500 0.827076 0.280535 
1.633330 0.094071 0.016157 -0.335350 1.507500 0.827557 0.283587 
1.666670 0.103424 0.008764 -0.419806 1.450490 0.824965 0.287621 
1.700000 0.097378 -0.013103 -0.097415 1.432560 0.825843 0.289757 
1.733330 0.070985 -0.024156 -0.067566 1.499910 0.829494 0.294279 
1.766670 0.048112 -0.009815 -0.396661 1.441790 0.828429 0.295876 
1.800000 0.053021 -0.005483 -0.567419 1.443020 0.828459 0.295647 
1.833330 0.079206 -0.010424 -0.326615 1.406370 0.829728 0.297841 
1.866670 0.092889 -0.025899 0.202331 1.420680 0.830475 0.302463 
1.900000 0.092634 -0.040655 0.867892 1.426110 0.831743 0.305602 
1.933330 0.094697 -0.048496 1.478448 1.471220 0.834379 0.305409 
1.966670 0.091781 -0.039597 1.674561 1.506430 0.835467 0.310630 
2.000000 0.070581 -0.026625 1.306534 1.634310 0.838215 0.315341 
2.033330 0.059546 -0.000626 0.675925 1.568970 0.836440 0.313477 
2.066670 0.067190 0.008483 0.062801 1.655540 0.837384 0.317598 
2.100000 0.081475 0.018496 -0.356340 1.621900 0.836840 0.319962 
2.133330 0.094540 0.011452 -0.284278 1.601120 0.835868 0.322354 
2.166670 0.103756 -0.014162 0.138875 1.581710 0.834408 0.325886 
2.200000 0.094975 -0.035203 0.143872 1.603790 0.836248 0.328742 
2.233330 0.066951 -0.027044 -0.486578 1.668780 0.838996 0.334403 
2.266670 0.050555 0.002662 -0.884498 1.548550 0.837824 0.332977 
2.300000 0.061608 0.002471 -0.434889 1.543250 0.836973 0.335876 
2.333330 0.088751 -0.020779 0.428187 1.559240 0.837771 0.337683 
2.366670 0.102629 -0.038769 1.082466 1.575990 0.838561 0.341661 
2.400000 0.094344 -0.033621 1.312079 1.620860 0.840767 0.345894 
2.433330 0.081205 -0.013042 1.174915 1.685070 0.841777 0.347440 
2.466670 0.077782 0.002870 0.848909 1.684050 0.839696 0.350992 
2.500000 0.081705 -0.003380 0.452100 1.738030 0.840294 0.352598 
2.533330 0.086303 -0.006019 0.058769 1.728200 0.839649 0.356105 
2.566670 0.087875 -0.000864 -0.156548 1.735330 0.840133 0.359181 
2.600000 0.086166 0.007792 -0.089568 1.713320 0.839002 0.361264 
2.633330 0.080721 0.003838 0.055078 1.717490 0.838216 0.364879 
2.666670 0.073201 -0.007432 -0.067898 1.729790 0.837499 0.366824 
2.700000 0.072558 -0.012218 -0.487674 1.723820 0.838370 0.369821 
2.733330 0.085116 -0.012543 -0.751695 1.704600 0.838482 0.371447 
2.766670 0.103376 -0.019907 -0.397362 1.655300 0.837935 0.375026 
2.800000 0.110556 -0.039767 0.434940 1.654420 0.837891 0.378708 
2.833330 0.099827 -0.048960 1.116657 1.705740 0.840424 0.383262 
2.866670 0.087684 -0.029774 1.245756 1.735050 0.841940 0.385848 
2.900000 0.083396 -0.010618 1.012140 1.802290 0.840890 0.388399 
2.933330 0.086575 -0.002303 0.836249 1.789870 0.840128 0.391981 
2.966670 0.092394 -0.012423 0.780844 1.835430 0.840325 0.394037 
3.000000 0.094494 -0.018473 0.579612 1.861540 0.839270 0.397103 
3.033330 0.086197 -0.011433 0.204112 1.888810 0.839741 0.401733 
3.066670 0.076480 0.007118 -0.102952 1.857690 0.838795 0.403340 
3.100000 0.079274 0.010689 -0.292469 1.871760 0.837654 0.405301 
3.133330 0.089636 -0.000501 -0.466375 1.858600 0.835766 0.407560 
3.166670 0.091732 -0.015643 -0.520998 1.839200 0.836419 0.411819 
3.200000 0.085470 -0.022922 -0.275428 1.814930 0.834999 0.414518 
3.233330 0.085778 -0.023381 0.180393 1.812840 0.836732 0.417250 
3.266670 0.097456 -0.024045 0.560113 1.833710 0.835844 0.419487 
3.300000 0.109006 -0.027906 0.756725 1.861620 0.835305 0.424500 
3.333330 0.113051 -0.028121 0.916946 1.881510 0.836077 0.427401 
3.366670 0.110496 -0.022909 1.084631 1.905820 0.835119 0.431786 
3.400000 0.101219 -0.020063 1.044767 1.959550 0.834984 0.434949 
3.433330 0.089008 -0.017120 0.698334 1.990440 0.833375 0.439030 
3.466670 0.082549 -0.011007 0.288950 2.008880 0.833424 0.440118 
3.500000 0.088784 0.001997 0.019481 1.983720 0.832656 0.444875 
3.533330 0.104380 0.002810 -0.203792 2.021410 0.830892 0.445228 
3.566670 0.115099 0.000697 -0.449467 1.983790 0.828491 0.449971 
3.600000 0.108936 -0.007583 -0.581910 1.976550 0.828250 0.453660 
3.633330 0.092594 -0.014859 -0.462668 1.952730 0.826363 0.457166 
3.666670 0.085219 -0.025562 -0.076298 1.939380 0.826093 0.459102 
3.700000 0.092063 -0.031967 0.431111 1.943560 0.826251 0.462290 
3.733330 0.098964 -0.028911 0.813682 1.968120 0.826756 0.466078 
3.766670 0.096613 -0.024629 0.977665 2.016050 0.824766 0.469911 
3.800000 0.095307 -0.019795 1.032582 2.018940 0.824932 0.472384 
3.833330 0.100011 -0.021243 1.040677 2.084760 0.823790 0.475152 
3.866670 0.104347 -0.011399 0.910072 2.089720 0.823195 0.479226 
3.900000 0.101442 -0.003637 0.555578 2.141880 0.820537 0.482739 
3.933330 0.102012 0.004778 0.116585 2.147990 0.819411 0.484432 
3.966670 0.106631 0.007186 -0.117499 2.133370 0.817826 0.487023 
4.000000 0.103112 0.000103 -0.109147 2.126000 0.814172 0.491626 
4.033330 0.089568 -0.012367 -0.134825 2.138620 0.813717 0.492510 
4.066670 0.078608 -0.017082 -0.358153 2.120710 0.812573 0.496781 
4.100000 0.082870 -0.020693 -0.530511 2.124800 0.811715 0.498795 
4.133330 0.107346 -0.027222 -0.216702 2.085730 0.811288 0.500721 
4.166670 0.133186 -0.039367 0.539779 2.066080 0.809154 0.505115 
4.200000 0.132852 -0.053906 1.092142 2.138480 0.809287 0.511284 
4.233330 0.115912 -0.046200 1.108845 2.181700 0.807826 0.515265 
4.266670 0.104704 -0.023836 0.964862 2.192140 0.806911 0.518333 
4.300000 0.103880 -0.003202 0.900840 2.215370 0.806124 0.521576 
4.333330 0.105261 0.006002 0.672901 2.275190 0.802298 0.524301 
4.366670 0.107629 0.012257 0.199688 2.273570 0.800258 0.527111 
4.400000 0.115748 0.007274 -0.217297 2.278020 0.798826 0.528726 
4.433330 0.118411 -0.005567 -0.358734 2.250550 0.794447 0.531906 
4.466670 0.105652 -0.023765 -0.314873 2.254900 0.792394 0.536076 
4.500000 0.091870 -0.027059 -0.240490 2.232280 0.792521 0.539015 
4.533330 0.090831 -0.025758 -0.079554 2.252690 0.791044 0.540883 
4.566670 0.102106 -0.023115 0.277335 2.211400 0.788838 0.545194 
4.600000 0.111265 -0.033452 0.627451 2.251830 0.788305 0.546746 
4.633330 0.111229 -0.038279 0.713556 2.291470 0.786174 0.552435 
4.666670 0.103156 -0.031093 0.695282 2.297700 0.785268 0.555047 
4.700000 0.096530 -0.023891 0.802833 2.307240 0.783005 0.558629 
4.733330 0.097524 -0.021275 0.908507 2.366300 0.781961 0.559652 
4.766670 0.101106 -0.006290 0.800483 2.373220 0.780046 0.564749 
4.800000 0.100175 0.005567 0.460199 2.410620 0.777420 0.566178 
4.833330 0.102621 0.004279 0.044848 2.423200 0.773794 0.567418 
4.866670 0.115819 -0.004350 -0.250853 2.395220 0.772414 0.569999 
4.900000 0.130139 -0.014677 -0.384174 2.403520 0.769405 0.573502 
4.933330 0.128659 -0.018506 -0.364892 2.387190 0.766038 0.576716 
4.966670 0.110362 -0.021447 -0.121803 2.368500 0.763120 0.580215 
5.000000 0.093679 -0.022460 0.256667 2.366250 0.762054 0.583282 
5.033330 0.092694 -0.025421 0.500500 2.395810 0.760995 0.585351 
5.066670 0.100414 -0.032939 0.563487 2.417600 0.757864 0.587904 
5.100000 0.101466 -0.035803 0.639269 2.415500 0.756983 0.591644 
5.133330 0.092811 -0.030982 0.759652 2.452720 0.754956 0.595307 
5.166670 0.090687 -0.018805 0.787514 2.481980 0.753113 0.596964 
5.200000 0.102576 -0.006426 0.694723 2.499310 0.751328 0.598823 
5.233330 0.116348 0.003813 0.547446 2.530070 0.748386 0.601833 
5.266670 0.116809 0.013473 0.339682 2.530080 0.744228 0.603846 
5.300000 0.105463 0.008206 0.020694 2.554820 0.741191 0.605223 
5.333330 0.092927 -0.003292 -0.313189 2.544970 0.738125 0.606633 
5.366670 0.085896 -0.011830 -0.443284 2.523240 0.736396 0.609182 
5.400000 0.083138 -0.014465 -0.335953 2.503690 0.734391 0.611131 
5.433330 0.082543 -0.019682 -0.160418 2.511820 0.732009 0.612891 
5.466670 0.084976 -0.025980 0.033079 2.500620 0.730647 0.615095 
5.500000 0.088913 -0.032759 0.307481 2.504030 0.728921 0.618121 
5.533330 0.092259 -0.035971 0.579616 2.510380 0.726887 0.620186 
5.566670 0.091713 -0.034445 0.752883 2.569130 0.725230 0.623218 
5.600000 0.092774 -0.014437 0.877490 2.547990 0.723337 0.626453 
5.633330 0.092195 -0.005269 0.903665 2.606670 0.721073 0.627583 
5.666670 0.087853 -0.010990 0.736060 2.647800 0.717544 0.628454 
5.700000 0.081231 -0.019988 0.490441 2.635330 0.715690 0.631752 
5.733330 0.080720 -0.024118 0.282771 2.670750 0.714116 0.632516 
5.766670 0.089885 -0.011833 0.130320 2.677630 0.712212 0.634736 
5.800000 0.099655 0.005241 0.059512 2.662070 0.708883 0.637622 
5.833330 0.108872 0.004633 -0.022916 2.671630 0.705545 0.636602 
5.866670 0.122158 -0.012627 -0.207592 2.691790 0.702256 0.639293 
5.900000 0.135714 -0.019643 -0.355390 2.639200 0.699498 0.642369 
5.933330 0.133660 -0.028898 -0.301234 2.667190 0.694584 0.644248 
5.966670 0.116210 -0.025521 -0.033924 2.625670 0.691826 0.648691 
6.000000 0.092976 -0.031242 0.347786 2.650780 0.688983 0.649692 
6.033330 0.081126 -0.033149 0.694222 2.662290 0.687214 0.652223 
6.066670 0.082795 -0.027455 0.897535 2.690720 0.685633 0.655084 
6.100000 0.089837 -0.017269 0.949358 2.726570 0.683711 0.656407 
6.133330 0.093951 -0.011038 0.923422 2.757800 0.679327 0.658018 
6.166670 0.098704 -0.007883 0.852701 2.776980 0.678330 0.659661 
6.200000 0.112471 -0.005934 0.635372 2.814370 0.673790 0.660856 
6.233330 0.122416 -0.004897 0.469590 2.834580 0.671796 0.662251 
