0.7 0.00484063 0.000454677 -0.00773244 -0.869734 
0.733333 0.0051641 0.000504264 -0.00653123 -0.873572 
0.766667 0.00540188 0.000596644 -0.0035857 -0.871794 
0.8 0.00559959 0.00077013 -0.00176674 -0.870035 
0.833333 0.00578048 0.000946295 -0.00316182 -0.872119 
0.866667 0.00592313 0.00118102 -0.005674 -0.876041 
0.9 0.00602321 0.00137327 -0.0101173 -0.883122 
0.933333 0.00612724 0.00154062 -0.0167224 -0.894292 
0.966667 0.00619234 0.0014548 -0.0254782 -0.910243 
1 0.00632347 0.00148365 -0.0286664 -0.922507 
1.03333 0.0064172 0.00134959 -0.0307052 -0.934477 
1.06667 0.00651491 0.00113331 -0.0299022 -0.943766 
1.1 0.00653478 0.000982649 -0.0275403 -0.950946 
1.13333 0.00665369 0.000871865 -0.0246181 -0.956677 
1.16667 0.00681472 0.00078021 -0.0189827 -0.95823 
1.2 0.00693856 0.000747801 -0.0138897 -0.958546 
1.23333 0.0070645 0.000752644 -0.00943507 -0.957917 
1.26667 0.0072179 0.00086407 -0.00690766 -0.958078 
1.3 0.0073257 0.00111436 -0.00785265 -0.961496 
1.33333 0.00735213 0.0013436 -0.010075 -0.966738 
1.36667 0.00745518 0.0015242 -0.0139922 -0.97472 
1.4 0.00754334 0.00164231 -0.0204899 -0.987054 
1.43333 0.00760839 0.00170864 -0.0251332 -0.999365 
1.46667 0.00764034 0.00170742 -0.0280679 -1.01121 
1.5 0.00771037 0.00161232 -0.0302128 -1.0231 
1.53333 0.00784467 0.00146023 -0.0300352 -1.03296 
1.56667 0.00801929 0.00132913 -0.028357 -1.04099 
1.6 0.00818975 0.00117045 -0.0248928 -1.04635 
1.63333 0.00831016 0.00101745 -0.0181357 -1.04667 
1.66667 0.00842 0.00095218 -0.0137189 -1.0475 
1.7 0.00861027 0.00103199 -0.0110942 -1.04898 
1.73333 0.00886651 0.0011387 -0.00981039 -1.05116 
1.76667 0.00888425 0.00135674 -0.0117925 -1.05677 
1.8 0.00891706 0.00146832 -0.0141616 -1.0635 
1.83333 0.00907144 0.00158674 -0.0177176 -1.07242 
1.86667 0.00913393 0.00165486 -0.0214741 -1.08276 
1.9 0.00922776 0.00173111 -0.0265682 -1.09593 
1.93333 0.00935503 0.00172898 -0.0293813 -1.1081 
1.96667 0.00948123 0.00164854 -0.0300475 -1.11868 
2 0.00951123 0.0015002 -0.0298766 -1.1285 
2.03333 0.00954701 0.00136998 -0.0275528 -1.13571 
2.06667 0.00964765 0.00118743 -0.0241507 -1.14088 
2.1 0.00969544 0.00111484 -0.0191503 -1.14303 
2.13333 0.00970175 0.00115286 -0.0138242 -1.14313 
2.16667 0.00979724 0.00113799 -0.0102857 -1.14356 
2.2 0.00987884 0.00119755 -0.00979902 -1.14641 
2.23333 0.00998547 0.00125961 -0.0116675 -1.15188 
2.26667 0.00999832 0.00148326 -0.0152675 -1.16002 
2.3 0.00997183 0.00162021 -0.0186912 -1.16915 
2.33333 0.00985398 0.0017377 -0.0248023 -1.1826 
2.36667 0.00973764 0.00190453 -0.0316986 -1.19901 
2.4 0.00973976 0.00182879 -0.0334229 -1.21161 
2.43333 0.00966019 0.0016511 -0.0315788 -1.22057 
2.46667 0.00960067 0.00145033 -0.0316479 -1.23118 
2.5 0.00972395 0.00125646 -0.0271152 -1.23638 
2.53333 0.00993922 0.00122911 -0.0236265 -1.2413 
2.56667 0.00994991 0.00114224 -0.0206354 -1.24564 
2.6 0.00999917 0.00107968 -0.0161944 -1.24728 
2.63333 0.00990346 0.00119564 -0.0124051 -1.2482 
2.66667 0.00988731 0.00126339 -0.0115716 -1.25135 
2.7 0.00988498 0.00148156 -0.0140239 -1.25811 
2.73333 0.009848 0.00168161 -0.0163602 -1.26554 
2.76667 0.00987921 0.00180336 -0.019835 -1.27509 
2.8 0.00995299 0.00193884 -0.0263523 -1.2894 
2.83333 0.0100592 0.0020102 -0.0315768 -1.30435 
2.86667 0.0101132 0.00196564 -0.035133 -1.31907 
2.9 0.01026 0.00191559 -0.0359972 -1.33181 
2.93333 0.0103125 0.00177058 -0.0364402 -1.34433 
2.96667 0.0104195 0.00170497 -0.0340581 -1.35366 
3 0.0105409 0.00154622 -0.0292176 -1.3593 
3.03333 0.0106037 0.00140653 -0.0242097 -1.36313 
3.06667 0.0106794 0.00135745 -0.017666 -1.36347 
3.1 0.0108787 0.0012848 -0.0136504 -1.36462 
3.13333 0.0110472 0.00141436 -0.0128645 -1.36824 
3.16667 0.0111691 0.00155318 -0.0144362 -1.37439 
3.2 0.0110842 0.00179089 -0.0168916 -1.3821 
3.23333 0.0110726 0.00190677 -0.0234372 -1.39546 
3.26667 0.0108654 0.0020288 -0.0277709 -1.40838 
3.3 0.0109627 0.00210672 -0.0338645 -1.42483 
3.33333 0.0110366 0.00215807 -0.0397635 -1.44309 
3.36667 0.0111114 0.00204764 -0.0433718 -1.4606 
3.4 0.0111788 0.00198619 -0.0448298 -1.47678 
3.43333 0.0111879 0.00185785 -0.0416937 -1.48802 
3.46667 0.0113752 0.00175971 -0.0396676 -1.49953 
3.5 0.0115218 0.00164218 -0.0348857 -1.5071 
3.53333 0.0116261 0.00164427 -0.0269564 -1.50937 
3.56667 0.011806 0.00168693 -0.0225717 -1.51318 
3.6 0.0119945 0.00183352 -0.0233705 -1.52165 
3.63333 0.0120334 0.00197975 -0.0256812 -1.53217 
3.66667 0.012141 0.00219564 -0.0288516 -1.54447 
3.7 0.0122099 0.00232719 -0.0340662 -1.56024 
3.73333 0.0122449 0.00241246 -0.0402205 -1.57886 
3.76667 0.0122527 0.00252062 -0.0443742 -1.59717 
3.8 0.0124378 0.00246115 -0.0494816 -1.61799 
3.83333 0.012461 0.00240055 -0.0513451 -1.63669 
3.86667 0.0124866 0.00231989 -0.0502218 -1.65248 
3.9 0.0125881 0.00227493 -0.048245 -1.66688 
3.93333 0.0127418 0.0022293 -0.0432647 -1.67708 
3.96667 0.0128327 0.00221226 -0.0380906 -1.6854 
4 0.0130002 0.00221949 -0.0341331 -1.69342 
4.03333 0.0130071 0.00231725 -0.0295983 -1.69945 
4.06667 0.0129924 0.00243036 -0.0273452 -1.70665 
4.1 0.0129697 0.00263192 -0.02845 -1.71707 
4.13333 0.0128965 0.00274779 -0.0305548 -1.72904 
4.16667 0.0129468 0.00292098 -0.0358773 -1.74551 
4.2 0.0128077 0.00303981 -0.0407878 -1.76327 
4.23333 0.0127343 0.00312675 -0.045823 -1.78281 
4.26667 0.0126502 0.00312562 -0.0486645 -1.80143 
4.3 0.0125097 0.00300091 -0.0498387 -1.81904 
4.33333 -0.00132078 0.00499258 -0.0861853 -1.87856 
4.36667 0.000120246 0.00137392 -0.070198 -1.88842 
4.4 0.00122515 -0.00127777 -0.0565964 -1.89576 
4.43333 0.00205086 -0.00307992 -0.0454622 -1.90148 
4.46667 0.00270803 -0.00432586 -0.0375869 -1.90734 
4.5 0.00312822 -0.00521366 -0.0332201 -1.91471 
