0.7 0.00410617 0.000212053 -0.0139162 -0.122793 
0.733333 0.0043491 0.000156505 -0.0128375 -0.128456 
0.766667 0.00460239 0.000170382 -0.00966015 -0.129038 
0.8 0.00476707 0.000196105 -0.00756191 -0.130012 
0.833333 0.00497438 0.000365151 -0.00465509 -0.128933 
0.866667 0.00518801 0.00057081 -0.00387273 -0.129393 
0.9 0.00535016 0.000780066 -0.00549979 -0.132561 
0.933333 0.00544336 0.000933057 -0.0106745 -0.140496 
0.966667 0.0054704 0.00104535 -0.0144992 -0.148559 
1 0.00547009 0.00110179 -0.0200836 -0.159991 
1.03333 0.0055562 0.00112374 -0.0235064 -0.170726 
1.06667 0.0056225 0.00112946 -0.0259091 -0.1814 
1.1 0.0057338 0.00103154 -0.0266533 -0.190916 
1.13333 0.00587285 0.000900512 -0.0279371 -0.201317 
1.16667 0.00589581 0.000890577 -0.0259508 -0.208285 
1.2 0.00596598 0.000852513 -0.0231397 -0.213617 
1.23333 0.00604439 0.000753736 -0.0180817 -0.215359 
1.26667 0.00621213 0.000790532 -0.0141789 -0.216779 
1.3 0.00631684 0.000843728 -0.00949369 -0.215975 
1.33333 0.00643477 0.000930879 -0.00802376 -0.217404 
1.36667 0.00645646 0.0010275 -0.00876633 -0.220955 
1.4 0.00648262 0.00120773 -0.0127496 -0.22858 
1.43333 0.00643805 0.00134505 -0.0168921 -0.237719 
1.46667 0.00650023 0.00148406 -0.0214224 -0.248698 
1.5 0.00653485 0.0015681 -0.0263413 -0.261645 
1.53333 0.00671635 0.00155256 -0.0288663 -0.273407 
1.56667 0.00685947 0.00139825 -0.0290702 -0.283269 
1.6 0.00696179 0.00124445 -0.0286279 -0.292437 
1.63333 0.00693823 0.00106244 -0.0256476 -0.298462 
1.66667 0.00708068 0.00101306 -0.0207438 -0.301222 
1.7 0.00720276 0.00101133 -0.0169068 -0.303607 
1.73333 0.00731433 0.000983714 -0.0116754 -0.303068 
1.76667 0.00742436 0.00106831 -0.00843384 -0.303133 
1.8 0.00744398 0.00119041 -0.00780594 -0.305203 
1.83333 0.00750661 0.0013689 -0.00859539 -0.308737 
1.86667 0.00755337 0.00151423 -0.0107155 -0.314105 
1.9 0.00773337 0.00163358 -0.0146487 -0.322319 
1.93333 0.00786727 0.00173029 -0.0199604 -0.333473 
1.96667 0.00794706 0.0017112 -0.0247156 -0.345739 
2 0.00796029 0.00170085 -0.0280818 -0.357951 
2.03333 0.00803983 0.00160475 -0.0294512 -0.368929 
2.06667 0.008051 0.00152817 -0.0289448 -0.378148 
2.1 0.00813849 0.00139095 -0.0259859 -0.384303 
2.13333 0.00818796 0.00125617 -0.0228031 -0.389208 
2.16667 0.00833571 0.00115133 -0.0179498 -0.39108 
2.2 0.00853261 0.00116264 -0.0139687 -0.392364 
2.23333 0.00863981 0.00111447 -0.011285 -0.393852 
2.26667 0.00865208 0.00118305 -0.0107422 -0.396973 
2.3 0.00862113 0.00127983 -0.0135482 -0.403866 
2.33333 0.0086903 0.00138331 -0.0153994 -0.410567 
2.36667 0.00868829 0.0015153 -0.0196888 -0.420764 
2.4 0.00866077 0.0016326 -0.0241235 -0.432562 
2.43333 0.00867924 0.00166308 -0.0277666 -0.444904 
2.46667 0.00877076 0.0016863 -0.0317144 -0.458819 
2.5 0.00886995 0.00164932 -0.0326848 -0.470536 
2.53333 0.00900134 0.00158852 -0.0325166 -0.481233 
2.56667 0.0091663 0.00146084 -0.030596 -0.489804 
2.6 0.00930244 0.00135797 -0.0266772 -0.495377 
2.63333 0.00935891 0.0011667 -0.0207512 -0.497274 
2.66667 0.0094468 0.00115014 -0.0158159 -0.498365 
2.7 0.00951972 0.00125841 -0.0135015 -0.500905 
2.73333 0.00967282 0.00131406 -0.0137888 -0.505745 
2.76667 0.00975779 0.0014911 -0.0155664 -0.512439 
2.8 0.00988606 0.00159879 -0.0196029 -0.522393 
2.83333 0.00993819 0.00186104 -0.0265456 -0.537123 
2.86667 0.0100048 0.00197352 -0.0309143 -0.551129 
2.9 0.0100197 0.00212412 -0.0355752 -0.566935 
2.93333 0.0100321 0.00211989 -0.0343317 -0.577326 
2.96667 0.0100454 0.00206874 -0.0357408 -0.590433 
3 0.0100909 0.00196213 -0.0351051 -0.601596 
3.03333 0.0101795 0.00188119 -0.0317684 -0.609359 
3.06667 0.0102099 0.00183755 -0.0280983 -0.615616 
3.1 0.0103839 0.00183534 -0.0236394 -0.619719 
3.13333 0.0105701 0.00175346 -0.0179537 -0.620887 
3.16667 0.0106866 0.0017624 -0.015403 -0.623861 
3.2 0.0107114 0.0018009 -0.0149619 -0.628474 
3.23333 0.010683 0.00195358 -0.0163496 -0.6351 
3.26667 0.0106937 0.00198665 -0.0188107 -0.643455 
3.3 0.0105984 0.00214563 -0.0239173 -0.655753 
3.33333 0.0105382 0.00229525 -0.0295236 -0.670344 
3.36667 0.0105662 0.00239919 -0.0356965 -0.687472 
3.4 0.0105619 0.002385 -0.0376245 -0.701646 
3.43333 0.0106505 0.00232861 -0.0379186 -0.714535 
3.46667 0.0107584 0.00222023 -0.0365333 -0.725539 
3.5 0.0108368 0.0020802 -0.0331129 -0.733679 
3.53333 0.0108709 0.00198277 -0.0287595 -0.739578 
3.56667 0.0109656 0.00173032 -0.0214185 -0.740499 
3.6 0.0110316 0.001791 -0.0160453 -0.741295 
3.63333 0.0111455 0.0017984 -0.0143388 -0.744629 
3.66667 0.0111797 0.00192193 -0.0155691 -0.750861 
3.7 0.0112186 0.00204991 -0.0177767 -0.758657 
3.73333 0.0112949 0.00225115 -0.02106 -0.768458 
3.76667 0.0113303 0.00234024 -0.0269374 -0.782416 
3.8 0.0113737 0.00246708 -0.0335344 -0.799183 
3.83333 0.0114113 0.00244022 -0.0375876 -0.815146 
3.86667 0.0114752 0.00243742 -0.0401962 -0.830754 
3.9 0.0115613 0.00233739 -0.0409765 -0.845074 
3.93333 0.0117405 0.00230965 -0.0383483 -0.85563 
3.96667 0.0119384 0.00220059 -0.0366375 -0.866394 
4 0.0121447 0.00219954 -0.0307087 -0.871607 
4.03333 0.0122808 0.00213933 -0.0274286 -0.877972 
4.06667 0.0124251 0.00213005 -0.0243982 -0.883537 
4.1 0.0125365 0.0021971 -0.0227173 -0.889686 
4.13333 0.0125909 0.00233993 -0.0235135 -0.898198 
4.16667 0.012567 0.00244653 -0.0251351 -0.90795 
4.2 0.0124979 0.00258588 -0.0284632 -0.920257 
4.23333 0.0125199 0.00269819 -0.0341817 -0.936495 
4.26667 0.0125967 0.0027726 -0.0369771 -0.951189 
4.3 0.0125863 0.00278923 -0.0421453 -0.969616 
4.33333 0.0126103 0.00262577 -0.0450251 -0.987064 
4.36667 0.0126624 0.00253036 -0.0443901 -1.00132 
4.4 0.0126755 0.00242387 -0.0440916 -1.01577 
4.43333 0.0127696 0.00233925 -0.03987 -1.02548 
