0.066667 0.028956 -0.052800 0.982227 -0.296555 0.730819 0.675442 
0.100000 0.026811 -0.046771 1.007402 -0.244040 0.732727 0.673435 
0.133333 0.032211 -0.030167 0.975463 -0.243996 0.732279 0.671937 
0.166667 0.041139 -0.015429 0.853046 -0.206359 0.733733 0.671278 
0.200000 0.044145 -0.006936 0.634465 -0.171066 0.734648 0.670411 
0.233333 0.036929 -0.005097 0.301643 -0.152850 0.737630 0.669793 
0.266667 0.030078 -0.004235 -0.074556 -0.171982 0.737098 0.670835 
0.300000 0.027022 0.000810 -0.540901 -0.157241 0.737502 0.668363 
0.333333 0.022803 0.008726 -0.957495 -0.173519 0.740868 0.670012 
0.366667 0.025345 0.010524 -0.983421 -0.245021 0.739633 0.669692 
0.400000 0.039287 0.002685 -0.783379 -0.283138 0.739701 0.669835 
0.433333 0.042682 -0.014962 -0.797183 -0.236011 0.743894 0.669841 
0.466667 0.032570 -0.027243 -0.756794 -0.320424 0.743879 0.667290 
0.500000 0.029951 -0.035060 -0.178053 -0.347044 0.743924 0.667608 
0.533333 0.043235 -0.036173 0.570809 -0.333552 0.743819 0.664848 
0.566667 0.057147 -0.035550 0.817326 -0.268311 0.747176 0.663922 
0.600000 0.063302 -0.024910 0.560736 -0.280370 0.746819 0.662225 
0.633333 0.054635 -0.012659 0.251830 -0.244004 0.749674 0.660046 
0.666667 0.043876 -0.001522 0.154838 -0.257603 0.752664 0.660963 
0.700000 0.049154 0.001434 0.128531 -0.259746 0.750716 0.659541 
0.733333 0.064571 0.001926 -0.112251 -0.224305 0.754441 0.660726 
0.766667 0.063604 0.013234 -0.514346 -0.255192 0.756950 0.658089 
0.800000 0.045887 0.021883 -0.761516 -0.276021 0.759008 0.659182 
0.833333 0.035111 0.013914 -0.841678 -0.318263 0.759749 0.660277 
0.866667 0.038036 -0.008617 -1.011290 -0.323454 0.760555 0.659739 
0.900000 0.039533 -0.020983 -1.161465 -0.352355 0.762963 0.658923 
0.933333 0.038931 -0.012502 -0.859856 -0.431383 0.763199 0.655586 
0.966667 0.044750 -0.004404 -0.122748 -0.431703 0.763152 0.657714 
1.000000 0.054839 -0.008677 0.516844 -0.416673 0.766549 0.655837 
1.033330 0.058731 -0.016949 0.713899 -0.390798 0.767171 0.654520 
1.066670 0.062279 -0.019965 0.570278 -0.368534 0.768926 0.652450 
1.100000 0.074354 -0.018936 0.343640 -0.356736 0.770484 0.653104 
1.133330 0.091076 -0.008334 0.184924 -0.345112 0.773583 0.649995 
1.166670 0.101391 0.013976 0.042004 -0.357416 0.774891 0.648230 
1.200000 0.096750 0.020715 -0.197570 -0.327000 0.780891 0.649632 
1.233330 0.076262 0.013429 -0.480717 -0.366499 0.782488 0.648810 
1.266670 0.054380 -0.001940 -0.707954 -0.376190 0.785067 0.647087 
1.300000 0.043974 -0.007540 -0.918936 -0.406575 0.786044 0.647988 
1.333330 0.049635 -0.004050 -1.083738 -0.427511 0.787257 0.645220 
1.366670 0.062424 0.002880 -0.979822 -0.479463 0.788189 0.646098 
1.400000 0.068260 0.002192 -0.522374 -0.514286 0.791911 0.644445 
1.433330 0.066365 -0.008037 0.057555 -0.503425 0.792952 0.642865 
1.466670 0.066895 -0.017024 0.466799 -0.507185 0.794451 0.642544 
1.500000 0.071544 -0.021437 0.578611 -0.478437 0.796511 0.639924 
1.533330 0.075210 -0.016026 0.507782 -0.445870 0.798126 0.638415 
1.566670 0.075765 -0.001943 0.466575 -0.465299 0.800301 0.636821 
1.600000 0.072795 0.001770 0.445383 -0.424320 0.802853 0.636128 
1.633330 0.068849 0.000753 0.304268 -0.411507 0.804900 0.635396 
1.666670 0.067692 0.006139 0.041525 -0.414640 0.807306 0.634380 
1.700000 0.068730 0.024447 -0.327670 -0.419366 0.808271 0.633402 
1.733330 0.068007 0.040348 -0.793645 -0.413418 0.812209 0.633439 
1.766670 0.065981 0.038889 -1.196918 -0.483763 0.814763 0.634538 
1.800000 0.075976 0.014841 -1.345289 -0.496351 0.816440 0.635122 
1.833330 0.087768 -0.000462 -1.139278 -0.564979 0.819178 0.632039 
1.866670 0.092002 -0.005587 -0.608445 -0.585485 0.822523 0.631375 
1.900000 0.095369 -0.007933 -0.013634 -0.609179 0.823172 0.627818 
1.933330 0.105043 -0.022056 0.321583 -0.577719 0.827826 0.628875 
1.966670 0.111458 -0.027158 0.385424 -0.570733 0.828218 0.623417 
2.000000 0.101865 -0.012366 0.430182 -0.569716 0.832488 0.620828 
2.033330 0.083819 0.006940 0.576399 -0.541490 0.834647 0.619636 
2.066670 0.077162 0.019570 0.661662 -0.535980 0.837021 0.619345 
2.100000 0.087302 0.020545 0.434442 -0.496368 0.839272 0.617899 
2.133330 0.098093 0.022646 -0.125983 -0.489359 0.842645 0.618124 
2.166670 0.096191 0.030026 -0.713093 -0.508656 0.846635 0.615463 
2.200000 0.084118 0.035934 -1.021792 -0.548737 0.848615 0.616414 
2.233330 0.075863 0.027498 -1.047857 -0.577922 0.853011 0.615136 
2.266670 0.080270 0.008374 -0.990930 -0.616361 0.854071 0.615455 
2.300000 0.092996 -0.009795 -0.966498 -0.642569 0.856660 0.612813 
2.333330 0.102472 -0.017780 -0.803779 -0.662246 0.859499 0.610435 
2.366670 0.109971 -0.011878 -0.271521 -0.717144 0.861374 0.607394 
2.400000 0.119267 -0.007055 0.443668 -0.700164 0.864029 0.605877 
2.433330 0.122649 -0.001275 0.886396 -0.657157 0.866651 0.601927 
2.466670 0.111942 0.010715 0.905914 -0.642431 0.871564 0.600051 
2.500000 0.101991 0.019532 0.658578 -0.601055 0.873424 0.597844 
2.533330 0.107750 0.026796 0.258177 -0.602353 0.876279 0.598060 
2.566670 0.120989 0.023690 -0.261371 -0.578745 0.880825 0.595814 
2.600000 0.122771 0.024835 -0.821934 -0.618384 0.884666 0.593905 
2.633330 0.115693 0.019971 -1.300924 -0.639751 0.887792 0.592392 
2.666670 0.109695 0.012103 -1.553048 -0.694275 0.892114 0.590739 
2.700000 0.110375 0.005984 -1.442015 -0.753789 0.893967 0.588866 
2.733330 0.110780 0.008481 -0.956476 -0.790863 0.896886 0.585613 
2.766670 0.104588 0.012691 -0.276474 -0.818262 0.899921 0.582826 
2.800000 0.097768 0.003724 0.280098 -0.816967 0.902686 0.582582 
2.833330 0.099853 -0.012327 0.504682 -0.784358 0.905039 0.577880 
2.866670 0.112416 -0.015158 0.563077 -0.768438 0.905773 0.577381 
2.900000 0.121515 0.000203 0.699037 -0.777010 0.909214 0.572367 
2.933330 0.115508 0.013763 0.751034 -0.725448 0.912620 0.570243 
2.966670 0.106609 0.026012 0.408196 -0.703597 0.916094 0.568537 
3.000000 0.108794 0.031693 -0.244907 -0.700446 0.917915 0.567589 
3.033330 0.112687 0.033823 -0.758212 -0.712602 0.922914 0.565867 
3.066670 0.104890 0.040227 -0.823481 -0.769715 0.926406 0.563261 
3.100000 0.097249 0.039713 -0.671558 -0.784750 0.929006 0.562785 
3.133330 0.098943 0.028283 -0.760174 -0.788481 0.932304 0.561362 
3.166670 0.103508 0.009355 -1.092017 -0.821839 0.935776 0.559768 
3.200000 0.107869 -0.004379 -1.217005 -0.874370 0.937871 0.556146 
3.233330 0.118595 -0.005202 -0.832304 -0.909796 0.939441 0.553561 
3.266670 0.136357 0.004543 -0.096204 -0.938528 0.941886 0.550562 
3.300000 0.146546 0.006991 0.558075 -0.910983 0.945562 0.546635 
3.333330 0.137458 0.005833 0.804786 -0.894816 0.948325 0.542012 
3.366670 0.121014 -0.000921 0.686219 -0.847384 0.952495 0.540016 
3.400000 0.117650 0.006506 0.477424 -0.852567 0.953019 0.536566 
3.433330 0.127797 0.020672 0.255556 -0.837540 0.956665 0.534020 
3.466670 0.132911 0.032081 -0.181608 -0.820864 0.960379 0.531517 
3.500000 0.124682 0.038675 -0.874707 -0.839616 0.965627 0.528229 
3.533330 0.118003 0.042541 -1.476889 -0.877409 0.967078 0.527416 
3.566670 0.120991 0.048359 -1.600288 -0.949096 0.971962 0.524281 
3.600000 0.126054 0.042616 -1.237436 -0.994730 0.974931 0.522783 
3.633330 0.121680 0.020460 -0.718232 -1.029610 0.978860 0.518491 
3.666670 0.113488 -0.012151 -0.282200 -1.023580 0.981658 0.516540 
3.700000 0.117260 -0.024244 0.072662 -1.060050 0.981151 0.511495 
3.733330 0.130727 -0.021465 0.331426 -1.025190 0.982820 0.509622 
3.766670 0.137437 -0.002744 0.424895 -1.024190 0.984963 0.503209 
3.800000 0.132023 0.014287 0.422705 -0.998718 0.988968 0.500170 
3.833330 0.130899 0.032100 0.437354 -1.000830 0.989103 0.497635 
3.866670 0.140079 0.036483 0.389405 -0.977919 0.994999 0.494024 
3.900000 0.146456 0.032423 0.082262 -0.965187 0.998113 0.491585 
3.933330 0.145887 0.032104 -0.500889 -0.968310 1.001460 0.486328 
3.966670 0.142851 0.036829 -1.100265 -0.992242 1.004580 0.484819 
4.000000 0.136890 0.039392 -1.435232 -1.055980 1.009550 0.480591 
4.033330 0.131525 0.030863 -1.439630 -1.089330 1.011890 0.477296 
4.066670 0.129670 0.025301 -1.163710 -1.140110 1.014430 0.474207 
4.100000 0.133776 0.018820 -0.679467 -1.181380 1.017060 0.469950 
4.133330 0.140545 0.007442 -0.125627 -1.182470 1.019800 0.466906 
4.166670 0.144584 0.002262 0.367591 -1.175480 1.020700 0.461183 
4.200000 0.144967 0.004860 0.658929 -1.183940 1.022500 0.457685 
4.233330 0.147268 -0.007056 0.568739 -1.113050 1.026410 0.452454 
4.266670 0.155115 -0.002461 0.176496 -1.133670 1.025980 0.449346 
4.300000 0.160050 -0.002365 -0.055135 -1.110660 1.029730 0.443539 
