0.066667 0.037654 -0.022644 -0.430986 -0.092564 0.704781 0.604390 
0.100000 0.041998 -0.027336 -0.296561 -0.139590 0.705604 0.603778 
0.133333 0.052205 -0.029975 0.077408 -0.154573 0.705829 0.602066 
0.166667 0.059649 -0.019345 0.466284 -0.124333 0.710023 0.600660 
0.200000 0.059740 -0.003217 0.622503 -0.101932 0.709800 0.600643 
0.233333 0.054410 0.007447 0.563796 -0.101475 0.712949 0.599754 
0.266667 0.046601 0.008000 0.411611 -0.054238 0.714849 0.601727 
0.300000 0.038870 0.014521 0.256364 -0.074695 0.714960 0.599842 
0.333333 0.035648 0.024895 0.082033 -0.050104 0.717859 0.601440 
0.366667 0.038808 0.030303 -0.240540 -0.061094 0.717846 0.601971 
0.400000 0.049693 0.022638 -0.692091 -0.055692 0.719598 0.603859 
0.433333 0.056775 0.015546 -1.014185 -0.109872 0.721527 0.603420 
0.466667 0.052472 0.010353 -1.050068 -0.137532 0.723751 0.603199 
0.500000 0.043797 0.003880 -0.926752 -0.180685 0.725773 0.604336 
0.533333 0.045846 -0.004436 -0.722888 -0.177486 0.725863 0.603688 
0.566667 0.059886 -0.001974 -0.299154 -0.239205 0.728279 0.602375 
0.600000 0.075980 -0.002666 0.305518 -0.216604 0.730310 0.602540 
0.633333 0.084870 -0.009465 0.721351 -0.208624 0.732897 0.602066 
0.666667 0.077699 -0.019285 0.743047 -0.153673 0.735642 0.600694 
0.700000 0.059936 -0.009568 0.598804 -0.153628 0.738988 0.599489 
0.733333 0.047784 0.015127 0.504114 -0.143290 0.738616 0.599038 
0.766667 0.053373 0.041259 0.323526 -0.107945 0.741851 0.600572 
0.800000 0.069400 0.055731 -0.116174 -0.114002 0.742875 0.600943 
0.833333 0.083729 0.046613 -0.726912 -0.115847 0.746408 0.604169 
0.866667 0.079973 0.024448 -1.258899 -0.164688 0.748805 0.604259 
0.900000 0.060179 0.001567 -1.456861 -0.194027 0.753219 0.603948 
0.933333 0.043020 -0.006545 -1.223496 -0.276495 0.752496 0.603479 
0.966667 0.044166 -0.009338 -0.724059 -0.278866 0.754429 0.602395 
1.000000 0.059136 -0.010069 -0.194110 -0.305754 0.755942 0.603066 
1.033330 0.071767 -0.012413 0.200816 -0.310868 0.757623 0.600133 
1.066670 0.072084 -0.012167 0.323395 -0.284929 0.760852 0.600773 
1.100000 0.062856 -0.001328 0.235624 -0.270443 0.761860 0.598426 
1.133330 0.055687 0.014260 0.229390 -0.284513 0.764992 0.597838 
1.166670 0.061652 0.018874 0.430683 -0.263162 0.765456 0.600062 
1.200000 0.075293 0.018958 0.617421 -0.254835 0.768772 0.598601 
1.233330 0.084040 0.022020 0.499160 -0.219018 0.771165 0.598077 
1.266670 0.082764 0.029073 0.038610 -0.208730 0.774661 0.599607 
1.300000 0.076058 0.032691 -0.526421 -0.221507 0.776837 0.599229 
1.333330 0.069826 0.031053 -0.939684 -0.248049 0.780242 0.600029 
1.366670 0.066702 0.023985 -1.121626 -0.286750 0.781477 0.600361 
1.400000 0.066401 0.013731 -1.105669 -0.321406 0.785072 0.600723 
1.433330 0.071478 0.007972 -0.879104 -0.354705 0.786659 0.599412 
1.466670 0.087536 0.006918 -0.403503 -0.384818 0.788801 0.598879 
1.500000 0.107004 0.001837 0.157295 -0.392786 0.791837 0.598986 
1.533330 0.109653 -0.009091 0.452072 -0.372747 0.796010 0.595925 
1.566670 0.091842 -0.016135 0.381586 -0.332828 0.799352 0.595005 
1.600000 0.075678 -0.004574 0.221416 -0.366383 0.801169 0.593617 
1.633330 0.073650 0.009382 0.199546 -0.326567 0.802596 0.592229 
1.666670 0.077272 0.023004 0.299238 -0.337226 0.806391 0.592980 
1.700000 0.076102 0.026925 0.350642 -0.331339 0.809045 0.592509 
1.733330 0.072021 0.028599 0.162786 -0.293878 0.811011 0.592753 
1.766670 0.069299 0.035992 -0.247392 -0.312303 0.814243 0.592065 
1.800000 0.075997 0.036778 -0.713851 -0.330471 0.816481 0.594325 
1.833330 0.092457 0.030011 -1.142973 -0.348188 0.819287 0.593501 
1.866670 0.105462 0.021205 -1.395647 -0.402605 0.822578 0.592636 
1.900000 0.103593 0.003529 -1.232645 -0.443890 0.826939 0.593054 
1.933330 0.089948 -0.010239 -0.638204 -0.500203 0.830017 0.590523 
1.966670 0.078572 -0.012547 0.030150 -0.488889 0.830668 0.587460 
2.000000 0.077438 -0.003341 0.420503 -0.477396 0.833484 0.588629 
2.033330 0.079891 0.002062 0.525489 -0.463004 0.836146 0.585046 
2.066670 0.083825 0.002199 0.509257 -0.450874 0.838566 0.585729 
2.100000 0.096268 0.002419 0.454176 -0.422169 0.840924 0.583553 
2.133330 0.113024 0.013178 0.336450 -0.429310 0.843812 0.582971 
2.166670 0.117993 0.021717 0.099651 -0.395888 0.848028 0.580728 
2.200000 0.105068 0.028031 -0.230671 -0.413061 0.853176 0.581292 
2.233330 0.092113 0.023963 -0.560508 -0.425527 0.854784 0.580265 
2.266670 0.089895 0.017449 -0.839516 -0.441407 0.858310 0.579814 
2.300000 0.087485 0.016097 -1.051331 -0.484475 0.860906 0.579338 
2.333330 0.077987 0.017402 -1.159828 -0.513812 0.865070 0.577323 
2.366670 0.074256 0.018253 -1.069845 -0.550893 0.865526 0.577069 
2.400000 0.087366 0.013745 -0.688659 -0.596779 0.869099 0.577448 
2.433330 0.106341 0.005921 -0.126765 -0.602857 0.871529 0.574489 
2.466670 0.115196 0.005961 0.332840 -0.600025 0.875055 0.572797 
2.500000 0.115764 0.006741 0.553203 -0.570077 0.878131 0.570000 
2.533330 0.114916 0.005011 0.642025 -0.565792 0.881746 0.570236 
2.566670 0.112514 0.001250 0.666763 -0.536765 0.884902 0.566437 
2.600000 0.108435 0.011319 0.475935 -0.525202 0.888426 0.565147 
2.633330 0.107875 0.023872 -0.013458 -0.485624 0.890644 0.563811 
2.666670 0.109221 0.035413 -0.559581 -0.524207 0.896161 0.563482 
2.700000 0.112589 0.033860 -0.922374 -0.544767 0.898382 0.562641 
2.733330 0.112904 0.032740 -1.206293 -0.583868 0.903006 0.561193 
2.766670 0.107148 0.032829 -1.518267 -0.610288 0.906501 0.560212 
2.800000 0.098386 0.033410 -1.541239 -0.669854 0.909815 0.558264 
2.833330 0.097654 0.029615 -0.909438 -0.746227 0.913445 0.558851 
2.866670 0.106575 0.016866 0.090616 -0.737435 0.915312 0.555571 
2.900000 0.110036 0.005157 0.661340 -0.743636 0.918931 0.553710 
2.933330 0.104866 -0.018602 0.510178 -0.641653 0.922829 0.551703 
2.966670 0.104571 -0.011118 0.231365 -0.713888 0.923067 0.548729 
3.000000 0.110350 0.005761 0.307313 -0.686998 0.926153 0.545725 
3.033330 0.119057 0.025174 0.491417 -0.655257 0.930048 0.544384 
3.066670 0.124135 0.033394 0.443109 -0.651468 0.933542 0.542882 
3.100000 0.121670 0.027513 0.109623 -0.641149 0.937776 0.541216 
3.133330 0.109677 0.020248 -0.385102 -0.622477 0.941634 0.539334 
3.166670 0.094375 0.026865 -0.761858 -0.668274 0.944390 0.537512 
3.200000 0.087465 0.033041 -0.901522 -0.701526 0.946927 0.536796 
3.233330 0.089462 0.030499 -1.033820 -0.715836 0.950606 0.536496 
3.266670 0.094420 0.023941 -1.243714 -0.749603 0.953309 0.533757 
3.300000 0.103367 0.018370 -1.214824 -0.807330 0.955630 0.532959 
3.333330 0.117796 0.011407 -0.736222 -0.846193 0.959173 0.530724 
3.366670 0.132739 0.005016 -0.084469 -0.862441 0.961533 0.526828 
3.400000 0.143296 -0.002231 0.327853 -0.836052 0.964941 0.524167 
3.433330 0.143519 -0.002428 0.441460 -0.828318 0.967730 0.520397 
3.466670 0.129143 0.002548 0.456536 -0.825961 0.971566 0.516142 
3.500000 0.110450 0.009548 0.479651 -0.789369 0.974117 0.513928 
3.533330 0.104477 0.030701 0.439512 -0.799625 0.976992 0.512468 
3.566670 0.116207 0.049908 0.208205 -0.766483 0.979174 0.509223 
3.600000 0.127456 0.056875 -0.200600 -0.754962 0.985310 0.510522 
3.633330 0.121745 0.051091 -0.666012 -0.816984 0.989042 0.505968 
3.666670 0.116827 0.022516 -1.136273 -0.778755 0.993644 0.506069 
3.700000 0.118062 0.015850 -1.511586 -0.885392 0.994320 0.502954 
3.733330 0.125973 0.007887 -1.588528 -0.902628 0.999431 0.499862 
3.766670 0.129967 0.007540 -1.210660 -0.962334 1.000650 0.496305 
3.800000 0.133709 0.005136 -0.470031 -1.020330 1.004570 0.493659 
3.833330 0.139474 -0.005127 0.192597 -0.992330 1.005610 0.488994 
3.866670 0.144589 -0.002403 0.472511 -0.965865 1.009590 0.485431 
3.900000 0.147921 0.020716 0.575311 -0.983310 1.010300 0.480752 
3.933330 0.147250 0.034922 0.680157 -0.933767 1.016010 0.478244 
3.966670 0.134521 0.045220 0.512011 -0.952626 1.018590 0.474219 
4.000000 0.124242 0.028441 -0.121313 -0.864305 1.024480 0.472217 
4.033330 0.120747 0.033795 -0.788180 -0.947344 1.024850 0.470071 
4.066670 0.126403 0.039273 -0.992581 -0.968637 1.029520 0.467028 
4.100000 0.123566 0.041888 -0.886564 -0.997708 1.032920 0.463587 
4.133330 0.118179 0.030297 -0.902957 -1.023320 1.037150 0.461800 
4.166670 0.124753 0.012846 -1.075236 -1.042860 1.038140 0.458763 
4.200000 0.135260 0.004837 -1.083855 -1.096720 1.041130 0.455184 
4.233330 0.132206 -0.002400 -0.799992 -1.146610 1.043030 0.450113 
4.266670 0.120689 -0.017120 -0.396082 -1.122890 1.046140 0.446531 
4.300000 0.121607 -0.003662 0.040907 -1.171870 1.044580 0.443398 
4.333330 0.128785 0.023224 0.495730 -1.138820 1.047150 0.439745 
4.366670 0.131357 0.041821 0.716636 -1.130680 1.050700 0.434188 
