0.451 15 20 
0.529 15 20 
0.638 15 20 
0.716 15 20 
0.795 15 20 
0.872 15 20 
0.952 15 20 
1.045 15 20 
1.138 15 20 
1.201 15 20 
1.327 15 20 
1.404 15 20 
1.468 15 20 
1.593 15 20 
1.655 15 20 
1.748 15 20 
1.842 15 20 
1.92 15 20 
1.997 15 20 
2.122 15 20 
2.201 15 20 
2.295 15 20 
2.389 15 20 
2.467 15 20 
2.544 15 20 
2.639 15 20 
2.732 15 20 
2.826 15 20 
2.905 15 20 
2.966 15 20 
3.029 15 20 
3.124 15 20 
3.185 15 20 
3.249 15 20 
3.342 15 20 
3.436 15 20 
3.53 15 20 
3.607 15 20 
3.732 15 20 
3.794 15 20 
3.857 15 20 
3.936 15 20 
4.028 15 20 
4.108 15 20 
4.169 15 20 
4.232 15 20 
4.295 15 20 
4.357 15 20 
4.436 15 20 
4.514 15 20 
4.591 15 20 
4.655 15 20 
4.733 15 20 
4.827 15 20 
4.905 15 20 
4.982 15 20 
5.076 15 20 
5.154 15 20 
5.217 15 20 
5.296 15 20 
5.373 15 20 
5.483 15 20 
5.56 15 20 
5.623 15 20 
5.732 15 20 
5.826 15 20 
5.889 15 20 
5.966 15 20 
6.06 15 20 
6.185 15 20 
6.264 15 20 
6.326 15 20 
6.388 15 20 
6.451 15 20 
6.546 15 20 
6.655 15 20 
6.732 15 20 
6.826 15 20 
6.921 15 20 
6.998 15 20 
7.06 15 20 
7.124 15 20 
7.187 15 20 
7.248 15 20 
7.325 15 20 
7.403 15 20 
7.467 15 20 
7.528 15 20 
7.591 15 20 
7.686 15 20 
7.763 15 20 
7.827 15 20 
7.905 15 20 
7.998 15 20 
8.107 15 20 
8.201 15 20 
8.296 15 20 
8.388 15 20 
8.452 15 20 
8.546 15 20 
8.623 15 20 
8.702 15 20 
8.796 15 20 
8.858 15 20 
8.967 15 20 
9.029 15 20 
9.092 15 20 
9.169 15 20 
9.264 15 20 
9.326 15 20 
9.405 15 20 
9.498 15 20 
9.561 15 20 
9.622 15 20 
9.702 15 20 
9.764 15 20 
9.842 15 20 
9.92 15 20 
10.03 15 20 
10.107 15 20 
10.17 15 20 
10.233 15 20 
10.326 15 20 
10.39 15 20 
10.467 15 20 
10.529 15 20 
10.608 15 20 
10.67 15 20 
10.747 15 20 
10.826 15 20 
10.904 15 20 
10.982 15 20 
11.076 15 20 
11.17 15 20 
11.264 15 20 
11.341 15 20 
11.405 15 20 
11.499 15 20 
11.577 15 20 
11.654 15 20 
11.733 15 20 
11.811 15 20 
11.904 15 20 
11.999 15 20 
12.123 15 20 
12.201 15 20 
12.279 15 20 
12.358 15 20 
12.42 15 20 
12.498 15 20 
12.591 15 20 
12.669 15 20 
12.763 15 20 
12.858 15 20 
12.95 15 20 
13.029 15 20 
13.091 15 20 
13.169 15 20 
13.248 15 20 
13.341 15 20 
13.436 15 20 
13.499 15 20 
13.591 15 20 
13.67 15 20 
13.732 15 20 
13.81 15 20 
13.89 15 20 
13.952 15 20 
14.029 15 20 
14.108 15 20 
14.17 15 20 
14.231 15 20 
14.311 15 20 
14.404 15 20 
14.498 15 20 
14.561 15 20 
14.638 15 20 
14.732 15 20 
14.858 15 20 
14.952 15 20 
15.03 15 20 
15.092 15 20 
15.154 15 20 
15.249 15 20 
15.327 15 20 
15.404 15 20 
15.468 15 20 
15.546 15 20 
15.623 15 20 
15.702 15 20 
15.78 15 20 
15.858 15 20 
15.936 15 20 
16.028 15 20 
16.123 15 20 
16.201 15 20 
16.264 15 20 
16.326 15 20 
16.388 15 20 
16.467 15 20 
16.56 15 20 
16.639 15 20 
16.733 15 20 
16.826 15 20 
16.904 15 20 
16.967 15 20 
17.045 15 20 
17.154 15 20 
17.233 15 20 
17.327 15 20 
17.405 15 20 
17.499 15 20 
17.593 15 20 
17.654 15 20 
17.748 15 20 
17.825 15 20 
17.888 15 20 
17.966 15 20 
18.045 15 20 
18.17 15 20 
18.248 15 20 
18.327 15 20 
18.389 15 20 
18.466 15 20 
18.529 15 20 
18.591 15 20 
18.671 15 20 
18.763 15 20 
18.842 15 20 
18.905 15 20 
18.967 15 20 
19.029 15 20 
19.092 15 20 
19.155 15 20 
19.217 15 20 
19.311 15 20 
19.42 15 20 
19.481 15 20 
19.561 15 20 
19.622 15 20 
19.701 15 20 
19.763 15 20 
19.842 15 20 
19.919 15 20 
19.998 15 20 
20.06 15 20 
20.123 15 20 
20.217 15 20 
20.294 15 20 
20.357 15 20 
20.42 15 20 
20.499 15 20 
20.576 15 20 
