0.066667 0.011394 0.020135 -0.379002 -0.087128 0.803408 0.677456 
0.100000 0.009765 0.024550 -0.420548 -0.094285 0.804748 0.678975 
0.133333 0.012713 0.025261 -0.423972 -0.097326 0.805552 0.679240 
0.166667 0.025518 0.016883 -0.330410 -0.129960 0.804838 0.680601 
0.200000 0.039485 0.008076 -0.288394 -0.124987 0.807019 0.679946 
0.233333 0.040931 0.004804 -0.363643 -0.133390 0.808396 0.680722 
0.266667 0.032520 0.007161 -0.390545 -0.146643 0.810028 0.679932 
0.300000 0.026453 0.009989 -0.229117 -0.178961 0.810131 0.680494 
0.333333 0.025605 0.002777 -0.015648 -0.162614 0.811172 0.680418 
0.366667 0.023590 -0.009407 0.156830 -0.151853 0.813005 0.681583 
0.400000 0.022663 -0.009588 0.372301 -0.174480 0.812496 0.678682 
0.433333 0.027049 0.003009 0.505450 -0.141998 0.813496 0.679668 
0.466667 0.035499 0.014597 0.334171 -0.109105 0.814930 0.679821 
0.500000 0.040618 0.018860 0.017646 -0.118991 0.815786 0.680211 
0.533333 0.038994 0.019014 -0.141611 -0.128000 0.817784 0.680856 
0.566667 0.030715 0.018422 -0.199591 -0.130297 0.818779 0.680840 
0.600000 0.019681 0.014200 -0.402465 -0.133779 0.819727 0.681506 
0.633333 0.012748 0.006204 -0.709036 -0.141834 0.820509 0.682553 
0.666667 0.016532 0.002944 -0.789561 -0.190897 0.820586 0.681486 
0.700000 0.029582 0.004423 -0.476876 -0.205650 0.820898 0.681448 
0.733333 0.039458 0.001738 0.004666 -0.225797 0.822589 0.682596 
0.766667 0.038464 -0.006308 0.337596 -0.194653 0.824684 0.681057 
0.800000 0.034740 -0.003994 0.461245 -0.194653 0.824684 0.681057 
0.833333 0.037523 0.009057 0.492167 -0.177521 0.825951 0.680385 
0.866667 0.044388 0.021085 0.458027 -0.156733 0.827999 0.680879 
0.900000 0.045515 0.022974 0.262487 -0.152634 0.828524 0.682055 
0.933333 0.036693 0.017260 -0.131324 -0.131582 0.831806 0.682101 
0.966667 0.025778 0.013807 -0.530348 -0.151118 0.831744 0.682057 
1.000000 0.024766 0.009823 -0.684588 -0.181682 0.832416 0.682827 
1.033330 0.026968 0.004256 -0.639166 -0.210620 0.832986 0.683338 
1.066670 0.022917 0.003164 -0.583589 -0.199200 0.836118 0.682347 
1.100000 0.023368 0.008103 -0.477353 -0.251896 0.834042 0.681777 
1.133330 0.036971 0.004463 -0.219508 -0.246270 0.836103 0.683930 
1.166670 0.046089 -0.003051 0.065325 -0.262793 0.837532 0.682597 
1.200000 0.038944 -0.003982 0.238977 -0.234469 0.839796 0.680794 
1.233330 0.031706 -0.001127 0.382791 -0.238728 0.839770 0.681367 
1.266670 0.036318 -0.007503 0.541985 -0.233418 0.840802 0.682444 
1.300000 0.038595 -0.009996 0.521026 -0.195912 0.842165 0.680164 
1.333330 0.028036 0.010101 0.251653 -0.176531 0.844221 0.679543 
1.366670 0.016291 0.037843 -0.021634 -0.188174 0.843907 0.680281 
1.400000 0.017722 0.045155 -0.200792 -0.202684 0.844961 0.683057 
1.433330 0.029434 0.028603 -0.445234 -0.179038 0.845953 0.683573 
1.466670 0.034313 0.009641 -0.698411 -0.221733 0.847160 0.684017 
1.500000 0.032434 -0.001172 -0.699769 -0.243529 0.849126 0.683143 
1.533330 0.031089 -0.003383 -0.457597 -0.276614 0.848600 0.683660 
1.566670 0.033094 -0.003047 -0.211935 -0.262219 0.850692 0.682647 
1.600000 0.036269 -0.001812 -0.031111 -0.282304 0.851406 0.682416 
1.633330 0.041400 -0.005430 0.176637 -0.276582 0.852641 0.681994 
1.666670 0.048035 -0.009217 0.374570 -0.272528 0.853821 0.682184 
1.700000 0.050160 -0.005818 0.421897 -0.246138 0.855739 0.679687 
1.733330 0.044272 0.005937 0.311256 -0.238622 0.856740 0.680577 
1.766670 0.032927 0.016696 0.162166 -0.229491 0.859197 0.680217 
1.800000 0.023822 0.023270 -0.001102 -0.236012 0.859042 0.680707 
1.833330 0.024767 0.023363 -0.240412 -0.223802 0.860737 0.681463 
1.866670 0.034674 0.015433 -0.445649 -0.235996 0.861117 0.681806 
1.900000 0.046173 0.004497 -0.428787 -0.274217 0.862997 0.682521 
1.933330 0.049170 -0.000200 -0.298119 -0.274015 0.864407 0.681220 
1.966670 0.041868 0.006224 -0.311130 -0.272514 0.866339 0.680329 
2.000000 0.035109 0.012372 -0.443737 -0.292944 0.867373 0.681406 
2.033330 0.036224 0.007453 -0.468330 -0.312700 0.868016 0.681176 
2.066670 0.039411 -0.003414 -0.259451 -0.320479 0.870158 0.680980 
2.100000 0.038777 -0.007752 0.140978 -0.333947 0.871033 0.679897 
2.133330 0.036052 -0.001889 0.534124 -0.316420 0.871666 0.679534 
2.166670 0.035013 0.008765 0.649953 -0.294744 0.873490 0.678660 
2.200000 0.038933 0.013998 0.411778 -0.260477 0.874427 0.679953 
2.233330 0.047787 0.014045 0.017767 -0.268224 0.875731 0.678938 
2.266670 0.055574 0.013588 -0.322191 -0.275110 0.877648 0.680158 
2.300000 0.055495 0.016239 -0.502374 -0.272443 0.880051 0.678457 
2.333330 0.048549 0.020468 -0.468073 -0.316562 0.881461 0.679583 
2.366670 0.040034 0.016776 -0.357869 -0.323099 0.883021 0.680143 
2.400000 0.030872 0.010178 -0.397523 -0.313842 0.885028 0.678952 
2.433330 0.028751 0.007252 -0.480586 -0.344998 0.885324 0.680022 
2.466670 0.041971 0.005765 -0.299917 -0.358149 0.886157 0.679151 
2.500000 0.059478 0.004111 0.085674 -0.381995 0.887830 0.679338 
2.533330 0.061568 -0.002687 0.285111 -0.342879 0.890336 0.678180 
2.566670 0.048052 -0.005491 0.220965 -0.333922 0.892951 0.677178 
2.600000 0.038052 -0.004173 0.226754 -0.346528 0.892112 0.676681 
2.633330 0.037408 0.000576 0.376201 -0.342877 0.894515 0.677210 
2.666670 0.036441 0.011058 0.328420 -0.303052 0.895572 0.675119 
2.700000 0.032519 0.023803 -0.032463 -0.305070 0.896680 0.676068 
2.733330 0.031090 0.025686 -0.372691 -0.311103 0.898097 0.677760 
2.766670 0.032455 0.019361 -0.414266 -0.344098 0.899214 0.676777 
2.800000 0.036549 0.012009 -0.278868 -0.342018 0.900740 0.677396 
2.833330 0.040862 0.008195 -0.237137 -0.352038 0.901358 0.677618 
2.866670 0.040862 0.006740 -0.352075 -0.353281 0.903536 0.676433 
2.900000 0.035059 0.007187 -0.476729 -0.380267 0.904629 0.677008 
2.933330 0.030286 0.004987 -0.449224 -0.382113 0.905496 0.676247 
2.966670 0.032512 0.001456 -0.220138 -0.418360 0.906630 0.676553 
3.000000 0.043945 -0.005587 0.134341 -0.393869 0.907572 0.675363 
3.033330 0.062231 -0.008730 0.475937 -0.408901 0.909137 0.675395 
3.066670 0.075359 -0.007405 0.662072 -0.366709 0.910667 0.673363 
3.100000 0.070574 0.005220 0.594390 -0.354204 0.913852 0.672322 
3.133330 0.052736 0.019515 0.262142 -0.336693 0.916323 0.672087 
3.166670 0.045365 0.026654 -0.205449 -0.323505 0.917223 0.672469 
3.200000 0.055304 0.025967 -0.545975 -0.350334 0.918311 0.673559 
3.233330 0.061807 0.023257 -0.633477 -0.379964 0.921680 0.673009 
3.266670 0.049209 0.021652 -0.630981 -0.388392 0.924038 0.672344 
3.300000 0.032243 0.015899 -0.637344 -0.400411 0.924866 0.672677 
3.333330 0.030932 0.002236 -0.521906 -0.446251 0.925852 0.674151 
3.366670 0.042347 -0.009666 -0.257076 -0.444550 0.926813 0.672009 
3.400000 0.052713 -0.008446 0.018913 -0.448453 0.928139 0.670536 
3.433330 0.058193 -0.001004 0.251460 -0.446251 0.930046 0.671066 
3.466670 0.058243 0.004591 0.437312 -0.436457 0.931101 0.668975 
3.500000 0.052359 0.007942 0.503551 -0.418381 0.934234 0.669038 
3.533330 0.047094 0.011611 0.446827 -0.389122 0.934869 0.668731 
3.566670 0.046972 0.017466 0.344440 -0.397692 0.936234 0.667974 
3.600000 0.047255 0.017139 0.116242 -0.383647 0.938577 0.668857 
3.633330 0.044060 0.009408 -0.302216 -0.357245 0.940444 0.668100 
3.666670 0.042591 0.004833 -0.636674 -0.403575 0.941030 0.668119 
3.700000 0.045757 0.006421 -0.665748 -0.436792 0.942600 0.667622 
3.733330 0.048643 0.012806 -0.557553 -0.426527 0.944701 0.666670 
3.766670 0.048967 0.022807 -0.445273 -0.463207 0.945564 0.667341 
3.800000 0.052046 0.023923 -0.238632 -0.470647 0.948355 0.666154 
3.833330 0.059504 0.012489 0.025231 -0.480541 0.949578 0.667747 
3.866670 0.064264 -0.005392 0.136084 -0.471127 0.951587 0.665743 
3.900000 0.058048 -0.014555 0.096850 -0.448421 0.954232 0.664502 
3.933330 0.048532 -0.007079 0.174286 -0.472764 0.954493 0.662801 
3.966670 0.045295 0.003317 0.385795 -0.469662 0.955874 0.663040 
4.000000 0.048890 0.008736 0.418368 -0.416820 0.958301 0.662128 
4.033330 0.053557 0.017917 0.190230 -0.435390 0.958714 0.661947 
4.066670 0.057379 0.025506 -0.056512 -0.416536 0.961797 0.661252 
4.100000 0.055500 0.027725 -0.179565 -0.438802 0.963093 0.662342 
4.133330 0.049108 0.017457 -0.261280 -0.435333 0.966220 0.661510 
4.166670 0.041327 0.004364 -0.398865 -0.441522 0.966571 0.661967 
4.200000 0.036654 -0.000712 -0.582228 -0.472167 0.968534 0.660703 
4.233330 0.037492 0.002226 -0.717755 -0.474661 0.968764 0.660225 
4.266670 0.046456 0.007105 -0.641355 -0.512826 0.970858 0.659739 
4.300000 0.061170 0.004506 -0.265776 -0.536530 0.971381 0.659750 
4.333330 0.069466 -0.003494 0.224101 -0.527415 0.974523 0.658228 
4.366670 0.065630 -0.005120 0.513270 -0.518379 0.976288 0.656247 
4.400000 0.060137 -0.000656 0.484934 -0.486431 0.977386 0.655652 
4.433330 0.058898 0.003173 0.325425 -0.478555 0.979138 0.654986 
4.466670 0.056190 0.001992 0.256818 -0.479231 0.981957 0.654073 
4.500000 0.053456 0.004888 0.195973 -0.470606 0.983011 0.653333 
4.533330 0.057231 0.017227 -0.085603 -0.452580 0.983737 0.652274 
4.566670 0.063446 0.029098 -0.489331 -0.460150 0.987365 0.652547 
4.600000 0.064095 0.029952 -0.645933 -0.502123 0.989044 0.653100 
4.633330 0.061934 0.020458 -0.474928 -0.512838 0.991803 0.651707 
4.666670 0.060897 0.015340 -0.336864 -0.540612 0.993606 0.652416 
4.700000 0.064370 0.011554 -0.429136 -0.503581 0.994945 0.650185 
4.733330 0.068197 0.010408 -0.392479 -0.560182 0.998085 0.650775 
4.766670 0.072819 0.000541 0.016875 -0.585760 0.999763 0.649429 
4.800000 0.075688 -0.012519 0.420634 -0.536476 1.001500 0.647462 
4.833330 0.073681 -0.012326 0.492168 -0.528253 1.003730 0.646252 
4.866670 0.066474 -0.004588 0.365095 -0.529663 1.005580 0.643728 
4.900000 0.057318 0.001045 0.189259 -0.501315 1.007200 0.644143 
4.933330 0.047599 0.009673 -0.023586 -0.508431 1.008970 0.642661 
4.966670 0.041684 0.024978 -0.257207 -0.511769 1.010930 0.642040 
5.000000 0.049149 0.041610 -0.508221 -0.525247 1.011350 0.642676 
5.033330 0.068265 0.041684 -0.722453 -0.533777 1.014560 0.643399 
5.066670 0.079520 0.025392 -0.780098 -0.583558 1.017630 0.643666 
5.100000 0.076068 0.004158 -0.658983 -0.592673 1.020690 0.641002 
5.133330 0.064674 -0.005797 -0.396655 -0.609514 1.020890 0.640234 
5.166670 0.055334 -0.009990 -0.010026 -0.634502 1.023750 0.639138 
5.200000 0.051352 -0.014537 0.346046 -0.613234 1.024800 0.637575 
5.233330 0.056785 -0.010784 0.436227 -0.604535 1.024800 0.635992 
5.266670 0.069262 -0.002825 0.298777 -0.569069 1.027420 0.634988 
5.300000 0.078861 0.006392 0.227302 -0.593593 1.028900 0.633371 
5.333330 0.077724 0.007434 0.288143 -0.572376 1.032120 0.632401 
5.366670 0.067820 0.015183 0.212594 -0.568571 1.034100 0.631663 
5.400000 0.062827 0.030097 -0.076994 -0.530241 1.035870 0.628936 
5.433330 0.065582 0.045003 -0.327872 -0.592190 1.038170 0.632222 
5.466670 0.069468 0.034556 -0.440745 -0.571881 1.041040 0.630504 
5.500000 0.058414 0.014205 -0.503150 -0.585796 1.045030 0.629799 
5.533330 0.048356 0.000363 -0.497591 -0.628226 1.044570 0.629755 
5.566670 0.052426 -0.003132 -0.433272 -0.619270 1.045810 0.628076 
5.600000 0.058470 -0.000321 -0.387011 -0.648301 1.047800 0.627182 
5.633330 0.054341 -0.006412 -0.278301 -0.638729 1.049940 0.625928 
5.666670 0.048845 -0.014198 -0.008921 -0.683009 1.050500 0.624573 
5.700000 0.052022 -0.021310 0.279393 -0.643082 1.050990 0.623312 
5.733330 0.063290 -0.015916 0.408387 -0.643725 1.052690 0.621568 
5.766670 0.069948 -0.001478 0.401818 -0.626388 1.053430 0.619689 
5.800000 0.068155 0.015848 0.323264 -0.619512 1.056740 0.618150 
5.833330 0.066942 0.024976 0.141990 -0.601067 1.058320 0.618180 
5.866670 0.071341 0.028734 -0.177787 -0.611135 1.060320 0.618155 
5.900000 0.077048 0.029142 -0.581831 -0.611848 1.063790 0.615794 
5.933330 0.078751 0.026030 -0.884200 -0.638749 1.065650 0.616738 
5.966670 0.075809 0.017247 -0.912495 -0.689631 1.068790 0.615216 
6.000000 0.067448 0.006031 -0.675071 -0.697151 1.071000 0.613705 
6.033330 0.057457 0.003455 -0.253764 -0.719507 1.071930 0.612114 
6.066670 0.056899 0.004741 0.193362 -0.741725 1.074030 0.611626 
6.100000 0.068502 0.002415 0.385416 -0.695244 1.075080 0.610592 
6.133330 0.081912 0.003333 0.294149 -0.687620 1.077060 0.608219 
6.166670 0.086418 0.003231 0.206118 -0.701714 1.079860 0.607078 
6.200000 0.080475 -0.006824 0.224641 -0.682892 1.081880 0.604925 
6.233330 0.068684 -0.016107 0.261022 -0.663321 1.083840 0.603817 
6.266670 0.058266 -0.010401 0.295262 -0.675329 1.084600 0.600533 
6.300000 0.053646 0.007550 0.171359 -0.666485 1.086060 0.600790 
6.333330 0.056932 0.027089 -0.308000 -0.630912 1.087870 0.599287 
6.366670 0.063104 0.040441 -0.867635 -0.676066 1.090180 0.599069 
6.400000 0.071245 0.034472 -1.009443 -0.716382 1.092730 0.599779 
6.433330 0.075183 0.016863 -0.717862 -0.754051 1.095870 0.598258 
6.466670 0.070553 0.000522 -0.355545 -0.747121 1.096920 0.595755 
6.500000 0.062969 -0.004615 -0.102278 -0.772067 1.099150 0.595242 
6.533330 0.060087 -0.008771 0.083870 -0.764590 1.099670 0.593146 
6.566670 0.060831 -0.011300 0.215302 -0.762365 1.101670 0.592068 
6.600000 0.062264 -0.010585 0.262881 -0.749553 1.102280 0.589511 
6.633330 0.066908 -0.004939 0.253622 -0.745309 1.104010 0.588544 
6.666670 0.075621 0.003544 0.255207 -0.727429 1.105420 0.586938 
6.700000 0.081726 0.017092 0.234415 -0.743719 1.107620 0.584901 
6.733330 0.078873 0.021936 0.046395 -0.704595 1.110130 0.583867 
6.766670 0.067065 0.021804 -0.281140 -0.724237 1.113480 0.582951 
6.800000 0.060406 0.016611 -0.501902 -0.734579 1.114310 0.581840 
6.833330 0.065896 0.018200 -0.550284 -0.772214 1.116410 0.581352 
6.866670 0.076280 0.022536 -0.607829 -0.761443 1.118350 0.579734 
6.900000 0.078272 0.027144 -0.677753 -0.794958 1.121120 0.578282 
6.933330 0.077716 0.019965 -0.532214 -0.824156 1.124260 0.577287 
6.966670 0.086197 0.003862 -0.140032 -0.835891 1.125120 0.576161 
7.000000 0.097006 -0.009216 0.240133 -0.833825 1.127500 0.573459 
7.033330 0.094753 -0.013986 0.437314 -0.802317 1.129930 0.570119 
7.066670 0.082983 -0.006802 0.526171 -0.812482 1.131110 0.567756 
7.100000 0.073854 -0.004179 0.545542 -0.776065 1.132920 0.566411 
7.133330 0.068559 -0.000057 0.358256 -0.772835 1.134880 0.565171 
7.166670 0.062323 0.007757 -0.067221 -0.741238 1.136250 0.561738 
7.200000 0.058437 0.020713 -0.472120 -0.772868 1.137580 0.562489 
7.233330 0.061927 0.027008 -0.622054 -0.791337 1.140820 0.561737 
7.266670 0.070417 0.032751 -0.621352 -0.819347 1.141650 0.559761 
7.300000 0.081064 0.033754 -0.623137 -0.810285 1.144630 0.559260 
7.333330 0.084261 0.027305 -0.517263 -0.861766 1.147770 0.558790 
7.366670 0.078880 0.006137 -0.277821 -0.873884 1.150110 0.555263 
7.400000 0.068255 -0.012992 -0.150183 -0.862984 1.151420 0.555179 
7.433330 0.061261 -0.015144 -0.144951 -0.861732 1.151930 0.551514 
7.466670 0.062374 -0.003357 0.059260 -0.891335 1.152970 0.550482 
7.500000 0.069858 0.002086 0.461976 -0.876561 1.154540 0.548935 
7.533330 0.076938 -0.003399 0.607776 -0.856113 1.156400 0.547473 
7.566670 0.076382 -0.014216 0.327885 -0.797352 1.157880 0.544244 
7.600000 0.073129 -0.009539 -0.011093 -0.853614 1.159010 0.542873 
7.633330 0.069851 0.000945 -0.164844 -0.824201 1.160780 0.541175 
7.666670 0.066445 0.025735 -0.235573 -0.832732 1.161820 0.538571 
7.700000 0.059923 0.046294 -0.321502 -0.854874 1.164440 0.538616 
7.733330 0.055130 0.043199 -0.481686 -0.860642 1.168110 0.538679 
7.766670 0.057569 0.024412 -0.688818 -0.863029 1.169150 0.537648 
7.800000 0.067431 0.011687 -0.714884 -0.914515 1.170720 0.536626 
7.833330 0.078651 0.004130 -0.483586 -0.933252 1.172670 0.534353 
7.866670 0.080707 -0.003220 -0.231125 -0.933755 1.174370 0.533019 
7.900000 0.072217 -0.010075 -0.055680 -0.931469 1.175920 0.529377 
7.933330 0.063826 -0.013401 0.171697 -0.952534 1.176430 0.528338 
7.966670 0.063041 -0.013103 0.358837 -0.937775 1.178000 0.526793 
8.000000 0.065896 -0.003706 0.289176 -0.901768 1.177470 0.523803 
8.033330 0.067723 0.011795 0.139802 -0.906165 1.180590 0.522123 
8.066670 0.069706 0.019641 0.205720 -0.922941 1.181640 0.522140 
8.100000 0.072844 0.014706 0.279181 -0.906178 1.183710 0.519033 
8.133330 0.074787 0.000609 0.026059 -0.863027 1.185800 0.518021 
8.166670 0.078200 -0.006524 -0.360732 -0.908063 1.187360 0.516477 
8.200000 0.081623 -0.003202 -0.515809 -0.909181 1.188270 0.513410 
8.233330 0.076064 0.016128 -0.489101 -0.942521 1.189420 0.511277 
8.266670 0.064276 0.027950 -0.539487 -0.934664 1.193470 0.509843 
8.300000 0.062713 0.030664 -0.652988 -0.963990 1.194130 0.509262 
8.333330 0.067141 0.030901 -0.696613 -0.990776 1.195700 0.508765 
