0.7 0.00335066 -0.000891397 0.0221614 -2.83635 
0.733333 0.00352089 -0.000945656 0.0263033 -2.82291 
0.766667 0.00365382 -0.00103788 0.0300511 -2.80885 
0.8 0.00375934 -0.00113551 0.031315 -2.79711 
0.833333 0.00382371 -0.00113593 0.0315507 -2.78652 
0.866667 0.00400506 -0.00101607 0.0334973 -2.77355 
0.9 0.00416411 -0.00102666 0.0325985 -2.7634 
0.933333 0.00429813 -0.00104096 0.0280892 -2.75788 
0.966667 0.00427549 -0.000897882 0.0259926 -2.75098 
1 0.00443208 -0.00105249 0.0191743 -2.75039 
1.03333 0.00461914 -0.00113032 0.0147838 -2.74918 
1.06667 0.00491517 -0.00121852 0.0126395 -2.74679 
1.1 0.00491281 -0.00116109 0.0129528 -2.74221 
1.13333 0.00516101 -0.00114317 0.0171319 -2.73296 
1.16667 0.00513374 -0.00114302 0.021928 -2.72158 
1.2 0.00521751 -0.00109717 0.0268755 -2.70843 
1.23333 0.00515702 -0.00130061 0.0289343 -2.69705 
1.26667 0.00516917 -0.00146346 0.0313413 -2.68456 
1.3 0.00517607 -0.00135391 0.0388704 -2.66522 
1.33333 0.00532927 -0.00118686 0.0455887 -2.64434 
1.36667 0.00534664 -0.00120965 0.0438773 -2.63116 
1.4 0.00535208 -0.00133765 0.0398106 -2.62134 
1.43333 0.00537786 -0.00137924 0.036454 -2.61203 
1.46667 0.0054834 -0.00136855 0.0321185 -2.60499 
1.5 0.00562986 -0.00136716 0.0270684 -2.60025 
1.53333 0.00568893 -0.00130781 0.0243709 -2.59441 
1.56667 0.0058334 -0.00135568 0.0209394 -2.59034 
1.6 0.00593456 -0.00145627 0.0175512 -2.58736 
1.63333 0.00598483 -0.00161463 0.0149503 -2.58458 
1.66667 0.00606341 -0.0016093 0.0178702 -2.57615 
1.7 0.00612011 -0.00175896 0.0197182 -2.56801 
1.73333 0.00610695 -0.00171811 0.0255567 -2.55455 
1.76667 0.00602174 -0.00171785 0.0311469 -2.53943 
1.8 0.00591722 -0.00176776 0.0345812 -2.52499 
1.83333 0.00585181 -0.00181106 0.0388179 -2.50846 
1.86667 0.00586979 -0.00176692 0.039975 -2.49416 
1.9 0.00598396 -0.00185273 0.0376665 -2.48356 
1.93333 0.00609509 -0.00183567 0.0366399 -2.47221 
1.96667 0.00621762 -0.00165521 0.0346711 -2.46232 
2 0.00632722 -0.00154028 0.0327549 -2.45303 
2.03333 0.00638703 -0.00165701 0.0246088 -2.45173 
2.06667 0.00642921 -0.00171951 0.0173438 -2.4521 
2.1 0.00645463 -0.00178371 0.0144473 -2.44974 
2.13333 0.00669192 -0.00173253 0.0153987 -2.4438 
2.16667 0.00686106 -0.00174395 0.0170668 -2.4367 
2.2 0.00693667 -0.00188321 0.0185986 -2.4292 
2.23333 0.00694403 -0.00197094 0.0214524 -2.41963 
2.26667 0.00699392 -0.00201581 0.0250842 -2.40819 
2.3 0.00701401 -0.00204551 0.0308653 -2.39301 
2.33333 0.00705706 -0.00211184 0.0348064 -2.37807 
2.36667 0.00715664 -0.0019993 0.0422323 -2.3577 
2.4 0.00718472 -0.00208038 0.0410685 -2.345 
2.43333 0.00724376 -0.00200566 0.0411439 -2.33122 
2.46667 0.00739925 -0.00199828 0.038894 -2.32016 
2.5 0.00747074 -0.00188837 0.0355518 -2.31114 
2.53333 0.00748583 -0.00181403 0.0326119 -2.30276 
2.56667 0.00774054 -0.001879 0.0265515 -2.29904 
2.6 0.00779521 -0.00190608 0.0224409 -2.29504 
2.63333 0.00782347 -0.00172199 0.0232636 -2.28659 
2.66667 0.00788782 -0.00186596 0.0200797 -2.2826 
2.7 0.00797834 -0.00198678 0.0213676 -2.27438 
2.73333 0.0079827 -0.0020585 0.0235265 -2.26471 
2.76667 0.00785092 -0.00216043 0.0267636 -2.25305 
2.8 0.00769105 -0.00221168 0.0316667 -2.23834 
2.83333 0.00786371 -0.00221585 0.036155 -2.22249 
2.86667 0.00781925 -0.00242616 0.0372387 -2.20916 
2.9 0.00771515 -0.00245305 0.0388202 -2.19488 
2.93333 0.00777406 -0.00229494 0.0419192 -2.17828 
2.96667 0.00781717 -0.00208029 0.0435274 -2.16241 
3 0.00775767 -0.00187264 0.044263 -2.14703 
3.03333 0.00786046 -0.00186877 0.0402303 -2.13703 
3.06667 0.00789543 -0.00185309 0.0374478 -2.12691 
3.1 0.00793208 -0.0018457 0.0317685 -2.12113 
3.13333 0.00805942 -0.00178445 0.0300218 -2.1126 
3.16667 0.00817497 -0.00179568 0.0274043 -2.10568 
3.2 0.00821812 -0.00187324 0.0247411 -2.09969 
3.23333 0.0082962 -0.00205103 0.024299 -2.09197 
3.26667 0.00839661 -0.00208466 0.0286817 -2.0787 
3.3 0.00840937 -0.00211273 0.0325831 -2.06453 
3.33333 0.00840698 -0.00224652 0.0331506 -2.053 
3.36667 0.00852379 -0.00237435 0.0370252 -2.03737 
3.4 0.00840756 -0.00237747 0.0430206 -2.01796 
3.43333 0.0084156 -0.00231569 0.0462792 -1.99977 
3.46667 0.00839499 -0.00234753 0.0463053 -1.98431 
3.5 0.00851446 -0.00231025 0.0446657 -1.97081 
3.53333 0.00860833 -0.00217052 0.0426387 -1.95832 
3.56667 0.00858947 -0.00211522 0.0397414 -1.94752 
3.6 0.00868042 -0.00190565 0.0389274 -1.93524 
3.63333 0.00884817 -0.00182496 0.0358376 -1.92591 
3.66667 0.00890686 -0.0017745 0.0325945 -1.91779 
3.7 0.00893881 -0.00189699 0.0297228 -1.91032 
3.73333 0.00928095 -0.00203476 0.0269992 -1.90362 
3.76667 0.00926382 -0.00215835 0.0255465 -1.89634 
3.8 0.00919719 -0.00220066 0.0276755 -1.88531 
3.83333 0.00908037 -0.00238286 0.02816 -1.87551 
3.86667 0.00889529 -0.00241238 0.0334038 -1.85994 
3.9 0.00883051 -0.0023667 0.0421851 -1.83844 
3.93333 0.00872113 -0.00238616 0.0489511 -1.81639 
3.96667 0.0087714 -0.00238896 0.052494 -1.79589 
4 0.00878454 -0.0023538 0.0517467 -1.77927 
4.03333 0.00886734 -0.00234308 0.0503111 -1.76372 
4.06667 0.00893428 -0.00214911 0.052304 -1.74459 
4.1 0.00897128 -0.00199602 0.0501892 -1.72966 
4.13333 0.00914808 -0.00195911 0.0457402 -1.71818 
4.16667 0.00914192 -0.0020705 0.039306 -1.71053 
4.2 0.0091546 -0.00208278 0.0347831 -1.70276 
4.23333 0.00922784 -0.00205805 0.0326595 -1.69368 
4.26667 0.00949781 -0.0021836 0.0334369 -1.68187 
4.3 0.00958954 -0.00227727 0.0330249 -1.67121 
4.33333 0.00951578 -0.00251637 0.0329832 -1.66025 
4.36667 0.00944899 -0.00261677 0.0371051 -1.64439 
4.4 0.00937737 -0.00281035 0.0411715 -1.62723 
4.43333 0.00941108 -0.00289377 0.0444071 -1.60968 
4.46667 0.00923794 -0.00293404 0.0499197 -1.58837 
