0.7 0.00422714 -0.000936815 0.0300666 2.0223 
0.733333 0.00441262 -0.000978016 0.0335614 2.03925 
0.766667 0.00458329 -0.0010051 0.0364297 2.05466 
0.8 0.00481409 -0.000967049 0.0367162 2.06736 
0.833333 0.00497867 -0.000953441 0.0352754 2.07798 
0.866667 0.00516212 -0.000899289 0.0323273 2.08633 
0.9 0.00532611 -0.000901512 0.026828 2.09054 
0.933333 0.00557884 -0.00086322 0.0229614 2.09491 
0.966667 0.00559157 -0.0009317 0.0180437 2.09672 
1 0.00572704 -0.00091367 0.015558 2.0998 
1.03333 0.00583504 -0.000933231 0.0162498 2.1058 
1.06667 0.00597287 -0.00111447 0.0177499 2.11299 
1.1 0.00607175 -0.00126667 0.0199912 2.12155 
1.13333 0.00614005 -0.00131888 0.0243117 2.13331 
1.16667 0.00613191 -0.00137075 0.0289324 2.14687 
1.2 0.00609944 -0.00147002 0.0332545 2.16162 
1.23333 0.00614718 -0.00147451 0.038556 2.17896 
1.26667 0.00614184 -0.0014947 0.0408537 2.19453 
1.3 0.00624301 -0.00149714 0.0419777 2.20947 
1.33333 0.00624584 -0.00140531 0.0410097 2.22232 
1.36667 0.0063784 -0.00130707 0.0388049 2.23339 
1.4 0.00640239 -0.00122186 0.0354576 2.24237 
1.43333 0.00657846 -0.00126497 0.0313056 2.24929 
1.46667 0.00679384 -0.00131111 0.0268796 2.2545 
1.5 0.00692105 -0.00129535 0.020757 2.25623 
1.53333 0.00694211 -0.00135389 0.0185661 2.26056 
1.56667 0.00698113 -0.00143809 0.0173483 2.26532 
1.6 0.00706401 -0.00156726 0.0185857 2.27256 
1.63333 0.00715239 -0.00165089 0.0218541 2.28261 
1.66667 0.00712813 -0.00171283 0.0259785 2.29477 
1.7 0.00716766 -0.00174193 0.03001 2.30818 
1.73333 0.00715308 -0.00176854 0.0355468 2.32472 
1.76667 0.00711365 -0.00181583 0.0404242 2.34233 
1.8 0.00704518 -0.00178148 0.0431982 2.35908 
1.83333 0.00701244 -0.00170486 0.0437608 2.37414 
1.86667 0.00703484 -0.00162631 0.0418496 2.38647 
1.9 0.00717306 -0.00157398 0.0398002 2.398 
1.93333 0.0072887 -0.00153091 0.0355264 2.40623 
1.96667 0.00742371 -0.0015724 0.0302519 2.41184 
2 0.00753369 -0.00149345 0.0273919 2.41855 
2.03333 0.00751007 -0.00150584 0.0235178 2.42311 
2.06667 0.00768366 -0.00156638 0.0217807 2.4289 
2.1 0.00775819 -0.00168306 0.0210513 2.43529 
2.13333 0.00780209 -0.00182684 0.0219899 2.44342 
2.16667 0.00781404 -0.00192602 0.0234803 2.45251 
2.2 0.00776654 -0.00198635 0.0272481 2.46478 
2.23333 0.00774244 -0.0020327 0.032741 2.48035 
2.26667 0.00774687 -0.00213234 0.0366545 2.49588 
2.3 0.00774677 -0.0021349 0.0418257 2.51421 
2.33333 0.00771814 -0.00208157 0.0458792 2.53293 
2.36667 0.00766493 -0.00202194 0.0467218 2.54922 
2.4 0.00778305 -0.00195739 0.0460573 2.56401 
2.43333 0.00785166 -0.00191565 0.0437358 2.57662 
2.46667 0.00791043 -0.00200294 0.0381822 2.58465 
2.5 0.00807975 -0.00193979 0.0335358 2.59189 
2.53333 0.00818424 -0.00187635 0.0290222 2.59774 
2.56667 0.00830401 -0.00186099 0.0261079 2.60397 
2.6 0.00841091 -0.00192956 0.024566 2.61085 
2.63333 0.00845018 -0.00203388 0.0243191 2.61875 
2.66667 0.00850446 -0.00210475 0.0256853 2.62847 
2.7 0.00846286 -0.0021966 0.0270276 2.63862 
2.73333 0.00839443 -0.00228902 0.0312649 2.65263 
2.76667 0.00845884 -0.00238355 0.0346839 2.66709 
2.8 0.00834976 -0.00248264 0.0388751 2.68359 
2.83333 0.00838915 -0.0024921 0.0428722 2.70127 
2.86667 0.00834732 -0.00246149 0.0454341 2.71859 
2.9 0.00838209 -0.002348 0.0473259 2.73596 
2.93333 0.00839588 -0.00226897 0.0471266 2.7515 
2.96667 0.00844182 -0.00227317 0.0455291 2.76533 
3 0.00852275 -0.00217876 0.0420248 2.77637 
3.03333 0.00864862 -0.00218207 0.036495 2.78385 
3.06667 0.00866439 -0.00217726 0.0310404 2.78957 
3.1 0.00878836 -0.00219262 0.0282461 2.79662 
3.13333 0.00884552 -0.00223558 0.0258483 2.80321 
3.16667 0.00892345 -0.00233389 0.0243827 2.81009 
3.2 0.0089963 -0.00237786 0.0251049 2.81907 
3.23333 0.00898823 -0.00245562 0.0271563 2.82986 
3.26667 0.00900958 -0.00253868 0.0304509 2.8428 
3.3 0.0089946 -0.00266418 0.0343183 2.85752 
3.33333 0.00895304 -0.00273441 0.0387269 2.87416 
3.36667 0.00892179 -0.00272336 0.0422923 2.89128 
3.4 0.00889243 -0.00278626 0.0454261 2.90908 
3.43333 0.00895872 -0.00276728 0.0464627 2.92544 
3.46667 0.00908705 -0.00276182 0.0425448 2.93631 
3.5 0.00914708 -0.00256837 0.0415748 2.94934 
3.53333 0.00923982 -0.00244433 0.0399889 2.96133 
3.56667 0.00931096 -0.00239741 0.0362566 2.97025 
3.6 0.00950391 -0.00244818 0.030031 2.97499 
3.63333 0.00946927 -0.00243869 0.0272045 2.98166 
3.66667 0.00958666 -0.00244037 0.0253965 2.9886 
3.7 0.00966474 -0.0024385 0.0245957 2.99612 
3.73333 0.00982259 -0.00261944 0.0244725 3.00417 
3.76667 0.00986081 -0.00268332 0.0269207 3.01522 
3.8 0.00989726 -0.0027476 -0.21066 2.74374 
3.83333 0.00991284 -0.00283522 -0.3811 2.47232 
3.86667 0.00982584 -0.00285506 -0.501398 2.20328 
3.9 0.0097334 -0.00284193 -0.585064 1.93738 
3.93333 0.00971891 -0.00283381 -0.64449 1.67221 
3.96667 0.00968458 -0.00286395 -0.689868 1.40381 
4 0.00971346 -0.00273378 -0.722117 1.13579 
4.03333 0.00969405 -0.0026062 -0.748432 0.86402 
4.06667 0.0098109 -0.00245699 -0.768652 0.590673 
4.1 0.00992709 -0.00240039 -0.784081 0.316243 
4.13333 0.0100066 -0.00234691 -0.797185 0.0394133 
4.16667 0.0100103 -0.00229497 -0.805422 -0.236038 
4.2 0.0100431 -0.00227434 -0.811788 -0.512028 
4.23333 0.00989524 -0.00233871 -0.817535 -0.789407 
4.26667 0.00995701 -0.00246575 -0.820405 -1.06531 
4.3 0.00998572 -0.0025866 -0.820754 -1.33919 
4.33333 0.00985815 -0.00259677 -0.816317 -1.60753 
4.36667 0.00993864 -0.00269824 -0.813616 -1.87645 
4.4 0.00985768 -0.002763 -0.81076 -2.14429 
4.43333 0.00977145 -0.00295644 -0.809756 -2.41335 
4.46667 0.00957284 -0.00278218 -0.805462 -2.6782 
4.5 0.00955591 -0.00269853 -0.802068 -2.94269 
4.53333 0.00961714 -0.00263158 -0.560879 -2.92533 
