0.269 25 -50 
0.346 25 -50 
0.441 25 -50 
0.503 25 -50 
0.565 25 -50 
0.628 25 -50 
0.69 25 -50 
0.753 25 -50 
0.831 25 -50 
0.895 25 -50 
0.958 25 -50 
1.018 25 -50 
1.082 25 -50 
1.159 25 -50 
1.222 25 -50 
1.301 25 -50 
1.363 25 -50 
1.425 25 -50 
1.489 25 -50 
1.55 25 -50 
1.613 25 -50 
1.691 25 -50 
1.753 25 -50 
1.832 25 -50 
1.895 25 -50 
1.957 25 -50 
2.02 25 -50 
2.098 25 -50 
2.159 25 -50 
2.223 25 -50 
2.301 25 -50 
2.378 25 -50 
2.441 25 -50 
2.535 25 -50 
2.598 25 -50 
2.66 25 -50 
2.722 25 -50 
2.786 25 -50 
2.847 25 -50 
2.925 25 -50 
2.987 25 -50 
3.066 25 -50 
3.128 25 -50 
3.191 25 -50 
3.254 25 -50 
3.332 25 -50 
3.394 25 -50 
3.457 25 -50 
3.518 25 -50 
3.582 25 -50 
3.644 25 -50 
3.738 25 -50 
3.8 25 -50 
3.863 25 -50 
3.926 25 -50 
3.988 25 -50 
4.05 25 -50 
4.129 25 -50 
4.191 25 -50 
4.253 25 -50 
4.332 25 -50 
4.41 25 -50 
4.503 25 -50 
4.567 25 -50 
4.628 25 -50 
4.692 25 -50 
4.754 25 -50 
4.817 25 -50 
4.91 25 -50 
4.988 25 -50 
5.051 25 -50 
5.129 25 -50 
5.192 25 -50 
5.254 25 -50 
5.333 25 -50 
5.394 25 -50 
5.458 25 -50 
5.52 25 -50 
5.596 25 -50 
5.643 25 -50 
5.737 25 -50 
5.784 25 -50 
5.862 25 -50 
5.926 25 -50 
5.988 25 -50 
6.052 25 -50 
6.129 25 -50 
6.191 25 -50 
6.253 25 -50 
6.316 25 -50 
6.393 25 -50 
6.457 25 -50 
6.534 25 -50 
6.598 25 -50 
6.66 25 -50 
6.722 25 -50 
6.785 25 -50 
6.847 25 -50 
6.926 25 -50 
7.003 25 -50 
7.066 25 -50 
7.113 25 -50 
7.191 25 -50 
7.253 25 -50 
7.332 25 -50 
7.395 25 -50 
7.458 25 -50 
7.535 25 -50 
7.612 25 -50 
7.691 25 -50 
7.754 25 -50 
7.832 25 -50 
7.895 25 -50 
7.957 25 -50 
8.019 25 -50 
8.098 25 -50 
8.16 25 -50 
8.222 25 -50 
8.285 25 -50 
8.347 25 -50 
8.426 25 -50 
8.504 25 -50 
8.566 25 -50 
8.629 25 -50 
8.691 25 -50 
8.754 25 -50 
8.816 25 -50 
8.895 25 -50 
8.956 25 -50 
9.035 25 -50 
9.129 25 -50 
9.191 25 -50 
9.27 25 -50 
9.332 25 -50 
9.394 25 -50 
