0.255 25 -50 
0.349 25 -50 
0.427 25 -50 
0.505 25 -50 
0.568 25 -50 
0.63 25 -50 
0.692 25 -50 
0.754 25 -50 
0.818 25 -50 
0.896 25 -50 
0.958 25 -50 
1.02 25 -50 
1.083 25 -50 
1.161 25 -50 
1.224 25 -50 
1.317 25 -50 
1.397 25 -50 
1.458 25 -50 
1.522 25 -50 
1.584 25 -50 
1.646 25 -50 
1.723 25 -50 
1.786 25 -50 
1.848 25 -50 
1.927 25 -50 
1.99 25 -50 
2.053 25 -50 
2.13 25 -50 
2.192 25 -50 
2.256 25 -50 
2.334 25 -50 
2.412 25 -50 
2.489 25 -50 
2.552 25 -50 
2.63 25 -50 
2.692 25 -50 
2.755 25 -50 
2.818 25 -50 
2.896 25 -50 
2.959 25 -50 
3.021 25 -50 
3.084 25 -50 
3.146 25 -50 
3.224 25 -50 
3.302 25 -50 
3.365 25 -50 
3.427 25 -50 
3.49 25 -50 
3.551 25 -50 
3.615 25 -50 
3.693 25 -50 
3.754 25 -50 
3.817 25 -50 
3.895 25 -50 
3.959 25 -50 
4.02 25 -50 
4.1 25 -50 
4.161 25 -50 
4.224 25 -50 
4.285 25 -50 
4.348 25 -50 
4.411 25 -50 
4.49 25 -50 
4.567 25 -50 
4.629 25 -50 
4.693 25 -50 
4.755 25 -50 
4.818 25 -50 
4.896 25 -50 
4.959 25 -50 
5.021 25 -50 
5.084 25 -50 
5.162 25 -50 
5.223 25 -50 
5.303 25 -50 
5.365 25 -50 
5.427 25 -50 
5.489 25 -50 
5.553 25 -50 
5.615 25 -50 
5.692 25 -50 
5.754 25 -50 
5.834 25 -50 
5.88 25 -50 
5.957 25 -50 
6.021 25 -50 
6.099 25 -50 
6.162 25 -50 
6.223 25 -50 
6.287 25 -50 
6.348 25 -50 
6.411 25 -50 
6.489 25 -50 
6.568 25 -50 
6.631 25 -50 
6.693 25 -50 
6.755 25 -50 
6.817 25 -50 
6.896 25 -50 
6.958 25 -50 
7.02 25 -50 
7.082 25 -50 
7.146 25 -50 
7.208 25 -50 
7.303 25 -50 
7.365 25 -50 
7.428 25 -50 
7.489 25 -50 
7.552 25 -50 
7.615 25 -50 
7.707 25 -50 
7.787 25 -50 
7.849 25 -50 
7.928 25 -50 
7.99 25 -50 
8.053 25 -50 
8.13 25 -50 
8.192 25 -50 
8.255 25 -50 
8.317 25 -50 
8.381 25 -50 
8.458 25 -50 
8.537 25 -50 
8.6 25 -50 
8.662 25 -50 
8.725 25 -50 
8.786 25 -50 
8.849 25 -50 
8.927 25 -50 
8.988 25 -50 
9.052 25 -50 
9.129 25 -50 
9.192 25 -50 
9.255 25 -50 
9.332 25 -50 
9.395 25 -50 
9.457 25 -50 
