0.7 0.00576461 0.00201373 -0.0291322 -0.838404 
0.733333 0.00625416 0.00218616 -0.028345 -0.851272 
0.766667 0.00668201 0.00235664 -0.0264069 -0.858556 
0.8 0.00696265 0.00248807 -0.0249241 -0.865064 
0.833333 0.00720474 0.00263706 -0.0254154 -0.873453 
0.866667 0.00731576 0.00281346 -0.0309208 -0.888402 
0.9 0.00743384 0.0029759 -0.0375474 -0.90646 
0.933333 0.00748322 0.00302982 -0.0452891 -0.928149 
0.966667 0.00750541 0.00325572 -0.0516639 -0.950778 
1 0.00771482 0.00336984 -0.0568608 -0.974149 
1.03333 0.00786963 0.00335711 -0.0594669 -0.996188 
1.06667 0.00802002 0.00328737 -0.0595849 -1.01615 
1.1 0.00816343 0.00318583 -0.0556912 -1.03142 
1.13333 0.00828677 0.00320884 -0.0522258 -1.04589 
1.16667 0.00849858 0.00321403 -0.045685 -1.05558 
1.2 0.00868475 0.00324431 -0.0415254 -1.0659 
1.23333 0.00897553 0.00328555 -0.0381566 -1.07576 
1.26667 0.00922503 0.00345282 -0.0379701 -1.08826 
1.3 0.00938474 0.00362242 -0.0390307 -1.10217 
1.33333 0.00944534 0.00380199 -0.0437788 -1.12079 
1.36667 0.00935614 0.00401319 -0.0496349 -1.14229 
1.4 0.00940948 0.00403856 -0.0558688 -1.16619 
1.43333 0.00941093 0.00414719 -0.0610121 -1.19089 
1.46667 0.0093751 0.00413736 -0.0636622 -1.21435 
1.5 0.00945358 0.00408343 -0.0644044 -1.23645 
1.53333 0.00973617 0.00405905 -0.06206 -1.25515 
1.56667 0.00993618 0.00388947 -0.0577767 -1.27078 
1.6 0.010112 0.00377077 -0.0523678 -1.28366 
1.63333 0.0102683 0.00372604 -0.0458961 -1.29347 
1.66667 0.0103966 0.00377826 -0.0440042 -1.30654 
1.7 0.0105958 0.00384944 -0.0431771 -1.32023 
1.73333 0.0106356 0.00396855 -0.0440382 -1.33564 
1.76667 0.0105843 0.00411832 -0.047797 -1.35476 
1.8 0.0105995 0.00427494 -0.0530398 -1.37688 
1.83333 0.0105743 0.00435435 -0.0577568 -1.40013 
1.86667 0.0106185 0.00432071 -0.0623204 -1.42476 
1.9 0.0106336 0.00425838 -0.066397 -1.45035 
1.93333 0.0107252 0.00422434 -0.0663898 -1.47247 
1.96667 0.0107013 0.00418894 -0.0650768 -1.49305 
2 0.0108519 0.00403326 -0.0600894 -1.50886 
2.03333 0.0110203 0.00403937 -0.057692 -1.52606 
2.06667 0.0112123 0.00417789 -0.0541896 -1.54115 
2.1 0.0115425 0.0042415 -0.0512608 -1.55576 
2.13333 0.0116127 0.00443706 -0.0503231 -1.57174 
2.16667 0.0117004 0.00444165 -0.0530457 -1.59173 
2.2 0.0117173 0.00451546 -0.0552725 -1.61204 
2.23333 0.0116088 0.0045673 -0.0599637 -1.636 
2.26667 0.0113797 0.00462184 -0.0657579 -1.66283 
2.3 0.0112596 0.00469874 -0.0708322 -1.69074 
2.33333 0.011354 0.00472371 -0.0735619 -1.71757 
2.36667 0.0113582 0.0047439 -0.0745938 -1.74331 
2.4 0.0114929 0.00462649 -0.0712409 -1.76422 
2.43333 0.0116047 0.00445973 -0.0671017 -1.78308 
2.46667 0.0116893 0.00443757 -0.0617686 -1.79915 
2.5 0.0118109 0.00443923 -0.056199 -1.81316 
2.53333 0.0119457 0.00450275 -0.0528298 -1.82792 
2.56667 0.0120886 0.00461387 -0.051388 -1.84383 
2.6 0.0121279 0.00479525 -0.0514111 -1.86098 
2.63333 0.0121497 0.00503254 -0.0548312 -1.88216 
2.66667 0.0121059 0.00516877 -0.0613537 -1.90814 
2.7 0.0120854 0.0052203 -0.0651663 -1.93309 
2.73333 0.0120079 0.00528269 -0.0693975 -1.9598 
2.76667 0.0118956 0.00521302 -0.0693518 -1.98288 
2.8 0.0119093 0.00497429 -0.0698075 -2.00654 
2.83333 0.0118859 0.00485033 -0.0672498 -2.02679 
2.86667 0.0119734 0.00472552 -0.0610643 -2.0419 
2.9 0.0120746 0.00473908 -0.0543233 -2.0543 
2.93333 0.0121458 0.00473889 -0.0503495 -2.06772 
2.96667 0.012229 0.00486493 -0.0470833 -2.08064 
3 0.0123189 0.00491287 -0.0449963 -2.09388 
3.03333 0.0123175 0.00505777 -0.0456115 -2.1096 
3.06667 0.0122009 0.00523848 -0.0479808 -2.1276 
3.1 0.0120906 0.00540601 -0.0522557 -2.14864 
3.13333 0.0119796 0.00552145 -0.0583243 -2.17322 
3.16667 0.0118278 0.00564229 -0.0625301 -2.19763 
3.2 0.0117194 0.00551894 -0.0666774 -2.22337 
3.23333 0.011757 0.00539373 -0.0689173 -2.24824 
3.26667 0.0116354 0.00521446 -0.0690315 -2.27135 
3.3 0.0115353 0.00504913 -0.0650739 -2.28968 
3.33333 0.0115916 0.00495165 -0.0602027 -2.30563 
3.36667 0.011652 0.00487151 -0.0537587 -2.31809 
3.4 0.0117103 0.00481221 -0.0450182 -2.32569 
3.43333 0.0118304 0.00484057 -0.0413913 -2.33641 
3.46667 0.0118098 0.00491002 -0.0401824 -2.34878 
3.5 0.0118082 0.00504982 -0.0418006 -2.36409 
3.53333 0.0117154 0.00528141 -0.0445495 -2.38127 
3.56667 0.0115958 0.0054301 -0.0496351 -2.40212 
3.6 0.0113927 0.00547786 -0.0562704 -2.4265 
3.63333 0.0112084 0.00551492 -0.0625125 -2.45262 
3.66667 0.0111164 0.00544126 -0.0661583 -2.47776 
3.7 0.0110508 0.00526998 -0.0678538 -2.50182 
3.73333 0.0110722 0.00511777 -0.0664836 -2.52282 
3.76667 0.0112122 0.00497016 -0.0625099 -2.54029 
3.8 0.0112855 0.00479532 -0.0576691 -2.55541 
3.83333 0.0114979 0.00465475 -0.0521463 -2.56811 
3.86667 0.0116186 0.00468297 -0.0456868 -2.57787 
3.9 0.0116995 0.00469273 -0.0422281 -2.58902 
3.93333 0.0117855 0.00483894 -0.041152 -2.60182 
3.96667 0.0117342 0.00499689 -0.0413437 -2.61577 
4 0.011813 0.00522106 -0.0424733 -2.63088 
4.03333 0.0117385 0.00535712 -0.0486677 -2.65235 
4.06667 -0.0025798 0.00568155 -0.0588657 -2.68061 
4.1 0.00131114 0.00541987 -0.0647575 -2.70719 
4.13333 0.00402115 0.00520809 -0.0687322 -2.73347 
4.16667 0.00598748 0.00491638 -0.069877 -2.75773 
4.2 0.00746101 0.0047221 -0.0697504 -2.78087 
4.23333 0.00862297 0.00445829 -0.0675946 -2.80158 
4.26667 0.00958279 0.00421396 -0.0616423 -2.81708 
4.3 0.0102963 0.00404256 -0.0563077 -2.83133 
4.33333 0.0109838 0.0040323 -0.0514501 -2.84437 
4.36667 0.011489 0.00411168 -0.0477618 -2.85716 
