0.7 0.00565652 0.0017252 -0.028812 -0.682205 
0.733333 0.0060503 0.00178391 -0.0264193 -0.693645 
0.766667 0.00638724 0.0018838 -0.0230715 -0.69855 
0.8 0.00668045 0.00199338 -0.0216053 -0.703971 
0.833333 0.00692432 0.00213187 -0.0218532 -0.711232 
0.866667 0.00700537 0.00231513 -0.0230889 -0.719807 
0.9 0.00710062 0.00249421 -0.0267803 -0.731812 
0.933333 0.0072121 0.00263024 -0.0326477 -0.747658 
0.966667 0.00734033 0.00270503 -0.0384747 -0.765425 
1 0.00746212 0.0028243 -0.0450761 -0.78605 
1.03333 0.00758294 0.0028731 -0.0490909 -0.80582 
1.06667 0.00768413 0.00283799 -0.0520815 -0.825718 
1.1 0.00782097 0.00275035 -0.0527115 -0.843824 
1.13333 0.00793554 0.00264684 -0.051426 -0.859878 
1.16667 0.00817276 0.00255949 -0.0471735 -0.872 
1.2 0.00835655 0.00266178 -0.0423173 -0.881992 
1.23333 0.00855773 0.00271675 -0.0371735 -0.890026 
1.26667 0.00872756 0.00279024 -0.030989 -0.895116 
1.3 0.00885377 0.00283344 -0.0299905 -0.904267 
1.33333 0.00887437 0.00301568 -0.0313764 -0.9159 
1.36667 0.00881516 0.00321844 -0.0354089 -0.931119 
1.4 0.00883262 0.00332331 -0.0405354 -0.948973 
1.43333 0.00880258 0.00335204 -0.0457545 -0.968646 
1.46667 0.0088061 0.00345872 -0.0529083 -0.992343 
1.5 0.0089316 0.00339812 -0.056906 -1.0147 
1.53333 0.00896243 0.00329033 -0.0555559 -1.03207 
1.56667 0.0090734 0.00316871 -0.0532252 -1.04784 
1.6 0.0092404 0.00308671 -0.0502014 -1.06201 
1.63333 0.00936586 0.00301739 -0.0459232 -1.0737 
1.66667 0.00951484 0.00296225 -0.0402391 -1.08229 
1.7 0.0095523 0.00301266 -0.0349925 -1.08951 
1.73333 0.00961848 0.00294193 -0.0306135 -1.09601 
1.76667 0.00977261 0.00295103 -0.0299154 -1.10539 
1.8 0.00984425 0.00313399 -0.0322275 -1.11809 
1.83333 0.00986374 0.00337003 -0.0348259 -1.1319 
1.86667 0.0098804 0.00357111 -0.0402478 -1.14991 
1.9 0.00981628 0.00371151 -0.0475598 -1.17196 
1.93333 0.00978866 0.00364507 -0.0519732 -1.19302 
1.96667 0.00971802 0.00352223 -0.0548233 -1.21371 
2 0.00967521 0.0033265 -0.0562289 -1.23364 
2.03333 0.00974428 0.00318752 -0.0535444 -1.24922 
2.06667 0.00995805 0.00306156 -0.0502203 -1.26314 
2.1 0.0101841 0.00298637 -0.0445096 -1.27314 
2.13333 0.0104008 0.00294148 -0.0389834 -1.28145 
2.16667 0.0106457 0.00301971 -0.0348174 -1.28953 
2.2 0.0107921 0.00310305 -0.0318898 -1.29768 
2.23333 0.010801 0.00331978 -0.0333227 -1.31 
2.26667 0.0109445 0.00349566 -0.0378427 -1.32644 
2.3 0.0109262 0.00365774 -0.0439807 -1.3463 
2.33333 0.0108933 0.00375374 -0.0494964 -1.36747 
2.36667 0.0107912 0.00388463 -0.0538237 -1.38908 
2.4 0.0108029 0.00384547 -0.0587293 -1.41281 
2.43333 0.0109204 0.00382488 -0.0625021 -1.43684 
2.46667 0.0110464 0.00384126 -0.0642442 -1.45973 
2.5 0.0111726 0.00377879 -0.0628613 -1.47952 
2.53333 0.0112315 0.00369053 -0.0574687 -1.4941 
2.56667 0.0113558 0.00358272 -0.0521156 -1.50694 
2.6 0.0114089 0.00348428 -0.0468317 -1.51808 
2.63333 0.0114759 0.00336463 -0.0398536 -1.52545 
2.66667 0.0116146 0.00357795 -0.0381532 -1.53673 
2.7 0.0116753 0.00384612 -0.0386447 -1.55002 
2.73333 0.0117734 0.00402909 -0.0420988 -1.56698 
2.76667 0.0117618 0.00420921 -0.0461772 -1.58583 
2.8 0.0115844 0.00431556 -0.0514763 -1.60748 
2.83333 0.0114006 0.00434846 -0.0589209 -1.63342 
2.86667 0.0111932 0.0044037 -0.0652647 -1.66055 
2.9 0.011071 0.00426582 -0.0689526 -1.68666 
2.93333 0.0110389 0.00415245 -0.0696864 -1.71051 
2.96667 0.0110187 0.00399367 -0.064964 -1.72817 
3 0.0110637 0.00387644 -0.0608542 -1.74497 
3.03333 0.0112789 0.00381256 -0.0546412 -1.75792 
3.06667 0.0113844 0.00378736 -0.0487314 -1.76916 
3.1 0.0116172 0.0037596 -0.045612 -1.78172 
3.13333 0.011701 0.00392452 -0.042986 -1.79382 
3.16667 0.0116586 0.00410424 -0.0444947 -1.80993 
3.2 0.0116706 0.00435608 -0.0470569 -1.82779 
3.23333 0.0117122 0.00461664 -0.0540678 -1.85175 
3.26667 0.0117191 0.00478544 -0.0610644 -1.87803 
3.3 0.0116577 0.00492014 -0.0673215 -1.90577 
3.33333 0.0117721 0.00498786 -0.0703332 -1.93177 
3.36667 0.0118635 0.00504295 -0.0736104 -1.95908 
3.4 0.0118863 0.00487385 -0.0717321 -1.9814 
3.43333 0.0120343 0.00470204 -0.0675276 -2.00035 
3.46667 0.0121458 0.00475769 -0.0616316 -2.0159 
3.5 0.0123701 0.00474147 -0.0584494 -2.03269 
3.53333 0.0126064 0.00483163 -0.0543477 -2.04733 
3.56667 0.0128275 0.00497134 -0.0511226 -2.06164 
3.6 0.0129993 0.00517221 -0.0500182 -2.07737 
3.63333 0.0130854 0.00538354 -0.0514367 -2.09572 
3.66667 0.0130962 0.00555341 -0.0533926 -2.11518 
3.7 0.0130538 0.00578744 -0.0606727 -2.14157 
3.73333 0.0129532 0.00591994 -0.0655596 -2.16756 
3.76667 0.0127957 0.0059502 -0.0686308 -2.19304 
3.8 0.0128512 0.00594947 -0.0712406 -2.219 
3.83333 0.0128946 0.00590604 -0.0708252 -2.24225 
3.86667 0.0129085 0.00582796 -0.0703783 -2.26533 
3.9 0.0130108 0.00564665 -0.0667008 -2.28445 
3.93333 0.0130482 0.00550589 -0.0610054 -2.29996 
3.96667 0.0130157 0.00537396 -0.0533182 -2.31122 
4 0.0130249 0.00542398 -0.0493612 -2.32432 
4.03333 0.0130315 0.00547751 -0.0482684 -2.33949 
4.06667 0.0129438 0.00554999 -0.0482617 -2.35557 
4.1 0.0128326 0.00572407 -0.0518319 -2.37587 
4.13333 0.0127726 0.00582682 -0.0578997 -2.40031 
4.16667 0.0125614 0.00595306 -0.0637344 -2.4265 
4.2 0.0123784 0.00588139 -0.0693346 -2.45435 
4.23333 0.0121806 0.00584485 -0.0713826 -2.47988 
4.26667 0.0121235 0.0057178 -0.0720898 -2.50451 
4.3 0.0121005 0.00552909 -0.0699963 -2.52607 
4.33333 0.0121953 0.00536099 -0.065161 -2.5437 
4.36667 0.0123093 0.00525052 -0.0605089 -2.55992 
4.4 0.0125 0.00524033 -0.0567522 -2.57566 
