0.255 25 50 
0.348 25 50 
0.442 25 50 
0.536 25 50 
0.629 25 50 
0.691 25 50 
0.753 25 50 
0.815 25 50 
0.878 25 50 
0.956 25 50 
1.02 25 50 
1.082 25 50 
1.16 25 50 
1.253 25 50 
1.347 25 50 
1.442 25 50 
1.519 25 50 
1.597 25 50 
1.708 25 50 
1.8 25 50 
1.864 25 50 
1.925 25 50 
1.988 25 50 
2.051 25 50 
2.161 25 50 
2.223 25 50 
2.285 25 50 
2.362 25 50 
2.456 25 50 
2.535 25 50 
2.628 25 50 
2.706 25 50 
2.784 25 50 
2.847 25 50 
2.926 25 50 
3.003 25 50 
3.097 25 50 
3.191 25 50 
3.254 25 50 
3.316 25 50 
3.426 25 50 
3.489 25 50 
3.551 25 50 
3.63 25 50 
3.722 25 50 
3.785 25 50 
3.863 25 50 
3.942 25 50 
4.02 25 50 
4.083 25 50 
4.16 25 50 
4.223 25 50 
4.285 25 50 
4.363 25 50 
4.457 25 50 
4.551 25 50 
4.628 25 50 
4.691 25 50 
4.753 25 50 
4.816 25 50 
4.894 25 50 
4.973 25 50 
5.067 25 50 
5.145 25 50 
5.223 25 50 
5.333 25 50 
5.411 25 50 
5.488 25 50 
5.551 25 50 
5.614 25 50 
5.677 25 50 
5.785 25 50 
5.862 25 50 
5.956 25 50 
6.02 25 50 
6.082 25 50 
6.159 25 50 
6.223 25 50 
6.284 25 50 
6.362 25 50 
6.456 25 50 
6.52 25 50 
6.598 25 50 
6.66 25 50 
6.754 25 50 
6.831 25 50 
6.895 25 50 
6.973 25 50 
7.035 25 50 
7.113 25 50 
7.192 25 50 
7.285 25 50 
7.364 25 50 
7.427 25 50 
7.504 25 50 
7.613 25 50 
7.738 25 50 
7.815 25 50 
7.895 25 50 
7.988 25 50 
8.05 25 50 
8.129 25 50 
8.207 25 50 
8.284 25 50 
8.378 25 50 
8.441 25 50 
8.535 25 50 
8.644 25 50 
8.723 25 50 
8.785 25 50 
8.879 25 50 
8.958 25 50 
9.035 25 50 
9.098 25 50 
9.192 25 50 
9.286 25 50 
9.362 25 50 
9.426 25 50 
9.487 25 50 
9.581 25 50 
9.645 25 50 
9.738 25 50 
9.801 25 50 
9.894 25 50 
9.956 25 50 
10.02 25 50 
10.081 25 50 
10.175 25 50 
10.27 25 50 
10.364 25 50 
10.457 25 50 
10.55 25 50 
10.645 25 50 
