0.251 15 -20 
0.345 15 -20 
0.439 15 -20 
0.549 15 -20 
0.627 15 -20 
0.705 15 -20 
0.798 15 -20 
0.861 15 -20 
0.938 15 -20 
1.001 15 -20 
1.064 15 -20 
1.142 15 -20 
1.22 15 -20 
1.282 15 -20 
1.361 15 -20 
1.455 15 -20 
1.548 15 -20 
1.626 15 -20 
1.704 15 -20 
1.768 15 -20 
1.861 15 -20 
1.923 15 -20 
2.001 15 -20 
2.096 15 -20 
2.19 15 -20 
2.253 15 -20 
2.331 15 -20 
2.393 15 -20 
2.454 15 -20 
2.532 15 -20 
2.61 15 -20 
2.689 15 -20 
2.751 15 -20 
2.83 15 -20 
2.892 15 -20 
2.971 15 -20 
3.033 15 -20 
3.11 15 -20 
3.19 15 -20 
3.267 15 -20 
3.329 15 -20 
3.408 15 -20 
3.502 15 -20 
3.58 15 -20 
3.658 15 -20 
3.737 15 -20 
3.799 15 -20 
3.892 15 -20 
3.956 15 -20 
4.048 15 -20 
4.157 15 -20 
4.236 15 -20 
4.329 15 -20 
4.392 15 -20 
4.454 15 -20 
4.533 15 -20 
4.626 15 -20 
4.688 15 -20 
4.782 15 -20 
4.861 15 -20 
4.939 15 -20 
5.002 15 -20 
5.064 15 -20 
5.126 15 -20 
5.205 15 -20 
5.298 15 -20 
5.362 15 -20 
5.44 15 -20 
5.533 15 -20 
5.596 15 -20 
5.674 15 -20 
5.768 15 -20 
5.845 15 -20 
5.923 15 -20 
6.017 15 -20 
6.079 15 -20 
6.174 15 -20 
6.268 15 -20 
6.361 15 -20 
6.47 15 -20 
6.532 15 -20 
6.61 15 -20 
6.705 15 -20 
6.815 15 -20 
6.876 15 -20 
6.97 15 -20 
7.034 15 -20 
7.095 15 -20 
7.174 15 -20 
7.252 15 -20 
7.331 15 -20 
7.393 15 -20 
7.47 15 -20 
7.565 15 -20 
7.627 15 -20 
7.688 15 -20 
7.782 15 -20 
7.86 15 -20 
7.923 15 -20 
7.986 15 -20 
8.049 15 -20 
8.142 15 -20 
8.235 15 -20 
8.299 15 -20 
8.36 15 -20 
8.439 15 -20 
8.533 15 -20 
8.611 15 -20 
8.69 15 -20 
8.798 15 -20 
8.861 15 -20 
8.939 15 -20 
9.018 15 -20 
9.111 15 -20 
9.205 15 -20 
9.284 15 -20 
9.378 15 -20 
9.47 15 -20 
9.563 15 -20 
9.627 15 -20 
9.689 15 -20 
9.768 15 -20 
9.829 15 -20 
9.893 15 -20 
9.954 15 -20 
10.018 15 -20 
10.127 15 -20 
10.204 15 -20 
10.268 15 -20 
10.345 15 -20 
10.409 15 -20 
10.517 15 -20 
10.596 15 -20 
10.658 15 -20 
10.752 15 -20 
10.831 15 -20 
10.908 15 -20 
10.971 15 -20 
11.048 15 -20 
11.142 15 -20 
11.22 15 -20 
11.282 15 -20 
11.391 15 -20 
11.47 15 -20 
11.579 15 -20 
11.657 15 -20 
11.736 15 -20 
11.83 15 -20 
11.893 15 -20 
11.955 15 -20 
12.032 15 -20 
12.143 15 -20 
12.22 15 -20 
12.314 15 -20 
12.393 15 -20 
12.455 15 -20 
12.533 15 -20 
12.595 15 -20 
12.674 15 -20 
12.768 15 -20 
12.845 15 -20 
12.939 15 -20 
13.002 15 -20 
13.063 15 -20 
13.126 15 -20 
13.188 15 -20 
13.268 15 -20 
13.345 15 -20 
13.423 15 -20 
13.502 15 -20 
13.595 15 -20 
13.657 15 -20 
13.737 15 -20 
13.814 15 -20 
13.893 15 -20 
13.955 15 -20 
14.018 15 -20 
14.095 15 -20 
14.173 15 -20 
14.236 15 -20 
14.314 15 -20 
14.408 15 -20 
14.47 15 -20 
14.534 15 -20 
14.595 15 -20 
14.658 15 -20 
14.719 15 -20 
14.798 15 -20 
14.939 15 -20 
15.017 15 -20 
15.11 15 -20 
15.174 15 -20 
15.252 15 -20 
15.346 15 -20 
15.439 15 -20 
15.549 15 -20 
15.626 15 -20 
15.704 15 -20 
15.767 15 -20 
15.83 15 -20 
15.908 15 -20 
16.001 15 -20 
16.111 15 -20 
16.206 15 -20 
16.299 15 -20 
16.36 15 -20 
16.424 15 -20 
16.532 15 -20 
16.61 15 -20 
16.688 15 -20 
16.767 15 -20 
16.877 15 -20 
16.97 15 -20 
17.033 15 -20 
17.095 15 -20 
17.19 15 -20 
17.252 15 -20 
17.33 15 -20 
17.408 15 -20 
17.486 15 -20 
17.565 15 -20 
17.642 15 -20 
17.736 15 -20 
17.798 15 -20 
17.862 15 -20 
17.923 15 -20 
18.002 15 -20 
18.096 15 -20 
18.174 15 -20 
18.266 15 -20 
18.329 15 -20 
18.392 15 -20 
18.454 15 -20 
18.532 15 -20 
18.596 15 -20 
18.658 15 -20 
18.72 15 -20 
18.799 15 -20 
18.907 15 -20 
18.97 15 -20 
19.033 15 -20 
19.112 15 -20 
19.189 15 -20 
19.252 15 -20 
19.345 15 -20 
19.455 15 -20 
19.549 15 -20 
19.642 15 -20 
19.706 15 -20 
19.768 15 -20 
19.83 15 -20 
19.891 15 -20 
19.955 15 -20 
20.016 15 -20 
20.11 15 -20 
20.221 15 -20 
20.298 15 -20 
20.376 15 -20 
