0.264 15 -20 
0.343 15 -20 
0.452 15 -20 
0.545 15 -20 
0.64 15 -20 
0.716 15 -20 
0.78 15 -20 
0.841 15 -20 
0.919 15 -20 
0.982 15 -20 
1.06 15 -20 
1.123 15 -20 
1.186 15 -20 
1.249 15 -20 
1.326 15 -20 
1.388 15 -20 
1.451 15 -20 
1.53 15 -20 
1.607 15 -20 
1.732 15 -20 
1.826 15 -20 
1.89 15 -20 
1.951 15 -20 
2.015 15 -20 
2.093 15 -20 
2.187 15 -20 
2.281 15 -20 
2.358 15 -20 
2.451 15 -20 
2.53 15 -20 
2.591 15 -20 
2.669 15 -20 
2.779 15 -20 
2.842 15 -20 
2.935 15 -20 
3.029 15 -20 
3.123 15 -20 
3.186 15 -20 
3.248 15 -20 
3.357 15 -20 
3.421 15 -20 
3.482 15 -20 
3.545 15 -20 
3.624 15 -20 
3.701 15 -20 
3.78 15 -20 
3.859 15 -20 
3.921 15 -20 
3.984 15 -20 
4.077 15 -20 
4.155 15 -20 
4.217 15 -20 
4.294 15 -20 
4.419 15 -20 
4.514 15 -20 
4.592 15 -20 
4.655 15 -20 
4.732 15 -20 
4.827 15 -20 
4.888 15 -20 
4.952 15 -20 
5.03 15 -20 
5.124 15 -20 
5.186 15 -20 
5.249 15 -20 
5.326 15 -20 
5.404 15 -20 
5.484 15 -20 
5.577 15 -20 
5.654 15 -20 
5.733 15 -20 
5.796 15 -20 
5.89 15 -20 
5.952 15 -20 
6.029 15 -20 
6.091 15 -20 
6.169 15 -20 
6.264 15 -20 
6.357 15 -20 
6.452 15 -20 
6.529 15 -20 
6.592 15 -20 
6.655 15 -20 
6.718 15 -20 
6.795 15 -20 
6.89 15 -20 
6.998 15 -20 
7.108 15 -20 
7.187 15 -20 
7.249 15 -20 
7.327 15 -20 
7.39 15 -20 
7.467 15 -20 
7.545 15 -20 
7.623 15 -20 
7.702 15 -20 
7.795 15 -20 
7.858 15 -20 
7.935 15 -20 
8.014 15 -20 
8.091 15 -20 
8.154 15 -20 
8.217 15 -20 
8.296 15 -20 
8.388 15 -20 
8.452 15 -20 
8.546 15 -20 
8.64 15 -20 
8.717 15 -20 
8.78 15 -20 
8.843 15 -20 
8.936 15 -20 
9.029 15 -20 
9.092 15 -20 
9.154 15 -20 
9.218 15 -20 
9.296 15 -20 
9.358 15 -20 
9.435 15 -20 
9.513 15 -20 
9.607 15 -20 
9.716 15 -20 
9.794 15 -20 
9.858 15 -20 
9.921 15 -20 
9.982 15 -20 
10.046 15 -20 
10.123 15 -20 
10.185 15 -20 
10.248 15 -20 
10.31 15 -20 
10.39 15 -20 
10.468 15 -20 
10.529 15 -20 
10.607 15 -20 
10.687 15 -20 
10.765 15 -20 
10.858 15 -20 
11.061 15 -20 
11.124 15 -20 
11.185 15 -20 
11.247 15 -20 
11.327 15 -20 
11.404 15 -20 
11.513 15 -20 
11.592 15 -20 
11.702 15 -20 
11.764 15 -20 
11.827 15 -20 
11.888 15 -20 
11.952 15 -20 
12.014 15 -20 
12.092 15 -20 
12.154 15 -20 
12.232 15 -20 
12.326 15 -20 
12.404 15 -20 
12.515 15 -20 
12.577 15 -20 
12.654 15 -20 
12.734 15 -20 
12.811 15 -20 
12.889 15 -20 
12.967 15 -20 
13.03 15 -20 
13.123 15 -20 
13.201 15 -20 
13.311 15 -20 
13.388 15 -20 
13.452 15 -20 
13.546 15 -20 
13.607 15 -20 
13.701 15 -20 
13.796 15 -20 
13.858 15 -20 
13.921 15 -20 
13.982 15 -20 
14.045 15 -20 
14.139 15 -20 
14.218 15 -20 
14.295 15 -20 
14.373 15 -20 
14.451 15 -20 
14.531 15 -20 
14.592 15 -20 
14.655 15 -20 
14.717 15 -20 
14.779 15 -20 
14.874 15 -20 
14.952 15 -20 
15.013 15 -20 
15.091 15 -20 
15.155 15 -20 
15.217 15 -20 
15.296 15 -20 
15.358 15 -20 
15.435 15 -20 
15.498 15 -20 
15.593 15 -20 
15.718 15 -20 
15.78 15 -20 
15.857 15 -20 
15.92 15 -20 
15.998 15 -20 
16.092 15 -20 
16.154 15 -20 
16.218 15 -20 
16.295 15 -20 
16.405 15 -20 
16.497 15 -20 
16.577 15 -20 
16.654 15 -20 
16.733 15 -20 
16.826 15 -20 
16.904 15 -20 
16.999 15 -20 
17.092 15 -20 
17.154 15 -20 
17.248 15 -20 
17.327 15 -20 
17.39 15 -20 
17.452 15 -20 
17.529 15 -20 
17.623 15 -20 
17.686 15 -20 
17.764 15 -20 
17.827 15 -20 
17.905 15 -20 
17.998 15 -20 
18.108 15 -20 
18.186 15 -20 
18.248 15 -20 
18.327 15 -20 
18.404 15 -20 
18.499 15 -20 
18.591 15 -20 
18.655 15 -20 
18.716 15 -20 
18.795 15 -20 
18.921 15 -20 
18.998 15 -20 
19.107 15 -20 
19.185 15 -20 
19.248 15 -20 
19.342 15 -20 
19.451 15 -20 
19.515 15 -20 
19.576 15 -20 
19.655 15 -20 
19.748 15 -20 
19.827 15 -20 
19.888 15 -20 
19.967 15 -20 
20.045 15 -20 
20.138 15 -20 
20.249 15 -20 
20.341 15 -20 
20.421 15 -20 
