0.866667 0.031035 -0.032672 0.200967 -0.345027 0.664275 0.179096 
0.900000 0.045471 -0.025758 0.281859 -0.316702 0.664715 0.178570 
0.933333 0.036512 -0.003136 0.522355 -0.342916 0.667318 0.175630 
0.966667 0.026074 0.015679 0.753861 -0.307278 0.667901 0.176741 
1.000000 0.037957 0.018036 0.537516 -0.263675 0.667136 0.178242 
1.033330 0.052462 0.013266 -0.044385 -0.249442 0.670375 0.177645 
1.066670 0.043529 0.017407 -0.412558 -0.286299 0.672603 0.176158 
1.100000 0.025628 0.016984 -0.330006 -0.302452 0.673741 0.177617 
1.133330 0.025212 0.002448 -0.084909 -0.287131 0.673214 0.178926 
1.166670 0.034614 -0.011155 0.017659 -0.308384 0.674900 0.177206 
1.200000 0.031919 -0.013087 -0.106588 -0.293959 0.676358 0.175668 
1.233330 0.019050 -0.008992 -0.249473 -0.288085 0.676839 0.176224 
1.266670 0.011885 -0.006385 -0.028095 -0.322274 0.676977 0.175920 
1.300000 0.016008 -0.005175 0.486350 -0.333486 0.677242 0.174413 
1.333330 0.026667 -0.010235 0.747898 -0.255688 0.677876 0.175339 
1.366670 0.036701 -0.019283 0.595741 -0.253352 0.678948 0.174492 
1.400000 0.039175 -0.023932 0.328122 -0.264599 0.679853 0.172374 
1.433330 0.032662 -0.020370 0.122824 -0.202623 0.681404 0.172501 
1.466670 0.027770 -0.004389 -0.024789 -0.264682 0.681592 0.170569 
1.500000 0.025556 0.007266 -0.187514 -0.224054 0.682483 0.171215 
1.533330 0.028094 0.013212 -0.313604 -0.231680 0.684227 0.171672 
1.566670 0.036394 0.019330 -0.193474 -0.274277 0.684491 0.171734 
1.600000 0.044756 0.021816 0.002339 -0.275050 0.685170 0.170584 
1.633330 0.040278 0.008237 -0.136828 -0.229199 0.689499 0.173780 
1.666670 0.025500 -0.009325 -0.455032 -0.266481 0.688581 0.171362 
1.700000 0.022828 -0.018009 -0.501470 -0.313060 0.689812 0.170337 
1.733330 0.037088 -0.019770 -0.216797 -0.270474 0.689431 0.171326 
1.766670 0.054672 -0.014069 0.228247 -0.332997 0.691275 0.168467 
1.800000 0.052796 -0.011624 0.631744 -0.268162 0.694138 0.168644 
1.833330 0.035461 -0.005643 0.744353 -0.277892 0.693575 0.166555 
1.866670 0.018218 -0.005665 0.572603 -0.212122 0.697205 0.168083 
1.900000 0.017569 -0.000013 0.455391 -0.225593 0.694394 0.166895 
1.933330 0.028907 0.012582 0.470608 -0.237036 0.696483 0.165743 
1.966670 0.036288 0.015294 0.267530 -0.159540 0.698120 0.168316 
2.000000 0.034819 0.008031 -0.190713 -0.192170 0.699727 0.167004 
2.033330 0.040277 -0.003248 -0.475083 -0.206873 0.699599 0.167538 
2.066670 0.051096 -0.005955 -0.363675 -0.219814 0.701346 0.167016 
2.100000 0.052305 0.003386 -0.080163 -0.231704 0.704256 0.165896 
2.133330 0.039068 0.011892 -0.063428 -0.241714 0.704264 0.165396 
2.166670 0.018787 -0.002571 -0.456521 -0.198816 0.706753 0.166826 
2.200000 0.005557 -0.031331 -0.681495 -0.252047 0.706992 0.166746 
2.233330 0.015606 -0.043225 -0.193655 -0.307976 0.705409 0.163422 
2.266670 0.038627 -0.028748 0.543368 -0.270119 0.705824 0.162406 
2.300000 0.056931 -0.012795 0.752962 -0.226860 0.708200 0.161720 
2.333330 0.057026 -0.005618 0.506054 -0.208425 0.710401 0.161782 
2.366670 0.049389 0.003119 0.338889 -0.221862 0.711817 0.159605 
2.400000 0.047369 0.010173 0.287067 -0.203632 0.712333 0.160512 
2.433330 0.046484 0.007843 0.093840 -0.170182 0.715327 0.161182 
2.466670 0.040561 0.005566 -0.113649 -0.187568 0.716652 0.160457 
2.500000 0.039706 0.009352 -0.131389 -0.220805 0.717463 0.159406 
2.533330 0.049274 0.007051 -0.144551 -0.177085 0.718453 0.161512 
2.566670 0.053984 0.000884 -0.295808 -0.213881 0.720999 0.160031 
2.600000 0.047100 -0.004972 -0.359711 -0.205832 0.723517 0.159991 
2.633330 0.041040 -0.002312 -0.188349 -0.246852 0.723038 0.158672 
2.666670 0.042250 -0.007953 -0.006482 -0.232013 0.725163 0.159147 
2.700000 0.040893 -0.024482 0.009123 -0.208091 0.726750 0.158988 
2.733330 0.035563 -0.032002 0.047249 -0.249780 0.727826 0.156297 
2.766670 0.031225 -0.021800 0.306956 -0.215667 0.727979 0.155437 
2.800000 0.034878 0.001099 0.679161 -0.216875 0.729010 0.154951 
2.833330 0.040159 0.015155 0.816564 -0.195291 0.730753 0.154572 
2.866670 0.045252 0.011214 0.454236 -0.133510 0.732264 0.156383 
2.900000 0.049527 0.004534 -0.158577 -0.151265 0.733279 0.154984 
2.933330 0.051491 0.002931 -0.451564 -0.163198 0.735442 0.155384 
2.966670 0.048744 0.004920 -0.291466 -0.201807 0.737317 0.154519 
3.000000 0.046837 -0.000904 -0.098494 -0.174517 0.738403 0.155604 
3.033330 0.050135 -0.005757 -0.186466 -0.187487 0.740403 0.154245 
3.066670 0.055142 -0.006797 -0.382480 -0.192582 0.741166 0.153663 
3.100000 0.055849 -0.007215 -0.324949 -0.211221 0.744217 0.153516 
3.133330 0.053199 -0.012105 0.064778 -0.233815 0.745370 0.152449 
3.166670 0.049253 -0.019175 0.485134 -0.204897 0.746399 0.152361 
3.200000 0.043449 -0.018836 0.641407 -0.184185 0.748843 0.149920 
3.233330 0.039129 -0.013719 0.560431 -0.165254 0.749498 0.150242 
3.266670 0.043400 -0.007832 0.435555 -0.150074 0.750445 0.149646 
3.300000 0.053634 0.000653 0.385120 -0.136433 0.752509 0.148691 
3.333330 0.056822 0.012247 0.396126 -0.127345 0.753499 0.149125 
3.366670 0.047037 0.018958 0.334490 -0.112712 0.757193 0.148970 
3.400000 0.038347 0.013009 0.068611 -0.101883 0.757700 0.149875 
3.433330 0.044915 -0.003168 -0.294994 -0.092457 0.757670 0.150628 
3.466670 0.057391 -0.012245 -0.472703 -0.132904 0.761090 0.149091 
3.500000 0.059344 -0.010454 -0.402124 -0.140303 0.762381 0.148281 
3.533330 0.051897 -0.005132 -0.289202 -0.144788 0.764382 0.148234 
3.566670 0.042213 -0.004885 -0.241778 -0.155294 0.765617 0.147888 
3.600000 0.034614 -0.006909 -0.156726 -0.167075 0.767595 0.147502 
3.633330 0.033559 -0.005633 0.091938 -0.159414 0.767491 0.146725 
3.666670 0.039947 -0.002343 0.457760 -0.175630 0.769385 0.146460 
3.700000 0.047657 -0.006849 0.697864 -0.128870 0.770368 0.146806 
3.733330 0.052418 -0.014277 0.659610 -0.107348 0.772644 0.145460 
3.766670 0.054987 -0.019784 0.444446 -0.098539 0.773728 0.145144 
3.800000 0.054349 -0.020888 0.204025 -0.078996 0.775651 0.144210 
3.833330 0.050034 -0.012327 0.037661 -0.073639 0.777953 0.143412 
3.866670 0.046904 0.004467 -0.032295 -0.094162 0.778813 0.142417 
3.900000 0.050186 0.015748 -0.115684 -0.072768 0.780569 0.143874 
3.933330 0.056382 0.018501 -0.263240 -0.083504 0.782357 0.143520 
3.966670 0.061900 0.016927 -0.383439 -0.108369 0.784822 0.144887 
4.000000 0.068379 0.012818 -0.422095 -0.107348 0.786367 0.143622 
4.033330 0.071890 0.003713 -0.318767 -0.120234 0.788914 0.145074 
4.066670 0.064484 -0.011327 -0.002454 -0.148316 0.791527 0.144655 
4.100000 0.048134 -0.025623 0.382855 -0.125104 0.794003 0.142612 
4.133330 0.039822 -0.027279 0.604851 -0.103630 0.793843 0.142456 
4.166670 0.045283 -0.019829 0.623680 -0.091737 0.795528 0.141030 
4.200000 0.048853 -0.012647 0.522836 -0.064991 0.797016 0.140203 
4.233330 0.041737 -0.009834 0.407249 -0.046390 0.799837 0.140476 
4.266670 0.034954 -0.006883 0.336417 -0.048983 0.799477 0.139897 
4.300000 0.039530 0.001275 0.188696 -0.035033 0.801333 0.139072 
4.333330 0.051228 0.009851 -0.126853 -0.008037 0.802345 0.139733 
4.366670 0.058164 0.015303 -0.377415 -0.049438 0.804745 0.140430 
4.400000 0.059388 0.013451 -0.311049 -0.046933 0.806926 0.140615 
4.433330 0.057806 0.011647 -0.081808 -0.077269 0.808086 0.140271 
4.466670 0.054537 0.002186 -0.042667 -0.042950 0.810716 0.141744 
4.500000 0.049309 -0.005137 -0.219035 -0.061692 0.812487 0.140698 
4.533330 0.052263 -0.008763 -0.250306 -0.067285 0.813697 0.140188 
4.566670 0.071135 -0.011719 0.114308 -0.088234 0.815727 0.139924 
4.600000 0.092361 -0.022696 0.646638 -0.071060 0.817153 0.140070 
4.633330 0.093821 -0.033790 0.885371 -0.034296 0.823139 0.137398 
4.666670 0.076975 -0.031982 0.698795 0.006258 0.824131 0.137422 
4.700000 0.062831 -0.013997 0.383514 0.007811 0.826989 0.135365 
4.733330 0.059060 0.006790 0.152209 0.009693 0.828497 0.136090 
4.766670 0.063237 0.018405 -0.063855 0.028631 0.831032 0.136398 
4.800000 0.070138 0.018923 -0.214678 0.027463 0.832713 0.137483 
4.833330 0.072481 0.013509 -0.148186 -0.016617 0.834984 0.137610 
4.866670 0.068060 0.001090 -0.039061 0.013033 0.838788 0.138713 
4.900000 0.061654 -0.003264 -0.156838 0.007858 0.839131 0.137463 
4.933330 0.057732 -0.003892 -0.359424 0.000760 0.842116 0.137829 
4.966670 0.052031 -0.008023 -0.298679 -0.023643 0.843689 0.137999 
5.000000 0.044515 -0.015921 0.075452 -0.032410 0.845666 0.137474 
5.033330 0.042442 -0.018190 0.485807 -0.011144 0.846504 0.136427 
5.066670 0.051089 -0.012910 0.673436 0.003585 0.848192 0.135739 
5.100000 0.064115 -0.010120 0.634311 0.039330 0.849791 0.136044 
5.133330 0.071020 -0.008223 0.540013 0.045813 0.852473 0.135703 
5.166670 0.068962 -0.005403 0.472466 0.061565 0.855442 0.134946 
5.200000 0.065116 -0.002509 0.340606 0.084735 0.856306 0.135803 
5.233330 0.064301 0.000060 0.102043 0.089901 0.859940 0.135622 
5.266670 0.064901 0.002677 -0.106016 0.090760 0.860447 0.135626 
5.300000 0.064952 0.005671 -0.148929 0.078853 0.864381 0.136360 
5.333330 0.065494 0.007473 -0.114858 0.070744 0.864923 0.136595 
5.366670 0.066309 0.008411 -0.205470 0.079696 0.868031 0.136927 
5.400000 0.064464 0.007861 -0.369988 0.073265 0.869941 0.137215 
5.433330 0.062565 0.000264 -0.305021 0.043996 0.872221 0.138189 
5.466670 0.067837 -0.016519 0.080140 0.036460 0.874091 0.137482 
5.500000 0.078391 -0.032777 0.512533 0.057501 0.876077 0.137432 
5.533330 0.085717 -0.035188 0.730710 0.077971 0.879961 0.135339 
5.566670 0.085195 -0.023706 0.737435 0.107426 0.882139 0.135018 
5.600000 0.080481 -0.007411 0.648775 0.124756 0.885648 0.134650 
5.633330 0.074846 0.003937 0.485929 0.141795 0.887556 0.135442 
5.666670 0.069533 0.011565 0.223547 0.171355 0.890154 0.135972 
5.700000 0.064643 0.021240 -0.073584 0.149701 0.892745 0.136058 
5.733330 0.062050 0.019031 -0.272918 0.168197 0.893484 0.138193 
5.766670 0.058147 0.009444 -0.264102 0.134538 0.896663 0.139009 
5.800000 0.054175 -0.000481 -0.102810 0.136487 0.897784 0.138995 
5.833330 0.052875 -0.003529 -0.060538 0.126422 0.899774 0.138293 
5.866670 0.056893 -0.012765 -0.252873 0.156874 0.901556 0.139959 
5.900000 0.068826 -0.021650 -0.358683 0.110254 0.903596 0.138972 
5.933330 0.081396 -0.023771 -0.058429 0.107359 0.905558 0.138118 
5.966670 0.083535 -0.016000 0.485455 0.108043 0.909787 0.137285 
6.000000 0.074447 -0.013788 0.847684 0.144416 0.911905 0.138369 
6.033330 0.066017 -0.014986 0.833166 0.174521 0.914108 0.138087 
6.066670 0.061756 -0.011132 0.615626 0.205387 0.915775 0.136629 
6.100000 0.057576 -0.000107 0.437927 0.201030 0.919437 0.138537 
6.133330 0.055156 0.007385 0.300793 0.231337 0.919314 0.137991 
6.166670 0.057805 0.013541 0.088687 0.231051 0.921986 0.139241 
6.200000 0.064700 0.015950 -0.132758 0.241282 0.923982 0.140049 
6.233330 0.075640 0.014896 -0.191763 0.216785 0.925491 0.141158 
6.266670 0.087588 0.005783 -0.121069 0.214611 0.927999 0.142176 
6.300000 0.089048 -0.006154 -0.126224 0.221840 0.931651 0.142977 
6.333330 0.078024 -0.012891 -0.243482 0.213485 0.934487 0.143043 
6.366670 0.064204 -0.015508 -0.291671 0.199279 0.936430 0.142770 
6.400000 0.055646 -0.017960 -0.148852 0.189153 0.938679 0.143369 
6.433330 0.056039 -0.021290 0.124964 0.190664 0.940860 0.142212 
6.466670 0.063899 -0.024075 0.398851 0.196333 0.941749 0.142285 
6.500000 0.069365 -0.022964 0.601723 0.223028 0.945341 0.142245 
6.533330 0.068173 -0.009322 0.727178 0.234077 0.947703 0.141425 
6.566670 0.066324 0.009111 0.743911 0.264711 0.949237 0.141765 
6.600000 0.070549 0.020026 0.603897 0.296582 0.951956 0.144408 
6.633330 0.076852 0.021210 0.301729 0.293097 0.952876 0.144067 
6.666670 0.077915 0.009941 -0.077729 0.325754 0.956473 0.146782 
6.700000 0.072303 -0.002378 -0.294051 0.299095 0.958548 0.147444 
6.733330 0.071911 -0.013203 -0.210018 0.278566 0.960505 0.147476 
6.766670 0.076672 -0.016766 -0.113686 0.279334 0.962628 0.147476 
6.800000 0.074213 -0.014194 -0.281330 0.304291 0.966415 0.148153 
6.833330 0.065479 -0.005787 -0.429529 0.264112 0.968521 0.147971 
6.866670 0.064077 -0.004796 -0.171124 0.246324 0.969810 0.148955 
6.900000 0.076623 -0.008865 0.325742 0.246452 0.972432 0.149111 
6.933330 0.091760 -0.014358 0.646531 0.289152 0.974868 0.149084 
6.966670 0.097665 -0.014801 0.735472 0.297589 0.979052 0.149721 
7.000000 0.093414 -0.017393 0.767143 0.319186 0.981722 0.150845 
7.033330 0.085946 -0.017857 0.741586 0.352793 0.984551 0.150413 
7.066670 0.078544 -0.008169 0.541094 0.370654 0.987730 0.151167 
7.100000 0.073557 0.005792 0.194716 0.395414 0.990279 0.152031 
7.133330 0.076455 0.017572 -0.117803 0.382392 0.991588 0.153483 
7.166670 0.084896 0.017580 -0.290407 0.376577 0.993912 0.154749 
7.200000 0.088386 0.006272 -0.383176 0.368368 0.997128 0.156881 
7.233330 0.084583 -0.008021 -0.438243 0.354364 0.999364 0.158024 
7.266670 0.077794 -0.014730 -0.348978 0.343537 1.002050 0.157489 
7.300000 0.069958 -0.012140 -0.036823 0.319138 1.005190 0.158335 
7.333330 0.065089 -0.011167 0.350289 0.337633 1.006800 0.159354 
7.366670 0.069287 -0.010025 0.578131 0.353311 1.008850 0.158561 
7.400000 0.076149 -0.010745 0.589112 0.376426 1.011400 0.159533 
7.433330 0.074702 -0.014505 0.513871 0.394335 1.014150 0.160968 
7.466670 0.066387 -0.015386 0.490955 0.406823 1.016550 0.160623 
7.500000 0.062547 -0.008601 0.505006 0.421494 1.018550 0.160704 
7.533330 0.070843 0.001774 0.418411 0.441340 1.020570 0.162492 
7.566670 0.087682 0.010967 0.195483 0.463354 1.022130 0.162750 
7.600000 0.098616 0.018023 -0.058094 0.443426 1.025840 0.164898 
7.633330 0.094780 0.009098 -0.276011 0.455049 1.028010 0.167655 
7.666670 0.081909 -0.004952 -0.416617 0.442116 1.030760 0.168907 
7.700000 0.075248 -0.007905 -0.383790 0.409474 1.033500 0.168877 
7.733330 0.079690 -0.002342 -0.146728 0.427132 1.035180 0.169734 
7.766670 0.088176 0.002174 0.152457 0.384899 1.038550 0.170669 
7.800000 0.089514 -0.017703 0.314726 0.445951 1.040240 0.173927 
7.833330 0.081548 -0.029783 0.331774 0.421932 1.044330 0.171620 
7.866670 0.071778 -0.031601 0.371929 0.445990 1.047370 0.173305 
7.900000 0.077825 -0.021108 0.526632 0.460858 1.048830 0.173020 
7.933330 0.096773 -0.003154 0.677202 0.465453 1.051070 0.173085 
7.966670 0.104902 0.012424 0.567216 0.505402 1.056080 0.175740 
8.000000 0.092750 0.021359 0.164679 0.531637 1.057770 0.178389 
8.033330 0.072710 0.022062 -0.168170 0.508015 1.059030 0.179551 
8.066670 0.062661 0.012803 -0.194506 0.495482 1.062370 0.182091 
8.100000 0.071161 0.001084 -0.137831 0.501959 1.061910 0.182669 
8.133330 0.089591 -0.005868 -0.220080 0.503424 1.065190 0.183221 
8.166670 0.097409 -0.007232 -0.288751 0.485976 1.068820 0.185786 
8.200000 0.091059 -0.010827 -0.113530 0.473625 1.071540 0.186397 
8.233330 0.085736 -0.017640 0.242383 0.471857 1.073760 0.187631 
8.266670 0.085238 -0.023369 0.527940 0.497434 1.076680 0.187665 
8.300000 0.081550 -0.021373 0.636777 0.514400 1.080120 0.188943 
8.333330 0.073844 -0.014470 0.651198 0.535698 1.082650 0.189542 
8.366670 0.068992 -0.005347 0.610983 0.551046 1.083910 0.190155 
8.400000 0.069352 0.003147 0.450903 0.580798 1.086930 0.191825 
8.433330 0.081257 0.011980 0.175290 0.587884 1.088600 0.193210 
8.466670 0.111866 0.016333 -0.088665 0.586457 1.090140 0.194990 
8.500000 0.132029 0.016929 -0.197407 0.583648 1.092720 0.197546 
