0.7 0.00311078 1.65726e-005 -0.00188224 -0.220677 
0.733333 0.00330459 8.24988e-005 0.000531992 -0.219892 
0.766667 0.00346661 0.00020134 0.000925356 -0.218866 
0.8 0.00361448 0.000303356 0.0013858 -0.217715 
0.833333 0.00369096 0.000428486 0.000453117 -0.218274 
0.866667 0.00377893 0.00051008 -0.000174124 -0.218695 
0.9 0.00395471 0.000630196 -0.00396662 -0.223232 
0.933333 0.00402392 0.000599841 -0.00893837 -0.230423 
0.966667 0.00408283 0.000673278 -0.0111258 -0.235995 
1 0.00412737 0.000708977 -0.0130865 -0.242024 
1.03333 0.00421069 0.000667024 -0.0125277 -0.245728 
1.06667 0.00421623 0.000475926 -0.0133514 -0.25088 
1.1 0.0043337 0.000367975 -0.0121529 -0.253917 
1.13333 0.00449453 0.000291329 -0.00812394 -0.253212 
1.16667 0.00453676 0.000251143 -0.00460748 -0.251769 
1.2 0.00450375 0.000262554 -0.00279186 -0.251162 
1.23333 0.00453464 0.000379832 0.000392571 -0.248333 
1.26667 0.00458113 0.000508892 -0.000806357 -0.249617 
1.3 0.00462247 0.000575497 -0.002052 -0.251357 
1.33333 0.00465674 0.000689042 -0.00305037 -0.253219 
1.36667 0.00473186 0.000825152 -0.00557938 -0.257221 
1.4 0.00473862 0.000919666 -0.0108636 -0.265319 
1.43333 0.00473713 0.000915499 -0.0124805 -0.270849 
1.46667 0.00478775 0.000923244 -0.0145399 -0.27744 
1.5 0.00487842 0.000802926 -0.0141453 -0.281821 
1.53333 0.00492128 0.000630819 -0.0121906 -0.284228 
1.56667 0.00498242 0.000470149 -0.00914465 -0.284696 
1.6 0.00512675 0.000306051 -0.00677756 -0.28495 
1.63333 0.00509294 0.000186866 -0.00284333 -0.282565 
1.66667 0.00514766 0.000232638 0.0019328 -0.277875 
1.7 0.00513565 0.000232876 0.00127261 -0.27801 
1.73333 0.00509185 0.000351589 0.00104556 -0.277854 
1.76667 0.00506719 0.000439086 -0.00272909 -0.281961 
1.8 0.00504965 0.000585835 -0.00592956 -0.286649 
1.83333 0.00500746 0.000734194 -0.0084269 -0.291573 
1.86667 0.0050182 0.000774658 -0.0142026 -0.3012 
1.9 0.00517355 0.000752296 -0.0171095 -0.309366 
1.93333 0.00537633 0.000738022 -0.0155062 -0.313177 
1.96667 0.00546223 0.000622969 -0.0153979 -0.318217 
2 0.00557219 0.000599685 -0.0122788 -0.319668 
2.03333 0.00570709 0.000519873 -0.0105394 -0.321708 
2.06667 0.00580154 0.000387392 -0.00785362 -0.322051 
2.1 0.00592117 0.000342912 -0.00537553 -0.321743 
2.13333 0.00595854 0.000353618 -0.00278227 -0.320474 
2.16667 0.00610959 0.000453826 -0.00174925 -0.320182 
2.2 0.00617395 0.000498077 -0.0039743 -0.323391 
2.23333 0.00618199 0.000717295 -0.00518193 -0.326142 
2.26667 0.00621235 0.000775567 -0.010027 -0.333588 
2.3 0.00629809 0.000823624 -0.015108 -0.342929 
2.33333 0.0063166 0.000993295 -0.015775 -0.348752 
2.36667 0.00638465 0.00101185 -0.0185516 -0.357288 
2.4 0.00636817 0.00101611 -0.0201454 -0.365353 
2.43333 0.00646543 0.000992932 -0.0199045 -0.371784 
2.46667 0.00657798 0.00092023 -0.016164 -0.374003 
2.5 0.00666146 0.000818518 -0.0126397 -0.375231 
2.53333 0.00673869 0.000749624 -0.00954084 -0.375786 
2.56667 0.00679273 0.000695468 -0.00783042 -0.376947 
2.6 0.0067628 0.000756938 -0.00458856 -0.375731 
2.63333 0.00669935 0.000861437 -0.00375469 -0.376276 
2.66667 0.0067615 0.000869508 -0.00744685 -0.381886 
2.7 0.006814 0.000890759 -0.0102939 -0.387729 
2.73333 0.00683653 0.00088136 -0.0143645 -0.395965 
2.76667 0.00675743 0.000986522 -0.0169725 -0.403832 
2.8 0.00677632 0.00105404 -0.0191705 -0.412084 
2.83333 0.00671792 0.000988176 -0.0193849 -0.418728 
2.86667 0.00683395 0.00096946 -0.0191938 -0.424964 
2.9 0.0068377 0.000894421 -0.0177152 -0.429616 
2.93333 0.0068653 0.00085778 -0.0133018 -0.430312 
2.96667 0.0070258 0.000681172 -0.0101825 -0.431063 
3 0.00710199 0.000657392 -0.00590626 -0.429409 
3.03333 0.00715947 0.000714163 -0.00303559 -0.42799 
3.06667 0.00718983 0.000709655 -0.00452064 -0.430754 
3.1 0.00726214 0.00091151 -0.0047319 -0.432511 
3.13333 0.00731675 0.00103448 -0.00869496 -0.438766 
3.16667 0.00731714 0.00110554 -0.0102404 -0.443489 
3.2 0.00735726 0.00106849 -0.0162446 -0.45399 
3.23333 0.00737658 0.0010801 -0.018222 -0.461739 
3.26667 0.00754368 0.00110165 -0.0190182 -0.468753 
3.3 0.00757021 0.00108432 -0.0190955 -0.475184 
3.33333 0.00765678 0.00107451 -0.0186019 -0.480966 
3.36667 0.00772354 0.000980368 -0.0159727 -0.484063 
3.4 0.00770069 0.000955315 -0.0115811 -0.484203 
3.43333 0.00769364 0.00100157 -0.00823608 -0.484115 
3.46667 0.00775152 0.000978213 -0.00496114 -0.482994 
3.5 0.00789371 0.00103483 -0.00331241 -0.482702 
3.53333 0.00793207 0.0010217 -0.00392077 -0.484524 
3.56667 0.00793803 0.00107384 -0.0058402 -0.488097 
3.6 0.00781904 0.00111297 -0.00878488 -0.49352 
3.63333 0.00780317 0.00122442 -0.0137875 -0.502353 
3.66667 0.00788495 0.00121584 -0.0176125 -0.511465 
3.7 0.00790658 0.00117128 -0.0186119 -0.518515 
3.73333 0.00808318 0.00120455 -0.0184915 -0.524577 
3.76667 0.00813546 0.00117156 -0.0176581 -0.529757 
3.8 0.00818709 0.00106869 -0.0159073 -0.533576 
3.83333 0.00822831 0.000888054 -0.0138391 -0.536437 
3.86667 0.0083517 0.00075894 -0.00843446 -0.53467 
3.9 0.00839727 0.000764601 -0.00756031 -0.53645 
3.93333 0.00854863 0.000936888 -0.00586347 -0.536967 
3.96667 0.00856076 0.00107274 -0.0085014 -0.542036 
4 0.0084459 0.00119155 -0.0104365 -0.547154 
4.03333 0.0085173 0.00124205 -0.0138848 -0.554703 
4.06667 0.00850106 0.00124645 -0.0163106 -0.562195 
4.1 0.00854961 0.00128668 -0.0203834 -0.57244 
4.13333 0.00857389 0.00125344 -0.0221976 -0.581376 
4.16667 0.00862246 0.00117391 -0.0224889 -0.589119 
4.2 0.00862515 0.00125577 -0.0224972 -0.596625 
4.23333 0.00855874 0.00114608 -0.0212719 -0.602677 
