0.278 20 20 
0.372 20 20 
0.466 20 20 
0.544 20 20 
0.637 20 20 
0.73 20 20 
0.825 20 20 
0.903 20 20 
1.012 20 20 
1.09 20 20 
1.153 20 20 
1.23 20 20 
1.294 20 20 
1.372 20 20 
1.434 20 20 
1.512 20 20 
1.606 20 20 
1.7 20 20 
1.778 20 20 
1.857 20 20 
1.918 20 20 
1.998 20 20 
2.107 20 20 
2.169 20 20 
2.231 20 20 
2.295 20 20 
2.386 20 20 
2.45 20 20 
2.543 20 20 
2.668 20 20 
2.762 20 20 
2.84 20 20 
2.903 20 20 
2.997 20 20 
3.059 20 20 
3.121 20 20 
3.185 20 20 
3.263 20 20 
3.356 20 20 
3.435 20 20 
3.497 20 20 
3.559 20 20 
3.621 20 20 
3.7 20 20 
3.762 20 20 
3.841 20 20 
3.919 20 20 
4.013 20 20 
4.137 20 20 
4.231 20 20 
4.293 20 20 
4.355 20 20 
4.434 20 20 
4.497 20 20 
4.558 20 20 
4.621 20 20 
4.7 20 20 
4.794 20 20 
4.857 20 20 
4.949 20 20 
5.029 20 20 
5.09 20 20 
5.154 20 20 
5.216 20 20 
5.31 20 20 
5.404 20 20 
5.513 20 20 
5.591 20 20 
5.653 20 20 
5.731 20 20 
5.794 20 20 
5.856 20 20 
5.933 20 20 
6.044 20 20 
6.121 20 20 
6.2 20 20 
6.277 20 20 
6.356 20 20 
6.419 20 20 
6.513 20 20 
6.59 20 20 
6.669 20 20 
6.778 20 20 
6.857 20 20 
6.934 20 20 
6.997 20 20 
7.059 20 20 
7.138 20 20 
7.216 20 20 
7.294 20 20 
7.373 20 20 
7.466 20 20 
7.559 20 20 
7.621 20 20 
7.7 20 20 
7.762 20 20 
7.825 20 20 
7.888 20 20 
7.966 20 20 
8.06 20 20 
8.152 20 20 
8.23 20 20 
8.294 20 20 
8.357 20 20 
8.419 20 20 
8.497 20 20 
8.56 20 20 
8.638 20 20 
8.731 20 20 
8.793 20 20 
8.857 20 20 
8.934 20 20 
8.998 20 20 
9.06 20 20 
9.154 20 20 
9.216 20 20 
9.294 20 20 
9.355 20 20 
9.433 20 20 
9.497 20 20 
9.559 20 20 
9.622 20 20 
9.731 20 20 
9.81 20 20 
9.902 20 20 
9.997 20 20 
10.091 20 20 
10.168 20 20 
10.246 20 20 
10.324 20 20 
10.418 20 20 
10.513 20 20 
10.606 20 20 
10.668 20 20 
10.779 20 20 
10.857 20 20 
10.935 20 20 
11.045 20 20 
11.152 20 20 
11.23 20 20 
11.294 20 20 
11.371 20 20 
11.433 20 20 
11.528 20 20 
11.591 20 20 
11.653 20 20 
11.73 20 20 
11.809 20 20 
11.919 20 20 
11.981 20 20 
12.075 20 20 
12.138 20 20 
12.216 20 20 
12.31 20 20 
12.372 20 20 
12.465 20 20 
12.559 20 20 
12.638 20 20 
12.715 20 20 
12.794 20 20 
12.855 20 20 
12.934 20 20 
12.997 20 20 
13.058 20 20 
13.121 20 20 
13.183 20 20 
13.246 20 20 
13.356 20 20 
13.435 20 20 
13.528 20 20 
13.59 20 20 
13.668 20 20 
13.732 20 20 
13.794 20 20 
13.872 20 20 
13.951 20 20 
14.029 20 20 
14.106 20 20 
14.169 20 20 
14.231 20 20 
14.294 20 20 
14.356 20 20 
14.42 20 20 
14.512 20 20 
14.606 20 20 
14.699 20 20 
