0.066667 0.018228 -0.030048 -0.338805 -0.356987 0.690314 0.621124 
0.100000 0.024499 -0.028868 0.013061 -0.350380 0.690927 0.619492 
0.133333 0.031044 -0.014906 0.506861 -0.342285 0.692055 0.617646 
0.166667 0.026531 0.007477 0.704563 -0.322510 0.692562 0.617712 
0.200000 0.021370 0.016304 0.786480 -0.297046 0.694488 0.618066 
0.233333 0.027640 0.010574 0.751523 -0.277313 0.693972 0.619213 
0.266667 0.041250 0.005659 0.476816 -0.241798 0.695368 0.618096 
0.300000 0.046640 0.010616 -0.058926 -0.239730 0.697588 0.617602 
0.333333 0.039377 0.014059 -0.644520 -0.245513 0.698698 0.618659 
0.366667 0.030713 0.009495 -0.924564 -0.276495 0.700673 0.618184 
0.400000 0.030721 0.007681 -0.711896 -0.327020 0.700310 0.619213 
0.433333 0.033917 0.015778 -0.277515 -0.328020 0.702236 0.617168 
0.466667 0.029637 0.020437 -0.134208 -0.343824 0.703165 0.618414 
0.500000 0.021473 0.001955 -0.369709 -0.303224 0.705314 0.619693 
0.533333 0.020887 -0.023938 -0.478021 -0.375477 0.704560 0.618219 
0.566667 0.028368 -0.034546 -0.091773 -0.370033 0.704795 0.616928 
0.600000 0.035588 -0.020353 0.504743 -0.369266 0.706038 0.615321 
0.633333 0.042090 0.003754 0.798960 -0.337244 0.707244 0.614006 
0.666667 0.052763 0.021174 0.667619 -0.294326 0.707433 0.615809 
0.700000 0.057557 0.029149 0.407410 -0.296005 0.711656 0.614401 
0.733333 0.049152 0.028172 0.222732 -0.293310 0.712057 0.615787 
0.766667 0.034873 0.022197 0.004141 -0.265503 0.715199 0.615864 
0.800000 0.027387 0.022052 -0.297685 -0.282848 0.715096 0.616696 
0.833333 0.032666 0.027624 -0.578878 -0.298016 0.716263 0.616077 
0.866667 0.038247 0.024442 -0.857229 -0.331710 0.717192 0.617454 
0.900000 0.036905 0.003861 -1.037585 -0.323240 0.721304 0.618580 
0.933333 0.038894 -0.007033 -0.717321 -0.398873 0.719613 0.616571 
0.966667 0.051033 -0.000611 0.064429 -0.442566 0.720759 0.614887 
1.000000 0.060528 -0.004140 0.615853 -0.342762 0.724196 0.616920 
1.033330 0.057727 -0.009187 0.637645 -0.375145 0.725562 0.613955 
1.066670 0.049917 -0.012987 0.480424 -0.338751 0.726594 0.613187 
1.100000 0.046631 -0.007467 0.392557 -0.328139 0.728189 0.612850 
1.133330 0.042299 -0.000510 0.309153 -0.323790 0.729143 0.611928 
1.166670 0.033535 0.007505 0.116030 -0.300329 0.731950 0.611556 
1.200000 0.029950 0.021484 -0.181275 -0.311209 0.731249 0.611876 
1.233330 0.036025 0.032928 -0.462023 -0.316800 0.732757 0.611877 
1.266670 0.040010 0.028974 -0.644460 -0.343671 0.735213 0.613508 
1.300000 0.037127 0.008823 -0.766448 -0.362519 0.736612 0.613625 
1.333330 0.034794 -0.008551 -0.860365 -0.389229 0.737378 0.612649 
1.366670 0.038782 -0.011838 -0.830637 -0.412507 0.737925 0.611572 
1.400000 0.044474 -0.004907 -0.604842 -0.463257 0.739473 0.611487 
1.433330 0.045763 -0.000291 -0.253064 -0.446518 0.740888 0.609903 
1.466670 0.046903 0.000963 0.188211 -0.461750 0.742332 0.609483 
1.500000 0.053680 -0.003961 0.657322 -0.469507 0.743117 0.609578 
1.533330 0.063358 -0.008583 0.928268 -0.398439 0.746080 0.607909 
1.566670 0.071800 0.005554 0.889464 -0.391670 0.746296 0.606423 
1.600000 0.073666 0.020281 0.619911 -0.369377 0.749870 0.605563 
1.633330 0.067043 0.017961 0.218458 -0.322820 0.753001 0.607854 
1.666670 0.055328 0.014737 -0.175552 -0.362873 0.754273 0.605175 
1.700000 0.046414 0.015191 -0.492995 -0.353345 0.755445 0.605833 
1.733330 0.038636 0.020068 -0.738997 -0.368964 0.758638 0.606423 
1.766670 0.034371 0.023409 -0.811942 -0.409663 0.758467 0.605622 
1.800000 0.036699 0.021983 -0.705039 -0.446200 0.760203 0.606762 
1.833330 0.041778 0.011674 -0.574039 -0.432172 0.762113 0.606642 
1.866670 0.046630 0.001976 -0.390343 -0.480443 0.763470 0.605800 
1.900000 0.057570 -0.003853 -0.028843 -0.476994 0.764420 0.605349 
1.933330 0.071298 -0.004501 0.342736 -0.482550 0.766074 0.603831 
1.966670 0.074614 -0.010778 0.416981 -0.450864 0.769040 0.602744 
2.000000 0.062650 -0.017136 0.250069 -0.428953 0.770927 0.601668 
2.033330 0.046952 -0.011873 0.225161 -0.450863 0.772186 0.599142 
2.066670 0.039279 0.002489 0.414398 -0.437173 0.772606 0.599679 
2.100000 0.045017 0.019272 0.420893 -0.411428 0.775172 0.598481 
2.133330 0.060283 0.030456 0.038881 -0.388508 0.775565 0.599344 
2.166670 0.072842 0.036223 -0.399396 -0.407192 0.779204 0.599609 
2.200000 0.076065 0.036921 -0.566812 -0.441030 0.782311 0.598907 
2.233330 0.075502 0.028524 -0.614093 -0.446725 0.783906 0.599479 
2.266670 0.074116 0.014080 -0.756499 -0.460696 0.787694 0.599432 
2.300000 0.070598 0.002078 -0.757167 -0.484721 0.789476 0.597592 
2.333330 0.062240 0.001468 -0.380096 -0.546945 0.790820 0.597398 
2.366670 0.050421 -0.001703 0.031063 -0.524422 0.793644 0.594731 
2.400000 0.044946 -0.009325 0.176930 -0.481728 0.794409 0.596333 
2.433330 0.052822 -0.007416 0.370134 -0.537429 0.794881 0.593865 
2.466670 0.062643 0.002732 0.742107 -0.497156 0.797011 0.592485 
2.500000 0.066232 0.013724 0.811632 -0.460461 0.799160 0.591801 
2.533330 0.064768 0.012977 0.348829 -0.423222 0.801703 0.592697 
2.566670 0.061432 0.012161 -0.202552 -0.436828 0.803152 0.590673 
2.600000 0.058795 0.022962 -0.410383 -0.466678 0.805864 0.590965 
2.633330 0.060501 0.037853 -0.401019 -0.456540 0.806936 0.590434 
2.666670 0.065985 0.040675 -0.595372 -0.499038 0.810558 0.590443 
2.700000 0.075788 0.012561 -1.061792 -0.470241 0.812482 0.593145 
2.733330 0.077290 -0.013594 -1.283447 -0.555887 0.815342 0.588415 
2.766670 0.070701 -0.023541 -0.869121 -0.612031 0.817042 0.588012 
2.800000 0.061146 -0.014566 -0.182721 -0.599894 0.817378 0.585527 
2.833330 0.056142 0.005054 0.241342 -0.603735 0.819555 0.584103 
2.866670 0.056374 0.013317 0.390175 -0.578311 0.821319 0.583883 
2.900000 0.063902 0.011451 0.494481 -0.597120 0.823565 0.583885 
2.933330 0.078989 0.005489 0.600295 -0.538468 0.824512 0.581597 
2.966670 0.091874 0.015010 0.629063 -0.555201 0.828124 0.580963 
3.000000 0.095946 0.024215 0.503995 -0.503600 0.830839 0.579873 
3.033330 0.086728 0.034048 0.160941 -0.513010 0.833906 0.578289 
3.066670 0.071711 0.025188 -0.358589 -0.496862 0.837588 0.579437 
3.100000 0.059393 0.008603 -0.815315 -0.521294 0.839452 0.578762 
3.133330 0.056017 0.002411 -0.973950 -0.569871 0.840216 0.576872 
3.166670 0.056095 0.007871 -0.906617 -0.598568 0.842450 0.576390 
3.200000 0.055875 0.011094 -0.787979 -0.600250 0.844360 0.575869 
3.233330 0.058859 0.011624 -0.561094 -0.661872 0.846146 0.574764 
3.266670 0.069587 0.007143 -0.168296 -0.650628 0.847080 0.574293 
3.300000 0.081684 0.007805 0.219815 -0.663521 0.850643 0.572300 
3.333330 0.087502 0.009588 0.424207 -0.637435 0.851446 0.571026 
3.366670 0.081945 0.016463 0.482809 -0.625993 0.855683 0.569889 
3.400000 0.070936 0.022966 0.580646 -0.607075 0.857214 0.567629 
3.433330 0.067590 0.023279 0.740711 -0.604410 0.859723 0.568732 
3.466670 0.073741 0.011973 0.703288 -0.553007 0.861906 0.568095 
3.500000 0.072143 0.002817 0.253598 -0.543657 0.863863 0.565100 
3.533330 0.059079 -0.002487 -0.479190 -0.539306 0.867234 0.565865 
3.566670 0.050505 0.000514 -1.081850 -0.565949 0.867345 0.563591 
3.600000 0.056830 0.013761 -1.166864 -0.623212 0.868432 0.563387 
3.633330 0.066836 0.026379 -0.789832 -0.661280 0.871305 0.562570 
3.666670 0.065934 0.027964 -0.497923 -0.675427 0.873764 0.562455 
3.700000 0.058642 0.019809 -0.646509 -0.669982 0.876320 0.559989 
3.733330 0.063783 0.009720 -0.776602 -0.690482 0.877112 0.561863 
3.766670 0.085558 0.007048 -0.293762 -0.769758 0.879710 0.558527 
3.800000 0.100295 0.000238 0.394292 -0.751695 0.880533 0.557612 
3.833330 0.086716 -0.013150 0.531330 -0.664583 0.886372 0.553674 
3.866670 0.061697 -0.008476 0.367745 -0.701163 0.885468 0.553136 
3.900000 0.050421 0.006446 0.468690 -0.718916 0.886655 0.551221 
3.933330 0.060109 0.016492 0.594482 -0.644299 0.888739 0.550133 
3.966670 0.076802 0.017110 0.402444 -0.640840 0.891467 0.551544 
4.000000 0.087152 0.013600 0.072971 -0.649788 0.892764 0.547525 
4.033330 0.088574 0.013509 -0.250246 -0.636463 0.897266 0.547293 
4.066670 0.089116 0.020768 -0.657507 -0.659128 0.898156 0.546108 
4.100000 0.091403 0.024165 -1.074108 -0.671906 0.901278 0.544100 
4.133330 0.085477 0.023441 -1.222897 -0.734348 0.905387 0.544146 
4.166670 0.074537 0.014711 -0.979850 -0.769129 0.906960 0.541070 
4.200000 0.069839 0.006766 -0.518286 -0.791701 0.908359 0.541014 
4.233330 0.077620 0.002136 -0.095230 -0.805279 0.911374 0.538957 
4.266670 0.092897 -0.000697 0.182981 -0.792154 0.911494 0.536897 
4.300000 0.103864 -0.000842 0.394624 -0.786683 0.915421 0.534747 
4.333330 0.101502 -0.000459 0.608404 -0.784095 0.917227 0.531783 
4.366670 0.090721 0.000044 0.734937 -0.735942 0.919982 0.529846 
4.400000 0.087505 0.014406 0.616267 -0.736009 0.922141 0.527443 
4.433330 0.096495 0.029336 0.145051 -0.702691 0.923162 0.527298 
4.466670 0.100556 0.038446 -0.569748 -0.700579 0.929110 0.524717 
4.500000 0.092619 0.038155 -1.166941 -0.752037 0.931326 0.524322 
4.533330 0.093823 0.026621 -1.377023 -0.794995 0.934487 0.522371 
4.566670 0.110240 0.015713 -1.152803 -0.825751 0.936365 0.522566 
4.600000 0.118269 0.019666 -0.498861 -0.876871 0.940413 0.517222 
4.633330 0.102907 0.026001 0.318902 -0.880736 0.942748 0.515613 
4.666670 0.078050 0.020035 0.694610 -0.855737 0.945803 0.513590 
4.700000 0.064677 -0.004225 0.450002 -0.782350 0.948198 0.513647 
4.733330 0.071831 -0.018058 0.165317 -0.839286 0.948261 0.510284 
4.766670 0.087936 -0.019254 0.209257 -0.826539 0.949004 0.509037 
4.800000 0.093715 -0.011681 0.266655 -0.782394 0.952230 0.504773 
4.833330 0.085423 0.005851 0.048159 -0.810912 0.953514 0.504192 
4.866670 0.079463 0.019521 -0.370572 -0.787904 0.956363 0.500354 
4.900000 0.087705 0.031396 -0.768494 -0.817309 0.957109 0.501757 
4.933330 0.095398 0.031769 -0.943882 -0.859590 0.961710 0.499231 
4.966670 0.086775 0.020070 -0.870428 -0.875469 0.964758 0.496091 
5.000000 0.073674 0.009802 -0.699342 -0.919688 0.965776 0.495657 
5.033330 0.074005 0.002152 -0.532640 -0.920446 0.967180 0.494096 
5.066670 0.079750 0.008700 -0.234926 -0.935342 0.969782 0.491539 
5.100000 0.081699 0.029443 0.265795 -0.964413 0.970827 0.488957 
5.133330 0.088474 0.034519 0.550413 -0.942699 0.972386 0.487943 
5.166670 0.104929 0.000984 0.340259 -0.855855 0.979293 0.487094 
5.200000 0.122301 -0.019442 0.163848 -0.930254 0.976922 0.483778 
5.233330 0.123820 -0.016637 0.360465 -0.913992 0.980267 0.477750 
5.266670 0.104755 0.008442 0.363802 -0.876525 0.982769 0.475643 
5.300000 0.084513 0.030354 -0.145132 -0.841843 0.985752 0.473965 
5.333330 0.074242 0.043416 -0.629055 -0.910675 0.986804 0.473030 
5.366670 0.075912 0.036949 -0.716003 -0.918495 0.991618 0.472149 
5.400000 0.077816 0.025586 -0.669731 -0.933343 0.992469 0.469960 
5.433330 0.076598 0.017390 -0.728841 -0.956560 0.994941 0.469099 
5.466670 0.071133 0.012181 -0.813714 -0.988622 0.996816 0.466522 
5.500000 0.068392 0.006136 -0.795065 -1.012290 0.998894 0.464998 
5.533330 0.080824 -0.001826 -0.591593 -1.034300 0.998587 0.463088 
5.566670 0.104700 -0.010009 -0.192609 -1.062620 1.001510 0.461517 
5.600000 0.118158 -0.011495 0.257814 -1.051040 1.002670 0.456468 
5.633330 0.111751 0.005745 0.590861 -1.028770 1.003580 0.452626 
5.666670 0.094615 0.025005 0.723905 -1.024400 1.005830 0.450588 
5.700000 0.077962 0.016524 0.592002 -0.982611 1.010330 0.449102 
5.733330 0.068525 0.001914 0.307595 -0.959072 1.010330 0.447030 
5.766670 0.074342 0.015375 0.176047 -0.976845 1.011370 0.444973 
5.800000 0.090587 0.043841 0.178182 -0.976837 1.012410 0.442918 
5.833330 0.103999 0.042052 -0.080656 -0.937820 1.018450 0.441884 
5.866670 0.098250 0.014058 -0.694786 -0.970670 1.020950 0.440564 
5.900000 0.081475 -0.011091 -1.229340 -0.988731 1.021750 0.435809 
5.933330 0.072133 -0.006462 -1.227775 -1.055880 1.022270 0.433747 
5.966670 0.080585 0.007655 -0.762095 -1.097460 1.023870 0.434122 
6.000000 0.091022 0.010375 -0.388432 -1.098100 1.024860 0.429129 
6.033330 0.083709 0.000126 -0.418500 -1.093450 1.028490 0.427630 
6.066670 0.074698 -0.008123 -0.478347 -1.127110 1.027970 0.424003 
6.100000 0.074567 -0.010315 -0.428838 -1.143330 1.028840 0.423756 
