0.7 0.00206615 -0.000663332 0.0136944 0.349058 
0.733333 0.00218172 -0.000677981 0.0140213 0.355088 
0.766667 0.00222793 -0.000637327 0.013129 0.358936 
0.8 0.00225252 -0.000626921 0.0125827 0.362867 
0.833333 0.00231584 -0.000563501 0.0126488 0.367294 
0.866667 0.00242543 -0.000571809 0.00993834 0.368305 
0.9 0.00249683 -0.000601387 0.00728481 0.368415 
0.933333 0.00253325 -0.000643293 0.00635291 0.36972 
0.966667 0.00250992 -0.00070582 0.00617938 0.371618 
1 0.00249014 -0.000753986 0.00906202 0.377084 
1.03333 0.00243509 -0.000739434 0.0110248 0.38242 
1.06667 0.00242049 -0.000745512 0.0133565 0.388848 
1.1 0.0023606 -0.000707977 0.0169905 0.397592 
1.13333 0.00230584 -0.00076981 0.0189844 0.405609 
1.16667 0.00233072 -0.000725188 0.0190098 0.411967 
1.2 0.00228422 -0.000680865 0.0179315 0.417031 
1.23333 0.00232075 -0.000652306 0.0166705 0.42152 
1.26667 0.00234756 -0.000597285 0.0142882 0.424264 
1.3 0.00238173 -0.000544385 0.0120213 0.426351 
1.33333 0.00239082 -0.000533237 0.0100957 0.428085 
1.36667 0.00239736 -0.000501626 0.00877366 0.42989 
1.4 0.00245778 -0.000539821 0.00716669 0.430917 
1.43333 0.00241859 -0.000608045 0.00795806 0.434241 
1.46667 0.00241906 -0.000638786 0.00810434 0.437066 
1.5 0.0024998 -0.000726936 0.00893719 0.44075 
1.53333 0.00250492 -0.00079224 0.0114184 0.446659 
1.56667 0.00250917 -0.000889327 0.0114343 0.450483 
1.6 0.0025404 -0.000926041 0.014453 0.457858 
1.63333 0.00250783 -0.000938748 0.0170118 0.465697 
1.66667 0.00254585 -0.0008733 0.0184312 0.473043 
1.7 0.0025375 -0.000781624 0.0183687 0.479113 
1.73333 0.00255595 -0.000717399 0.0175472 0.484266 
1.76667 0.00265303 -0.000685897 0.015814 0.488069 
1.8 0.00274272 -0.000640959 0.0140832 0.491297 
1.83333 0.00276552 -0.000640659 0.0117376 0.493223 
1.86667 0.0028044 -0.000614752 0.00903625 0.493946 
1.9 0.00284746 -0.000642818 0.00727194 0.494876 
1.93333 0.00292166 -0.00068695 0.00537173 0.495057 
1.96667 0.00291949 -0.000746311 0.00609215 0.497698 
2 0.00293004 -0.000794757 0.00709789 0.500916 
2.03333 0.00292049 -0.00085317 0.00800483 0.504352 
2.06667 0.00291424 -0.000856449 0.00997125 0.509342 
2.1 0.0028943 -0.000911918 0.0116937 0.514699 
2.13333 0.00286784 -0.000854171 0.0173668 0.525293 
2.16667 0.00285449 -0.000755306 0.0196709 0.533802 
2.2 0.00290572 -0.000762493 0.0205691 0.541419 
2.23333 0.00293984 -0.000734934 0.0213238 0.549167 
2.26667 0.00298545 -0.000682436 0.0191843 0.553749 
2.3 0.00301405 -0.000656459 0.0184288 0.559252 
2.33333 0.00295695 -0.000612556 0.0157275 0.562206 
2.36667 0.00300075 -0.000571698 0.0135775 0.564911 
2.4 0.0030418 -0.00057655 0.0111345 0.566553 
2.43333 0.00313769 -0.000634797 0.00998499 0.568907 
2.46667 0.00316819 -0.000636305 0.00821997 0.570152 
2.5 0.00315373 -0.000737991 0.00818185 0.572847 
2.53333 0.00313001 -0.00078917 0.00839686 0.575828 
2.56667 0.0031079 -0.000808041 0.00942667 0.579843 
2.6 0.0031063 -0.000848922 0.0114434 0.585366 
2.63333 0.00306346 -0.00088754 0.0135514 0.591668 
2.66667 0.00304489 -0.000934901 0.0166108 0.599797 
2.7 0.0030851 -0.000942625 0.0185777 0.607656 
2.73333 0.003156 -0.000892879 0.0204104 0.616012 
2.76667 0.00315599 -0.000828324 0.0210403 0.623559 
2.8 0.00320304 -0.000806591 0.0213371 0.630923 
2.83333 0.00325332 -0.000764474 0.0207425 0.637333 
2.86667 0.00328941 -0.000823921 0.0166142 0.639374 
2.9 0.0033654 -0.000829993 0.013719 0.641494 
2.93333 0.00336703 -0.000801214 0.0115199 0.643471 
2.96667 0.00334248 -0.000822356 0.00979903 0.64528 
3 0.00341405 -0.000828108 0.00879372 0.64736 
3.03333 0.00341976 -0.000827747 0.00826974 0.649672 
3.06667 0.00349547 -0.000897401 0.00942255 0.65379 
3.1 0.00345159 -0.000957055 0.00998234 0.657592 
3.13333 0.00341321 -0.00102355 0.0129072 0.664372 
3.16667 0.00343009 -0.00101693 0.0162724 0.672646 
3.2 0.00345904 -0.00106722 0.0183341 0.680504 
3.23333 0.00342502 -0.00104715 0.0201207 0.688725 
3.26667 0.00343018 -0.00102623 0.0215356 0.697102 
3.3 0.00350941 -0.00100266 0.0223707 0.705266 
3.33333 0.00353381 -0.000901897 0.0217901 0.712038 
3.36667 0.00358926 -0.000837064 0.0207853 0.718115 
3.4 0.00361802 -0.000764667 0.0190506 0.722996 
3.43333 0.00361913 -0.000756042 0.0173786 0.727372 
3.46667 0.003598 -0.000761679 0.0148172 0.730141 
3.5 0.00362368 -0.000844585 0.0121461 0.731927 
3.53333 0.00361435 -0.000837477 0.0101271 0.733593 
3.56667 0.0036553 -0.000851016 0.00899036 0.735626 
3.6 0.00368311 -0.000897166 0.00980511 0.739585 
3.63333 0.00367679 -0.000951085 0.0108759 0.744117 
3.66667 0.00366051 -0.00103021 0.013837 0.751238 
3.7 0.00368349 -0.00102997 0.0162718 0.758725 
3.73333 0.00363471 -0.0010162 0.0186463 0.766952 
3.76667 0.00365989 -0.00106698 0.0214668 0.776497 
3.8 0.0036298 -0.00100454 0.0229538 0.785407 
3.83333 0.00376056 -0.000996146 0.0236473 0.793877 
3.86667 0.00381642 -0.000923104 0.0228215 0.800785 
3.9 0.00378934 -0.000911083 0.020922 0.80615 
3.93333 0.00376587 -0.000886119 0.0192417 0.81114 
3.96667 0.00381089 -0.000759161 0.0172386 0.81519 
4 0.00388308 -0.000781525 0.0152163 0.818549 
4.03333 0.00385673 -0.000806619 0.0134676 0.821556 
4.06667 0.00391546 -0.00082529 0.0119955 0.824308 
4.1 0.00391122 -0.00083737 0.0101177 0.82609 
4.13333 0.00393009 -0.000938317 0.0107877 0.830253 
4.16667 0.00400132 -0.000956586 0.0105804 0.833604 
4.2 0.0039864 -0.00102357 0.0117536 0.838516 
4.23333 0.00398046 -0.0010017 0.0145805 0.845771 
4.26667 0.00399945 -0.00103232 0.0161578 0.852493 
4.3 0.00396938 -0.00109566 0.0184958 0.860639 
4.33333 0.00397402 -0.00110237 0.0205926 0.86928 
4.36667 0.00397494 -0.00107214 0.0219265 0.877718 
4.4 0.00396785 -0.000979694 0.0207158 0.883598 
4.43333 0.00398139 -0.000887497 0.0200478 0.889715 
4.46667 0.00401295 -0.000831397 0.0182702 0.894299 
4.5 0.00406221 -0.000778558 0.0161607 0.897899 
4.53333 0.00414253 -0.000777232 0.0144522 0.901269 
4.56667 0.00410628 -0.000773941 0.0126284 0.903933 
4.6 0.00410363 -0.000759793 0.0109729 0.906189 
4.63333 0.00421299 -0.00073214 0.00962982 0.908261 
4.66667 0.00428923 -0.000776845 0.00990063 0.91179 
4.7 0.00431323 -0.000913435 0.0113563 0.916809 
4.73333 0.00426461 -0.000968576 0.0126169 0.922082 
4.76667 0.00427161 -0.00101224 0.0145944 0.928622 
4.8 0.00421724 -0.00108971 0.0177928 0.937263 
4.83333 0.00429346 -0.00111637 0.0204898 0.946377 
4.86667 0.00423667 -0.00106467 0.0219233 0.9549 
4.9 0.00417779 -0.00104006 0.0239449 0.964594 
4.93333 0.00423463 -0.00100923 0.0242261 0.972907 
4.96667 0.00434778 -0.000900669 0.0223881 0.978813 
5 0.00434304 -0.00086716 0.0216275 0.985378 
5.03333 0.00433256 -0.000764394 0.0194369 0.990001 
5.06667 0.00436601 -0.000731287 0.016616 0.99315 
5.1 0.00442128 -0.000753038 0.0144723 0.996158 
5.13333 0.00447573 -0.000767674 0.0137006 1.00007 
5.16667 0.00445366 -0.000804711 0.0111075 1.00158 
5.2 0.00449393 -0.000911048 0.0121272 1.00648 
5.23333 0.00447664 -0.000949708 0.0129729 1.01152 
5.26667 0.00445966 -0.000989777 0.0145052 1.01766 
5.3 0.00443044 -0.00103466 0.0165848 1.02495 
5.33333 0.00439725 -0.00108857 0.0183885 1.0326 
5.36667 0.00437483 -0.00116197 0.0218155 1.04278 
5.4 0.00429595 -0.00120524 0.0236129 1.05217 
5.43333 0.00427495 -0.00118235 0.0244757 1.06106 
5.46667 0.00428834 -0.00108511 0.0251538 1.07002 
5.5 0.00435575 -0.00103812 0.0232359 1.07614 
5.53333 0.00440356 -0.000988875 0.021106 1.08137 
5.56667 0.00436015 -0.00094812 0.0199061 1.08699 
5.6 0.00446725 -0.000923228 0.0185841 1.09207 
5.63333 0.00448822 -0.000928599 0.0153636 1.09446 
5.66667 0.00449406 -0.0009222 0.0135007 1.09738 
5.7 0.00442846 -0.00093854 0.0131482 1.10147 
5.73333 0.00451941 -0.000922926 0.0113847 1.10377 
5.76667 0.00460213 -0.00103222 0.0125648 1.10896 
5.8 -0.00959631 -0.00294282 0.0865013 1.20042 
5.83333 -0.0111429 0.000597327 0.0686407 1.20817 
5.86667 -0.0122094 0.00313033 0.0554483 1.21548 
5.9 -0.0129781 0.00489531 0.0485594 1.22583 
5.93333 -0.0134438 0.00627539 0.0421423 1.23444 
5.96667 -0.0137872 0.00725467 0.0388128 1.24456 
6 -0.0140381 0.00793794 0.0348861 1.25286 
6.03333 -0.0142323 0.00850829 0.0316267 1.26064 
6.06667 -0.0143468 0.00893717 0.0282264 1.26717 
6.1 -0.0143394 0.00928833 0.0226709 1.27002 
6.13333 -0.0143481 0.00954494 0.019748 1.27413 
6.16667 -0.0143915 0.0097448 0.0167405 1.27716 
6.2 -0.0144327 0.00983888 0.0138611 1.27934 
6.23333 -0.0144971 0.00991222 0.0126303 1.28251 
6.26667 -0.0145067 0.00999479 0.0115433 1.28544 
6.3 -0.0144855 0.00996456 0.0117668 1.28955 
6.33333 -0.0145139 0.00990052 0.0134136 1.29541 
6.36667 -0.0145634 0.00989733 0.0154062 1.30224 
6.4 -0.014558 0.00983401 0.0186883 1.31125 
6.43333 -0.0145372 0.00972373 0.0219701 1.32135 
6.46667 -0.0146342 0.0096348 0.0254501 1.33278 
6.5 -0.0146445 0.00964871 0.0264256 1.34242 
6.53333 -0.000463483 0.011576 -0.0458829 1.26587 
6.56667 0.00106569 0.00805994 -0.0269213 1.27296 
6.6 0.00216686 0.00552596 -0.0121445 1.28143 
6.63333 0.00300102 0.0037586 -0.0031865 1.28795 
6.66667 0.00341783 0.00249571 0.00124039 1.29212 
6.7 0.00384857 0.0015364 0.00326549 1.29492 
6.73333 0.00415177 0.000915672 0.00505892 1.29813 
6.76667 0.00443406 0.000349816 0.00645243 1.30146 
6.8 0.00461385 -1.38114e-005 0.00736463 1.30469 
6.83333 0.0046216 -0.000391326 0.0102711 1.31057 
6.86667 0.00479473 -0.000663864 0.0128411 1.31703 
6.9 0.00492836 -0.000903249 0.0152923 1.3242 
6.93333 0.00500708 -0.00111806 0.0187617 1.3334 
6.96667 0.00507384 -0.00127249 0.0225472 1.34412 
7 0.00508806 -0.00137789 0.0261897 1.35593 
7.03333 0.00511801 -0.00143068 0.0281373 1.36696 
7.06667 0.00509149 -0.00138892 0.0280376 1.37622 
7.1 0.00520347 -0.00136041 0.027326 1.38473 
7.13333 0.00524595 -0.0011987 0.0245492 1.39056 
7.16667 0.00526969 -0.00115872 0.0223363 1.39613 
7.2 0.00535504 -0.00109998 0.0204186 1.40131 
7.23333 0.00530031 -0.00105111 0.0189974 1.40644 
7.26667 0.00527372 -0.00102477 0.0174897 1.41099 
7.3 0.00530693 -0.00101371 0.0160631 1.41514 
7.33333 0.0052927 -0.00107387 0.013687 1.41769 
