0.352 15 -40 
0.447 15 -40 
0.557 15 -40 
0.65 15 -40 
0.743 15 -40 
0.838 15 -40 
0.916 15 -40 
1.009 15 -40 
1.103 15 -40 
1.197 15 -40 
1.306 15 -40 
1.4 15 -40 
1.477 15 -40 
1.572 15 -40 
1.68 15 -40 
1.774 15 -40 
1.868 15 -40 
1.962 15 -40 
2.088 15 -40 
2.166 15 -40 
2.229 15 -40 
2.29 15 -40 
2.353 15 -40 
2.431 15 -40 
2.509 15 -40 
2.603 15 -40 
2.698 15 -40 
2.791 15 -40 
2.87 15 -40 
2.947 15 -40 
3.04 15 -40 
3.133 15 -40 
3.211 15 -40 
3.291 15 -40 
3.352 15 -40 
3.43 15 -40 
3.494 15 -40 
3.555 15 -40 
3.618 15 -40 
3.696 15 -40 
3.774 15 -40 
3.868 15 -40 
3.962 15 -40 
4.025 15 -40 
4.103 15 -40 
4.165 15 -40 
4.243 15 -40 
4.337 15 -40 
4.432 15 -40 
4.51 15 -40 
4.604 15 -40 
4.698 15 -40 
4.759 15 -40 
4.838 15 -40 
4.914 15 -40 
5.008 15 -40 
5.102 15 -40 
5.197 15 -40 
5.274 15 -40 
5.368 15 -40 
5.431 15 -40 
5.494 15 -40 
5.556 15 -40 
5.618 15 -40 
5.697 15 -40 
5.76 15 -40 
5.838 15 -40 
5.916 15 -40 
5.994 15 -40 
6.071 15 -40 
6.166 15 -40 
6.227 15 -40 
6.291 15 -40 
6.369 15 -40 
6.463 15 -40 
6.524 15 -40 
6.588 15 -40 
6.65 15 -40 
6.712 15 -40 
6.79 15 -40 
6.868 15 -40 
6.946 15 -40 
7.024 15 -40 
7.102 15 -40 
7.197 15 -40 
7.275 15 -40 
7.369 15 -40 
7.43 15 -40 
7.509 15 -40 
7.602 15 -40 
7.665 15 -40 
7.728 15 -40 
7.807 15 -40 
7.899 15 -40 
7.993 15 -40 
8.071 15 -40 
8.15 15 -40 
8.212 15 -40 
8.291 15 -40 
8.354 15 -40 
8.416 15 -40 
8.494 15 -40 
8.557 15 -40 
8.619 15 -40 
8.681 15 -40 
8.744 15 -40 
8.823 15 -40 
8.884 15 -40 
8.962 15 -40 
9.026 15 -40 
9.087 15 -40 
9.151 15 -40 
9.212 15 -40 
9.291 15 -40 
9.353 15 -40 
9.415 15 -40 
9.478 15 -40 
9.54 15 -40 
9.618 15 -40 
9.697 15 -40 
9.76 15 -40 
9.822 15 -40 
9.885 15 -40 
9.946 15 -40 
10.01 15 -40 
10.087 15 -40 
10.165 15 -40 
10.227 15 -40 
10.29 15 -40 
10.353 15 -40 
10.416 15 -40 
10.494 15 -40 
10.572 15 -40 
10.65 15 -40 
10.713 15 -40 
10.791 15 -40 
10.868 15 -40 
10.931 15 -40 
10.993 15 -40 
11.056 15 -40 
11.119 15 -40 
11.181 15 -40 
11.26 15 -40 
11.337 15 -40 
11.415 15 -40 
11.477 15 -40 
11.555 15 -40 
11.618 15 -40 
11.696 15 -40 
11.758 15 -40 
11.822 15 -40 
11.885 15 -40 
11.946 15 -40 
12.025 15 -40 
12.087 15 -40 
12.165 15 -40 
12.213 15 -40 
12.29 15 -40 
12.353 15 -40 
12.416 15 -40 
12.493 15 -40 
12.556 15 -40 
12.618 15 -40 
12.681 15 -40 
12.744 15 -40 
12.822 15 -40 
12.884 15 -40 
12.962 15 -40 
13.025 15 -40 
13.088 15 -40 
13.15 15 -40 
13.212 15 -40 
13.29 15 -40 
13.354 15 -40 
13.431 15 -40 
13.509 15 -40 
13.588 15 -40 
13.666 15 -40 
13.729 15 -40 
13.791 15 -40 
13.853 15 -40 
13.915 15 -40 
13.978 15 -40 
14.055 15 -40 
14.118 15 -40 
14.181 15 -40 
14.243 15 -40 
14.322 15 -40 
14.383 15 -40 
14.463 15 -40 
14.524 15 -40 
14.587 15 -40 
14.65 15 -40 
14.712 15 -40 
14.775 15 -40 
14.852 15 -40 
14.932 15 -40 
14.994 15 -40 
15.056 15 -40 
15.118 15 -40 
