0.066667 0.015849 0.004213 0.422643 0.299001 0.689396 0.145549 
0.100000 0.012175 0.005669 0.582884 0.306909 0.689077 0.146070 
0.133333 0.013397 0.002240 0.688906 0.341617 0.688454 0.145764 
0.166667 0.022538 -0.007021 0.363722 0.377080 0.690266 0.146914 
0.200000 0.029893 -0.010327 -0.148324 0.362939 0.690924 0.145654 
0.233333 0.034260 -0.009609 -0.445516 0.358735 0.691830 0.146365 
0.266667 0.035960 -0.009284 -0.464292 0.321205 0.693066 0.146656 
0.300000 0.035123 -0.011537 -0.402923 0.333356 0.695044 0.146488 
0.333333 0.034578 -0.010017 -0.259115 0.318760 0.694777 0.146322 
0.366667 0.031407 -0.006154 0.124774 0.289940 0.697438 0.146492 
0.400000 0.024797 -0.004498 0.555683 0.312389 0.697925 0.147100 
0.433333 0.019992 -0.004714 0.665065 0.355701 0.697887 0.146262 
0.466667 0.018455 -0.008199 0.531205 0.368060 0.699856 0.147062 
0.500000 0.020226 -0.015355 0.477164 0.364737 0.699419 0.147020 
0.533333 0.024820 -0.019381 0.475677 0.395119 0.700619 0.146219 
0.566667 0.028255 -0.012751 0.299520 0.415354 0.702036 0.146012 
0.600000 0.028097 -0.000615 -0.027063 0.413837 0.703054 0.146381 
0.633333 0.028402 0.005059 -0.272558 0.410179 0.703611 0.146816 
0.666667 0.028471 0.002558 -0.290276 0.395069 0.703689 0.147626 
0.700000 0.021312 -0.000476 -0.149872 0.379253 0.705952 0.147753 
0.733333 0.011231 0.000758 -0.013962 0.398166 0.706062 0.147912 
0.766667 0.012112 0.005237 0.037514 0.379186 0.705344 0.148303 
0.800000 0.024993 0.005724 -0.025186 0.385494 0.706693 0.147726 
0.833333 0.036084 -0.004359 -0.145262 0.404291 0.707030 0.149912 
0.866667 0.034866 -0.019525 -0.115437 0.363868 0.708643 0.148827 
0.900000 0.021781 -0.031073 0.145655 0.379501 0.710388 0.149294 
0.933333 0.011079 -0.027075 0.463219 0.391631 0.710909 0.147512 
0.966667 0.012534 -0.011931 0.643937 0.400510 0.710934 0.146996 
1.000000 0.019757 0.000356 0.629014 0.441441 0.712111 0.147454 
1.033330 0.023833 0.001966 0.518193 0.450761 0.712590 0.148201 
1.066670 0.024574 -0.004552 0.440751 0.460171 0.713111 0.147962 
1.100000 0.024656 -0.008063 0.355739 0.482296 0.714038 0.149097 
1.133330 0.025093 -0.000733 0.145251 0.488783 0.715234 0.147542 
1.166670 0.026503 0.008387 -0.151135 0.495579 0.715724 0.149437 
1.200000 0.029170 0.007181 -0.339127 0.479460 0.715977 0.149908 
1.233330 0.032442 -0.002989 -0.300420 0.463487 0.717223 0.150543 
1.266670 0.033636 -0.010789 -0.158948 0.455501 0.718110 0.150561 
1.300000 0.031728 -0.010936 -0.131840 0.461263 0.719716 0.150873 
1.333330 0.029843 -0.008647 -0.228157 0.451985 0.720671 0.150459 
1.366670 0.028769 -0.012873 -0.219874 0.449880 0.720944 0.151471 
1.400000 0.027494 -0.018963 0.016498 0.417676 0.722993 0.151392 
1.433330 0.024965 -0.021386 0.311410 0.452361 0.723738 0.149920 
1.466670 0.023804 -0.019250 0.482140 0.460324 0.724315 0.150809 
1.500000 0.023517 -0.016243 0.517816 0.460247 0.726187 0.150569 
1.533330 0.026525 -0.012136 0.497080 0.515471 0.726434 0.149609 
1.566670 0.032988 -0.004740 0.520684 0.488439 0.727196 0.150577 
1.600000 0.031464 -0.000651 0.527062 0.526115 0.729084 0.151007 
1.633330 0.020827 0.003639 0.347536 0.551943 0.729321 0.151362 
1.666670 0.015671 0.006991 0.074663 0.553247 0.730473 0.152143 
1.700000 0.028259 0.006833 -0.078456 0.534049 0.729192 0.152094 
1.733330 0.046399 0.002668 -0.134511 0.554811 0.730827 0.152923 
1.766670 0.046929 -0.001519 -0.198883 0.534429 0.733329 0.154434 
1.800000 0.032898 -0.009010 -0.265200 0.531191 0.734030 0.154969 
1.833330 0.026495 -0.015115 -0.298445 0.524656 0.734403 0.154829 
1.866670 0.032726 -0.014334 -0.271235 0.504706 0.735840 0.154103 
1.900000 0.036003 -0.011613 -0.128702 0.516025 0.737226 0.155162 
1.933330 0.031155 -0.011685 0.120482 0.483439 0.738776 0.155542 
1.966670 0.025806 -0.017432 0.326371 0.521589 0.739036 0.155053 
2.000000 0.025578 -0.018691 0.407967 0.526296 0.740255 0.155187 
2.033330 0.024476 -0.011180 0.523608 0.536867 0.741768 0.154881 
2.066670 0.021611 0.003413 0.793988 0.561755 0.742229 0.155530 
2.100000 0.022949 0.014303 0.975941 0.567735 0.742781 0.155208 
2.133330 0.032213 0.006194 0.732077 0.650760 0.742945 0.157666 
2.166670 0.041924 -0.010833 0.197149 0.639555 0.743241 0.157529 
2.200000 0.043299 -0.019508 -0.191454 0.627903 0.746144 0.157748 
2.233330 0.032181 -0.013579 -0.310445 0.630687 0.747471 0.158484 
2.266670 0.020578 -0.002215 -0.298692 0.616282 0.747808 0.158353 
2.300000 0.022170 0.003444 -0.219210 0.609503 0.748551 0.159144 
2.333330 0.035251 0.001170 -0.131808 0.591106 0.748402 0.158991 
2.366670 0.043945 -0.007482 -0.135620 0.611443 0.750282 0.160778 
2.400000 0.040871 -0.012897 -0.178392 0.589370 0.752147 0.160943 
2.433330 0.035140 -0.015879 -0.116602 0.585849 0.753079 0.160633 
2.466670 0.033111 -0.016431 0.045996 0.582196 0.753301 0.161806 
2.500000 0.028633 -0.013805 0.205665 0.593719 0.756348 0.160830 
2.533330 0.021830 -0.011834 0.334095 0.596775 0.756401 0.161704 
2.566670 0.020947 -0.016719 0.454463 0.612977 0.756383 0.161962 
2.600000 0.028933 -0.020955 0.555506 0.626211 0.758576 0.161125 
2.633330 0.040106 -0.015700 0.616642 0.654689 0.759096 0.161571 
2.666670 0.047543 -0.002310 0.619290 0.662268 0.761069 0.162119 
2.700000 0.045626 0.006659 0.524353 0.694483 0.762079 0.163087 
2.733330 0.037257 0.005902 0.347176 0.710127 0.763131 0.165279 
2.766670 0.031759 -0.000973 0.151432 0.702904 0.763205 0.164896 
2.800000 0.033201 -0.006372 -0.057817 0.723759 0.764878 0.165913 
2.833330 0.037379 -0.005327 -0.260761 0.708765 0.765378 0.166419 
2.866670 0.039127 -0.004747 -0.367552 0.695659 0.766971 0.166885 
2.900000 0.038554 -0.009982 -0.351813 0.686203 0.767670 0.168312 
2.933330 0.039138 -0.015824 -0.279771 0.671398 0.768966 0.168455 
2.966670 0.039509 -0.015427 -0.189161 0.670476 0.770418 0.167966 
3.000000 0.035166 -0.012509 -0.030312 0.662034 0.772423 0.169488 
3.033330 0.027869 -0.015161 0.250175 0.660382 0.772114 0.169690 
3.066670 0.025452 -0.018844 0.597919 0.681689 0.774514 0.169378 
3.100000 0.031797 -0.015666 0.832247 0.695079 0.774448 0.169505 
3.133330 0.039668 -0.011044 0.773103 0.738534 0.776472 0.169523 
3.166670 0.040393 -0.010181 0.491833 0.767895 0.777274 0.171305 
3.200000 0.035996 -0.008051 0.276781 0.755070 0.778604 0.171731 
3.233330 0.035103 -0.000570 0.222049 0.774567 0.779732 0.171402 
3.266670 0.038360 0.008856 0.162147 0.781071 0.780047 0.172940 
3.300000 0.039752 0.009391 0.034926 0.792592 0.781204 0.174729 
3.333330 0.039407 0.002435 -0.044546 0.775185 0.781429 0.175124 
3.366670 0.039879 -0.007371 -0.033953 0.788387 0.782702 0.176139 
3.400000 0.039306 -0.013541 -0.058026 0.769644 0.783976 0.177116 
3.433330 0.036229 -0.018466 -0.210020 0.790766 0.785315 0.176978 
3.466670 0.035228 -0.017176 -0.337976 0.771049 0.786087 0.178510 
3.500000 0.038752 -0.010286 -0.229546 0.742194 0.788387 0.177284 
3.533330 0.043944 -0.007988 0.064150 0.760398 0.788326 0.179138 
3.566670 0.044455 -0.013257 0.350358 0.753509 0.790021 0.180182 
3.600000 0.038018 -0.021102 0.548061 0.782747 0.792120 0.180201 
3.633330 0.033232 -0.019942 0.633345 0.785916 0.792552 0.180862 
3.666670 0.032959 -0.013071 0.587294 0.828054 0.794273 0.180425 
3.700000 0.034445 -0.005483 0.492189 0.835179 0.795284 0.181868 
3.733330 0.036790 -0.003006 0.445409 0.843028 0.795567 0.182743 
3.766670 0.044867 -0.004224 0.405079 0.870369 0.797381 0.183128 
3.800000 0.052661 -0.004845 0.303447 0.877730 0.797048 0.183947 
3.833330 0.045865 -0.004900 0.144511 0.881419 0.800218 0.186475 
3.866670 0.030099 -0.002881 -0.057697 0.890502 0.800260 0.187062 
3.900000 0.027938 0.001887 -0.233621 0.885922 0.800593 0.186809 
3.933330 0.041617 0.003282 -0.275112 0.864860 0.801489 0.187563 
3.966670 0.051016 -0.003342 -0.220346 0.863652 0.801568 0.190338 
4.000000 0.046913 -0.008820 -0.219640 0.854967 0.804707 0.190710 
4.033330 0.040218 -0.010174 -0.257347 0.858764 0.804606 0.190868 
4.066670 0.041783 -0.014451 -0.137305 0.835717 0.806171 0.192746 
4.100000 0.048412 -0.023088 0.160124 0.827587 0.806614 0.192899 
4.133330 0.047885 -0.025895 0.398886 0.861242 0.809866 0.192976 
4.166670 0.038428 -0.018048 0.458450 0.864492 0.811161 0.194953 
4.200000 0.030617 -0.011787 0.452374 0.879106 0.811674 0.194455 
4.233330 0.033808 -0.012926 0.511217 0.901802 0.812684 0.194967 
4.266670 0.041584 -0.016038 0.645146 0.908283 0.813683 0.196486 
4.300000 0.042893 -0.012224 0.686410 0.932718 0.815283 0.196348 
4.333330 0.037425 0.000826 0.462313 0.972837 0.816911 0.197945 
4.366670 0.034110 0.014460 0.094962 0.971572 0.816436 0.199122 
4.400000 0.039400 0.016906 -0.154823 0.957407 0.816697 0.199661 
4.433330 0.049411 0.006235 -0.213626 0.969745 0.817208 0.202003 
4.466670 0.054429 -0.006598 -0.154904 0.943881 0.818044 0.203143 
4.500000 0.052156 -0.014557 -0.090064 0.949566 0.819995 0.204370 
4.533330 0.048006 -0.011387 -0.106843 0.951871 0.821059 0.205546 
4.566670 0.049014 -0.004041 -0.151334 0.940038 0.822632 0.206285 
4.600000 0.053675 -0.006413 -0.079063 0.940115 0.822785 0.207512 
4.633330 0.052767 -0.019075 0.145427 0.931511 0.824499 0.209856 
4.666670 0.042482 -0.029990 0.386045 0.942512 0.826577 0.209719 
4.700000 0.031375 -0.028407 0.518591 0.974062 0.828061 0.210414 
4.733330 0.031131 -0.017538 0.566288 0.970984 0.829229 0.210364 
4.766670 0.039183 -0.009242 0.569365 1.002650 0.829740 0.211463 
4.800000 0.044572 -0.005699 0.545240 1.025800 0.831045 0.211773 
4.833330 0.042330 -0.004670 0.525295 1.028110 0.832321 0.214987 
4.866670 0.044525 -0.003875 0.405932 1.048730 0.832475 0.214076 
4.900000 0.055543 0.000221 0.081366 1.077760 0.833339 0.215768 
4.933330 0.057006 0.007206 -0.230445 1.062010 0.834975 0.217701 
4.966670 0.042234 0.006673 -0.264784 1.031730 0.835087 0.220954 
5.000000 0.034106 -0.005154 -0.117464 1.052710 0.835668 0.220116 
5.033330 0.043791 -0.014401 -0.018666 1.034430 0.835532 0.220929 
5.066670 0.051672 -0.014581 -0.051480 1.042120 0.838542 0.222910 
5.100000 0.046019 -0.008250 -0.159534 1.037750 0.839431 0.224142 
5.133330 0.040334 -0.008479 -0.136577 1.043490 0.839762 0.225089 
5.166670 0.044754 -0.013507 0.157926 1.002870 0.840068 0.225623 
5.200000 0.047563 -0.019119 0.508793 1.051820 0.843085 0.227205 
5.233330 0.043475 -0.017099 0.631647 1.060460 0.843442 0.228094 
5.266670 0.038221 -0.015675 0.579711 1.086800 0.844502 0.229215 
5.300000 0.038763 -0.016661 0.570576 1.100420 0.846030 0.229674 
5.333330 0.040999 -0.019572 0.621538 1.108580 0.846319 0.230398 
5.366670 0.039241 -0.019822 0.572626 1.155360 0.848177 0.232859 
5.400000 0.040760 -0.007851 0.343223 1.149170 0.849415 0.231721 
5.433330 0.048146 0.003760 0.006646 1.169630 0.849878 0.234060 
5.466670 0.053508 0.004402 -0.240777 1.168080 0.849387 0.235747 
5.500000 0.051745 -0.000440 -0.202597 1.137300 0.851080 0.237872 
