0.100000 0.012081 -0.012999 0.628552 0.181963 0.673053 0.176178 
0.133333 0.013934 -0.005832 0.613905 0.210357 0.673905 0.176505 
0.166667 0.018393 0.001701 0.351875 0.242557 0.674316 0.177153 
0.200000 0.026724 0.005963 -0.020262 0.242205 0.674046 0.177069 
0.233333 0.032962 0.010358 -0.211399 0.221924 0.676332 0.177170 
0.266667 0.031865 0.009327 -0.235560 0.222644 0.676752 0.178304 
0.300000 0.025036 0.001184 -0.300020 0.217572 0.677306 0.179183 
0.333333 0.017423 -0.005418 -0.393609 0.212739 0.679000 0.178363 
0.366667 0.014363 -0.006399 -0.346353 0.176458 0.678602 0.178231 
0.400000 0.017409 -0.010566 -0.138393 0.186906 0.679331 0.178700 
0.433333 0.023873 -0.018576 0.131484 0.180181 0.680348 0.178208 
0.466667 0.028205 -0.022253 0.367722 0.181661 0.680820 0.177362 
0.500000 0.025290 -0.017473 0.473766 0.209775 0.682504 0.176830 
0.533333 0.017799 -0.007796 0.481641 0.227577 0.683398 0.176732 
0.566667 0.013959 0.000002 0.531903 0.227577 0.683398 0.176732 
0.600000 0.015223 0.003237 0.585660 0.253452 0.683545 0.176807 
0.633333 0.015094 0.004114 0.478833 0.284985 0.685015 0.177328 
0.666667 0.014598 0.004019 0.223340 0.281845 0.684947 0.177338 
0.700000 0.020699 0.001483 -0.002598 0.297970 0.684967 0.177676 
0.733333 0.030068 0.001375 -0.046852 0.285901 0.686120 0.178319 
0.766667 0.033207 0.006603 0.038700 0.278620 0.687415 0.177769 
0.800000 0.028497 0.008937 0.002973 0.290316 0.688314 0.178895 
0.833333 0.023490 0.001220 -0.218877 0.306206 0.688887 0.180288 
0.866667 0.024953 -0.008929 -0.375208 0.260365 0.689464 0.178919 
0.900000 0.028612 -0.016510 -0.336368 0.262909 0.690417 0.179299 
0.933333 0.028108 -0.021163 -0.193515 0.262892 0.692435 0.179317 
0.966667 0.024125 -0.021861 0.027576 0.241482 0.692042 0.178261 
1.000000 0.017070 -0.018089 0.296954 0.253544 0.694133 0.177787 
1.033330 0.012412 -0.013166 0.483880 0.274824 0.694675 0.177737 
1.066670 0.017645 -0.011327 0.535802 0.283755 0.693944 0.177210 
1.100000 0.026415 -0.010054 0.501960 0.309145 0.695494 0.177339 
1.133330 0.025286 -0.003754 0.416817 0.315988 0.697016 0.176852 
1.166670 0.015030 0.005312 0.312421 0.340840 0.697264 0.177856 
1.200000 0.009705 0.012917 0.231306 0.335133 0.697447 0.177633 
1.233330 0.018146 0.013589 0.144492 0.347944 0.697664 0.178361 
1.266670 0.032752 0.006487 -0.007019 0.356298 0.697480 0.179362 
1.300000 0.038786 -0.000938 -0.163512 0.346655 0.699930 0.179661 
1.333330 0.033503 -0.003184 -0.210130 0.342683 0.701004 0.179894 
1.366670 0.027668 -0.003282 -0.189076 0.323804 0.701368 0.180080 
1.400000 0.027550 -0.008851 -0.248339 0.336070 0.702510 0.180409 
1.433330 0.029459 -0.016555 -0.342957 0.322922 0.703521 0.180390 
1.466670 0.028066 -0.019257 -0.246673 0.298992 0.704537 0.179925 
1.500000 0.022362 -0.016139 0.066381 0.297769 0.706279 0.179206 
1.533330 0.018358 -0.012624 0.355868 0.307228 0.706042 0.179681 
1.566670 0.021516 -0.012125 0.485104 0.336220 0.707489 0.179064 
1.600000 0.029305 -0.010577 0.553475 0.331555 0.707459 0.178863 
1.633330 0.031572 -0.006850 0.645791 0.366394 0.709546 0.179339 
1.666670 0.026910 -0.000235 0.711400 0.382900 0.710518 0.179091 
1.700000 0.022558 0.004022 0.646185 0.405352 0.710595 0.179979 
1.733330 0.021688 0.003309 0.367109 0.431561 0.711395 0.179948 
1.766670 0.022129 0.001396 -0.056324 0.436213 0.712327 0.181036 
1.800000 0.026184 0.001840 -0.361466 0.430222 0.712854 0.180513 
1.833330 0.034036 0.004247 -0.383325 0.396108 0.713193 0.181362 
1.866670 0.038040 0.004061 -0.281711 0.399731 0.714959 0.182244 
1.900000 0.037702 0.003500 -0.240002 0.399688 0.716112 0.182536 
