0.066667 0.056511 -0.004043 -0.699186 0.058832 0.281357 0.475866 
0.100000 0.057242 -0.014909 -0.673059 0.015923 0.284945 0.473879 
0.133333 0.058261 -0.030484 -0.529766 0.008707 0.286194 0.474231 
0.166667 0.066602 -0.032472 -0.088846 -0.015480 0.288404 0.472668 
0.200000 0.082363 -0.029211 0.654998 -0.016897 0.289520 0.472418 
0.233333 0.088558 -0.018743 1.302827 0.026896 0.294113 0.470447 
0.266667 0.080617 -0.005449 1.442892 0.086145 0.297203 0.469732 
0.300000 0.070250 -0.001057 1.113612 0.137186 0.298060 0.472554 
0.333333 0.064574 0.001300 0.606859 0.138169 0.301749 0.470568 
0.366667 0.063228 0.007751 0.047135 0.177744 0.302906 0.471434 
0.400000 0.066096 0.020017 -0.482695 0.160546 0.305598 0.472674 
0.433333 0.072956 0.026698 -0.770883 0.132222 0.306839 0.473803 
0.466667 0.079142 0.025393 -0.774703 0.099659 0.310004 0.474402 
0.500000 0.081550 0.015200 -0.743102 0.081566 0.312513 0.476364 
0.533333 0.082840 0.006256 -0.825005 0.068233 0.315152 0.477012 
0.566667 0.083321 0.009111 -0.816837 0.024195 0.317529 0.475034 
0.600000 0.078833 0.006485 -0.472317 0.005193 0.321012 0.478034 
0.633333 0.072612 -0.010151 0.089937 -0.021140 0.323375 0.477260 
0.666667 0.071209 -0.034272 0.501007 0.022948 0.325126 0.476242 
0.700000 0.074418 -0.041939 0.622512 0.025590 0.327791 0.475004 
0.733333 0.071208 -0.034628 0.678592 0.059619 0.330728 0.473584 
0.766667 0.063840 -0.014135 0.863444 0.063223 0.333039 0.472781 
0.800000 0.059199 0.002467 1.013488 0.103725 0.334509 0.472621 
0.833333 0.062482 0.010464 0.835434 0.149963 0.337040 0.474453 
0.866667 0.070612 0.017119 0.337781 0.166828 0.338282 0.473568 
0.900000 0.079064 0.024449 -0.206473 0.160449 0.341751 0.475295 
0.933333 0.086996 0.025663 -0.593620 0.155991 0.343346 0.477392 
0.966667 0.094085 0.024783 -0.804457 0.115663 0.346906 0.477514 
1.000000 0.096914 0.018541 -0.896335 0.102411 0.349189 0.478998 
1.033330 0.088518 0.010719 -0.868000 0.069541 0.353595 0.480493 
1.066670 0.075810 0.004293 -0.715687 0.022425 0.355536 0.479823 
1.100000 0.074301 -0.003314 -0.503344 0.035007 0.358161 0.480291 
1.133330 0.088859 -0.009259 -0.219745 -0.001036 0.360181 0.479984 
1.166670 0.103998 -0.021535 0.147920 -0.005559 0.363268 0.480248 
1.200000 0.103425 -0.030599 0.447950 0.022202 0.368673 0.478575 
1.233330 0.097019 -0.022711 0.613774 0.033616 0.370445 0.477478 
1.266670 0.100613 -0.007874 0.799223 0.059401 0.373959 0.477377 
1.300000 0.109990 0.006434 1.034778 0.070568 0.376965 0.477905 
1.333330 0.110433 0.010617 1.072263 0.135256 0.381936 0.478093 
1.366670 0.101519 0.015762 0.706601 0.150655 0.384701 0.479330 
1.400000 0.096479 0.014188 0.065459 0.185074 0.387868 0.480832 
1.433330 0.096813 0.019001 -0.472777 0.159989 0.390234 0.481210 
1.466670 0.094468 0.024916 -0.679545 0.135429 0.394527 0.482368 
1.500000 0.089284 0.020263 -0.766543 0.101999 0.397207 0.483912 
1.533330 0.090821 -0.004157 -1.001892 0.116368 0.398954 0.485436 
1.566670 0.097979 -0.017726 -1.185305 0.037875 0.403202 0.483966 
1.600000 0.103393 -0.015607 -0.920198 0.016117 0.406579 0.484020 
1.633330 0.108757 0.006167 -0.201050 -0.022098 0.409778 0.482766 
1.666670 0.112009 0.017065 0.525137 -0.010533 0.412653 0.483631 
1.700000 0.104171 0.002080 0.794973 0.032520 0.418492 0.485450 
1.733330 0.088653 -0.019341 0.619180 0.055540 0.420140 0.484394 
1.766670 0.083222 -0.025383 0.455772 0.068432 0.423309 0.483155 
1.800000 0.090939 -0.014508 0.628262 0.070026 0.425833 0.482791 
1.833330 0.100041 -0.002822 0.937574 0.101400 0.429358 0.483361 
1.866670 0.107829 0.007010 0.931231 0.146441 0.433405 0.483426 
1.900000 0.120329 0.019764 0.416540 0.169009 0.435769 0.484444 
1.933330 0.134050 0.027059 -0.344351 0.181449 0.440477 0.485583 
1.966670 0.135548 0.026642 -0.863539 0.145174 0.444900 0.488746 
2.000000 0.127659 0.016696 -0.917996 0.101575 0.449600 0.488918 
2.033330 0.125250 0.003982 -0.779094 0.080927 0.452974 0.489905 
2.066670 0.133081 -0.004061 -0.741496 0.074464 0.457146 0.490229 
2.100000 0.141048 -0.002284 -0.674762 0.035873 0.462237 0.490150 
2.133330 0.137019 -0.004760 -0.380786 -0.000051 0.466488 0.489736 
2.166670 0.121373 -0.024897 0.038657 0.023010 0.471967 0.490918 
2.200000 0.107509 -0.034590 0.463095 0.016214 0.474623 0.489228 
2.233330 0.102916 -0.022623 0.873116 0.033611 0.477992 0.486404 
2.266670 0.108131 0.000165 1.143614 0.076933 0.482757 0.488166 
2.300000 0.120073 0.013704 1.171620 0.128428 0.484455 0.488359 
2.333330 0.128255 0.018864 0.983901 0.137504 0.490120 0.489068 
2.366670 0.127247 0.011485 0.576917 0.192848 0.494015 0.491600 
2.400000 0.121787 0.010177 0.017922 0.200685 0.497844 0.491243 
2.433330 0.118409 0.011938 -0.481102 0.169757 0.501332 0.492877 
2.466670 0.116851 0.004293 -0.794267 0.173714 0.505766 0.494538 
2.500000 0.122446 0.005389 -0.915991 0.123782 0.509677 0.494942 
2.533330 0.140282 0.011894 -0.903249 0.098219 0.512826 0.494170 
2.566670 0.151649 0.013085 -0.854611 0.069098 0.517768 0.496619 
2.600000 0.137577 -0.003824 -0.672884 0.063649 0.525062 0.498046 
2.633330 0.114734 -0.012303 -0.174645 -0.000110 0.527476 0.496025 
2.666670 0.109605 -0.020309 0.406481 0.028721 0.530809 0.495399 
2.700000 0.120842 -0.025667 0.658895 0.071966 0.534545 0.496894 
2.733330 0.129929 -0.019441 0.622164 0.065053 0.539908 0.494169 
2.766670 0.129575 -0.008370 0.610896 0.098996 0.543528 0.494647 
2.800000 0.129695 0.005316 0.741300 0.117684 0.548230 0.495685 
2.833330 0.134400 0.011427 0.832271 0.124799 0.551880 0.495632 
2.866670 0.140230 0.001891 0.583259 0.189823 0.556848 0.497897 
2.900000 0.142593 0.002714 -0.016381 0.176287 0.561560 0.497523 
2.933330 0.142272 0.003647 -0.529099 0.189520 0.565905 0.499228 
2.966670 0.137335 0.017884 -0.594516 0.125895 0.570480 0.500050 
3.000000 0.130734 0.019798 -0.496081 0.120087 0.575749 0.500900 
3.033330 0.130277 0.008406 -0.755414 0.133451 0.578642 0.502929 
3.066670 0.136520 -0.002613 -1.215329 0.089328 0.583130 0.503060 
3.100000 0.142467 -0.006916 -1.175099 0.027486 0.588926 0.502943 
3.133330 0.145939 -0.007839 -0.416988 -0.008773 0.592649 0.502734 
3.166670 0.151769 -0.011864 0.474736 -0.005029 0.598120 0.502578 
3.200000 0.157376 -0.021285 0.865285 0.049706 0.602680 0.502106 
3.233330 0.156306 -0.017968 0.785697 0.065920 0.608957 0.501443 
3.266670 0.142672 -0.008226 0.690102 0.085540 0.612915 0.501356 
3.300000 0.120992 0.003792 0.736015 0.096355 0.619070 0.501891 
3.333330 0.107918 0.007715 0.709915 0.144582 0.621244 0.502603 
3.366670 0.114361 0.011067 0.509458 0.160665 0.624721 0.503283 
3.400000 0.130013 0.016296 0.198005 0.155421 0.628726 0.504632 
3.433330 0.140644 0.017955 -0.221374 0.179076 0.633947 0.505398 
3.466670 0.146250 0.018474 -0.654548 0.165775 0.638037 0.507558 
3.500000 0.152265 0.015150 -0.921208 0.100849 0.642248 0.508337 
3.533330 0.153308 -0.004585 -1.005179 0.115168 0.648059 0.510120 
3.566670 0.140508 -0.003648 -0.896709 0.053882 0.653317 0.508935 
3.600000 0.123356 0.002153 -0.567715 0.022968 0.657614 0.509459 
3.633330 0.120918 -0.000189 -0.197031 0.022154 0.661020 0.509550 
3.666670 0.137861 -0.014065 0.120157 0.040277 0.665177 0.510813 
3.700000 0.159761 -0.014583 0.487559 0.001869 0.670010 0.508602 
3.733330 0.166272 -0.016955 0.781866 0.059002 0.676517 0.508507 
3.766670 0.159231 -0.009601 0.832238 0.096585 0.681515 0.509374 
3.800000 0.153665 0.005024 0.826562 0.097693 0.687051 0.508808 
3.833330 0.159052 0.013437 0.903831 0.131734 0.690911 0.510015 
3.866670 0.168344 0.013685 0.839548 0.169392 0.697408 0.511506 
3.900000 0.170637 0.006155 0.484788 0.198451 0.702571 0.513079 
3.933330 0.164679 0.002102 0.022665 0.203842 0.707891 0.514169 
3.966670 0.154655 0.011217 -0.382693 0.179736 0.713583 0.515354 
4.000000 0.146764 0.019362 -0.769420 0.187019 0.718241 0.515882 
4.033330 0.144552 0.023165 -1.065545 0.147383 0.722342 0.518948 
4.066670 0.147308 0.014446 -1.063028 0.093558 0.727435 0.519664 
4.100000 0.149428 -0.001345 -0.792275 0.071315 0.732169 0.520350 
4.133330 0.147634 -0.013256 -0.446487 0.055629 0.737813 0.519532 
4.166670 0.146330 -0.019817 -0.021029 0.046036 0.741744 0.521110 
4.200000 0.149928 -0.014973 0.533125 0.038243 0.747451 0.518513 
4.233330 0.157613 -0.008194 0.998696 0.075273 0.752125 0.518905 
4.266670 0.162374 -0.008488 1.137747 0.129425 0.757047 0.520390 
4.300000 0.155816 -0.006668 1.023606 0.144532 0.763660 0.519783 
4.333330 0.145061 -0.004452 0.855473 0.191108 0.768342 0.520775 
4.366670 0.144214 0.008363 0.681925 0.204236 0.771695 0.521464 
4.400000 0.149334 0.020473 0.434323 0.229933 0.777450 0.523335 
4.433330 0.150272 0.030111 0.085717 0.247605 0.782375 0.524810 
4.466670 0.149700 0.035091 -0.326316 0.222952 0.786304 0.527943 
4.500000 0.158098 0.022403 -0.776486 0.229031 0.790905 0.529652 
4.533330 0.171632 0.013186 -1.185323 0.180624 0.796591 0.531475 
4.566670 0.184755 0.004967 -1.344420 0.142858 0.801786 0.532690 
4.600000 0.192235 0.000122 -1.060295 0.094566 0.809174 0.533059 
4.633330 0.192848 -0.010136 -0.402050 0.057434 0.814166 0.534306 
4.666670 0.185650 -0.026793 0.239513 0.062914 0.822114 0.533772 
4.700000 0.172668 -0.034649 0.548959 0.098152 0.827019 0.532486 
4.733330 0.163602 -0.020981 0.679401 0.103425 0.833372 0.532434 
4.766670 0.163809 -0.004041 0.932118 0.125301 0.838414 0.532484 
4.800000 0.174188 0.006821 1.204811 0.155424 0.843392 0.533292 
4.833330 0.191662 0.005178 1.115871 0.217428 0.850567 0.535394 
4.866670 0.211269 0.010859 0.576321 0.244363 0.855501 0.536351 
4.900000 0.219503 0.023626 -0.069128 0.254368 0.862865 0.538339 
4.933330 0.203210 0.035891 -0.494347 0.223992 0.871563 0.541943 
4.966670 0.177757 0.025530 -0.720524 0.218355 0.874991 0.545129 
5.000000 0.162378 0.014282 -0.889141 0.191101 0.881523 0.545387 
5.033330 0.156677 0.010923 -0.987011 0.153051 0.886006 0.547183 
5.066670 0.151365 0.006237 -0.899326 0.124233 0.891906 0.548329 
5.100000 0.147735 -0.004496 -0.517248 0.101207 0.896049 0.549241 
5.133330 0.154942 -0.013251 0.121422 0.072204 0.901574 0.548816 
5.166670 0.176532 -0.024650 0.707855 0.106880 0.906666 0.548825 
5.200000 0.200790 -0.027639 0.946717 0.138634 0.911859 0.548618 
5.233330 0.204656 -0.021284 0.931359 0.172762 0.921303 0.548813 
5.266670 0.186262 -0.004129 0.952436 0.193754 0.926914 0.549308 
5.300000 0.168050 0.011486 1.003680 0.219269 0.932355 0.551229 
5.333330 0.165914 0.016108 0.771891 0.268171 0.937368 0.552480 
5.366670 0.172299 0.018747 0.172954 0.293383 0.942552 0.555183 
5.400000 0.173359 0.026092 -0.419552 0.272798 0.948275 0.556949 
5.433330 0.168829 0.025137 -0.653560 0.252806 0.953974 0.559567 
5.466670 0.168110 0.014484 -0.643698 0.217623 0.958125 0.562255 
5.500000 0.172977 -0.005868 -0.716907 0.225649 0.963847 0.562880 
5.533330 0.174576 -0.008400 -0.882853 0.183596 0.970488 0.563689 
5.566670 0.174680 -0.006868 -0.842342 0.152756 0.975816 0.564663 
5.600000 0.183443 -0.007831 -0.446898 0.124179 0.981283 0.565196 
5.633330 0.196587 -0.013930 0.093691 0.114218 0.987220 0.565774 
5.666670 0.199321 -0.023895 0.498935 0.142448 0.995612 0.565539 
5.700000 0.191310 -0.022866 0.765352 0.162443 1.000580 0.566417 
5.733330 0.184230 -0.008000 1.007163 0.165886 1.008120 0.565761 
5.766670 0.184441 -0.002477 1.134844 0.238474 1.013000 0.567474 
5.800000 0.186008 0.008717 0.994248 0.250146 1.019080 0.569101 
5.833330 0.179288 0.010833 0.584217 0.295946 1.025850 0.571464 
5.866670 0.168197 0.023438 0.044154 0.300243 1.030690 0.572717 
5.900000 0.165116 0.033756 -0.397962 0.296529 1.035380 0.575899 
5.933330 0.172441 0.035886 -0.607979 0.263512 1.040590 0.578724 
5.966670 0.183876 0.023761 -0.683994 0.252656 1.045470 0.581303 
6.000000 0.186582 0.011772 -0.737058 0.235576 1.052210 0.582982 
6.033330 0.179098 0.006988 -0.719651 0.193554 1.058270 0.585027 
6.066670 0.175035 -0.003560 -0.566102 0.183649 1.063550 0.585822 
6.100000 0.184704 -0.014212 -0.251585 0.169176 1.069030 0.586692 
6.133330 0.202334 -0.019800 0.205242 0.150260 1.076070 0.587454 
6.166670 0.211090 -0.023679 0.658461 0.185047 1.082140 0.587093 
6.200000 0.205123 -0.009921 0.951059 0.205389 1.091270 0.588257 
6.233330 0.191375 0.003690 1.063557 0.240632 1.095580 0.588920 
6.266670 0.180040 0.006076 1.023305 0.280290 1.102810 0.592151 
6.300000 0.174872 0.002875 0.763722 0.302934 1.107540 0.593291 
6.333330 0.176230 -0.000970 0.179483 0.327441 1.113410 0.594404 
6.366670 0.178363 -0.003660 -0.203015 0.347062 1.118940 0.597746 
