0.7 0.00197453 8.32491e-005 0.0105181 -0.321716 
0.733333 0.00207873 9.38626e-005 0.0088607 -0.318404 
0.766667 0.00219696 0.000135684 0.00737912 -0.316855 
0.8 0.00221926 0.000108068 0.00422037 -0.317896 
0.833333 0.00209885 5.03261e-005 8.92182e-005 -0.321819 
0.866667 0.00202568 -3.13358e-006 -0.000781899 -0.322828 
0.9 0.00198398 -0.000151147 -0.000418355 -0.322677 
0.933333 0.00204711 -0.000288355 -0.000592675 -0.323015 
0.966667 0.00205341 -0.000416696 -0.000983129 -0.323702 
1 0.00200123 -0.000415626 0.00331044 -0.318957 
1.03333 0.00208624 -0.000382919 0.00717968 -0.313283 
1.06667 0.00228482 -0.000442725 0.00823937 -0.309638 
1.1 0.00238154 -0.000332507 0.00897752 -0.306019 
1.13333 0.00242676 -0.000288714 0.00874037 -0.303306 
1.16667 0.00246762 -0.000195443 0.00801865 -0.301244 
1.2 0.00254288 -0.000251668 0.00558071 -0.30145 
1.23333 0.00261054 -0.000198601 0.00536716 -0.299841 
1.26667 0.00269036 -0.000157009 0.00345769 -0.300306 
1.3 0.00276489 -0.000155164 0.000140476 -0.30307 
1.33333 0.00263463 -0.000106219 0.000909409 -0.302115 
1.36667 0.00268725 -0.000105274 0.00148771 -0.301129 
1.4 0.00263976 -0.000326456 0.000842624 -0.301395 
1.43333 0.0026575 -0.00049444 0.00315017 -0.29839 
1.46667 0.00268973 -0.000604511 0.00450167 -0.295745 
1.5 0.00268646 -0.000672118 0.00666971 -0.291685 
1.53333 0.0027286 -0.000619341 0.00968176 -0.285906 
1.56667 0.00285548 -0.000578721 0.00971527 -0.282639 
1.6 0.00291014 -0.000511542 0.00966642 -0.279458 
1.63333 0.00306231 -0.00029429 0.0103062 -0.275481 
1.66667 0.00302422 -0.00016006 0.0103392 -0.272007 
1.7 0.00304892 -0.000124794 0.00719699 -0.27227 
1.73333 0.00308693 -0.000115526 0.00490293 -0.272579 
1.76667 0.00308982 -0.000193677 0.000301117 -0.276377 
1.8 0.0030951 -0.000195299 0.000914471 -0.275552 
1.83333 0.00307494 -0.000347365 0.00160196 -0.274436 
1.86667 0.00321314 -0.000417531 0.00403789 -0.271026 
1.9 0.00313621 -0.000492532 0.0060856 -0.267263 
1.93333 0.00309905 -0.00052798 0.00655902 -0.264676 
1.96667 0.00310336 -0.000478334 0.00965664 -0.258833 
2 0.00316693 -0.000471162 0.0119396 -0.252919 
2.03333 0.00317479 -0.000394445 0.0134435 -0.247164 
2.06667 0.00323885 -0.000378114 0.0110287 -0.245533 
2.1 0.00335552 -0.000359945 0.00874804 -0.244549 
2.13333 0.00338904 -0.000295203 0.00715902 -0.243509 
2.16667 0.00344191 -0.000191947 0.00528409 -0.243336 
2.2 0.00345881 -4.76878e-005 0.0042785 -0.242762 
2.23333 0.00342474 -0.000106486 -0.000161153 -0.246576 
2.26667 0.00336176 -0.000217668 -0.00159579 -0.248323 
2.3 0.0033992 -0.000314841 0.000680669 -0.246168 
2.33333 0.00347019 -0.000331276 0.00305391 -0.24314 
2.36667 0.00345978 -0.000564793 0.00247409 -0.242806 
2.4 0.00347665 -0.000603575 0.00419548 -0.239949 
2.43333 0.00354005 -0.000572196 0.00851238 -0.233455 
2.46667 0.00366556 -0.000592653 0.00930107 -0.229687 
2.5 0.00369274 -0.000558026 0.0109947 -0.224587 
2.53333 0.00363317 -0.000480832 0.0113971 -0.220447 
2.56667 0.00369537 -0.000374355 0.0106436 -0.217538 
2.6 0.00371579 -0.000360484 0.0078803 -0.217252 
2.63333 0.00381943 -0.000330232 0.00483654 -0.218218 
2.66667 0.00387986 -0.000250185 0.00366425 -0.21799 
2.7 0.00394194 -0.000289699 0.000760097 -0.220196 
2.73333 0.00398263 -0.0003676 -0.00167282 -0.222815 
2.76667 0.00403186 -0.000480731 -0.00153908 -0.223215 
2.8 0.00404025 -0.000567617 -0.000991329 -0.223081 
2.83333 0.00399495 -0.000618809 0.000690712 -0.221426 
2.86667 0.00400312 -0.000569674 0.00466215 -0.216508 
2.9 0.00397301 -0.000647308 0.00517666 -0.214346 
2.93333 0.00402383 -0.000679786 0.0071361 -0.210308 
2.96667 0.00415853 -0.000581251 0.00920917 -0.205482 
3 0.00426594 -0.000430727 0.01029 -0.201136 
3.03333 0.00433643 -0.000350199 0.00890042 -0.199346 
3.06667 0.00433889 -0.000325825 0.00699721 -0.198626 
3.1 0.00438489 -0.000218675 0.00543113 -0.198143 
3.13333 0.00445938 -0.000202827 0.0027353 -0.199515 
3.16667 0.00444349 -0.000232711 0.000626196 -0.201093 
3.2 0.00448648 -0.000317295 0.000579651 -0.200939 
3.23333 0.00449959 -0.000337621 0.00255498 -0.198414 
3.26667 0.00452576 -0.000452161 0.00287361 -0.197186 
3.3 0.00452144 -0.000531157 0.00504437 -0.193666 
3.33333 0.00445828 -0.000584839 0.00664216 -0.190098 
3.36667 0.00456101 -0.00056905 0.00993173 -0.184001 
3.4 0.0045754 -0.000557988 0.012138 -0.178086 
3.43333 0.00452081 -0.000525866 0.0131631 -0.17283 
3.46667 0.00455337 -0.000455671 0.0139465 -0.167517 
3.5 0.00461939 -0.000391633 0.0129103 -0.164091 
3.53333 0.0047005 -0.00032606 0.0120406 -0.160815 
3.56667 0.00474029 -0.000279182 0.0101807 -0.158997 
3.6 0.00480087 -0.000314551 0.00601346 -0.160522 
3.63333 0.00479874 -0.000326254 0.00400162 -0.160893 
3.66667 0.00479134 -0.000360212 0.00239293 -0.161458 
3.7 0.00474398 -0.000360566 0.00452573 -0.158143 
3.73333 0.00476878 -0.000449708 0.00583416 -0.15509 
3.76667 0.00474402 -0.000487783 0.00761174 -0.151046 
3.8 0.0047691 -0.000532363 0.00983607 -0.145883 
3.83333 0.00476122 -0.000611053 0.0123563 -0.13963 
3.86667 0.00474062 -0.000673302 0.0142446 -0.133282 
3.9 0.0047489 -0.00066026 0.01531 -0.127276 
3.93333 0.00471508 -0.000578846 0.0148636 -0.1227 
3.96667 0.00475795 -0.00046666 0.0128569 -0.120114 
4 0.00481422 -0.000408899 0.0108716 -0.118172 
4.03333 0.00486208 -0.000270466 0.00842552 -0.117435 
4.06667 0.00496155 -0.000186877 0.00523886 -0.118389 
4.1 0.00499652 -0.000205966 0.00328235 -0.118952 
4.13333 0.00499976 -0.000265568 0.00228823 -0.119031 
4.16667 0.00507512 -0.000386284 0.0016698 -0.118999 
4.2 0.00504999 -0.000468471 0.00381334 -0.115912 
4.23333 0.00508521 -0.000492223 0.00635272 -0.111643 
4.26667 0.0050212 -0.000541752 0.00824789 -0.107288 
4.3 0.00499811 -0.000604333 0.0105496 -0.101822 
4.33333 0.0049412 -0.000627204 0.0136946 -0.0945928 
4.36667 0.00499136 -0.000575383 0.0140623 -0.0895939 
4.4 0.00503693 -0.00053221 0.015047 -0.083744 
4.43333 0.00507971 -0.000517261 0.012785 -0.0813985 
4.46667 0.00511677 -0.000406032 0.0116546 -0.0784713 
4.5 0.00517056 -0.000349425 0.00978241 -0.0767965 
4.53333 0.00518091 -0.00029141 0.00747106 -0.0762641 
4.56667 0.00517674 -0.000224573 0.00479945 -0.0769275 
4.6 0.00519045 -0.00013877 0.00433374 -0.0758774 
4.63333 0.00537209 -0.000235728 0.0045914 -0.0741287 
4.66667 0.00546783 -0.000309984 0.00675127 -0.0700486 
4.7 0.00555714 -0.000510306 0.00931847 -0.0647677 
4.73333 0.00561496 -0.000584918 0.0111939 -0.0594477 
4.76667 0.00566268 -0.000703027 0.0137652 -0.0526811 
4.8 0.0056624 -0.000751786 0.0166467 -0.0446911 
4.83333 0.00564391 -0.000700228 0.0161235 -0.0397599 
4.86667 0.00578406 -0.000617531 0.0160628 -0.034457 
4.9 0.0058279 -0.00055448 0.015362 -0.02993 
4.93333 0.00591662 -0.000461436 0.0135559 -0.0269413 
4.96667 0.00593365 -0.000393861 0.010604 -0.0259074 
5 0.00603518 -0.000338887 0.00824784 -0.025154 
5.03333 0.00606874 -0.000312675 0.00683869 -0.0240682 
5.06667 0.0061199 -0.000344926 0.0053551 -0.02354 
5.1 0.00612516 -0.00040145 0.00726102 -0.0195051 
5.13333 0.00614771 -0.000471588 0.00878192 -0.0152894 
5.16667 0.00623061 -0.000556502 0.0116481 -0.00897869 
5.2 0.00622583 -0.000648025 0.0132755 -0.00317484 
5.23333 0.00629138 -0.000701521 0.015364 0.00371573 
5.26667 0.00631009 -0.000726313 0.0171112 0.0108996 
5.3 0.00639819 -0.00072595 0.0187132 0.0184944 
5.33333 0.00642859 -0.000722721 0.0188893 0.02494 
5.36667 0.00633691 -0.000617875 0.0179448 0.0301215 
5.4 0.00631013 -0.000524703 0.0154578 0.0331672 
5.43333 0.00627056 -0.000337643 0.0124862 0.034812 
5.46667 0.00625472 -0.000258479 0.00999105 0.0360287 
5.5 0.00622276 -0.000217305 0.00828146 0.0373409 
5.53333 0.00627666 -0.000324142 0.00788783 0.0396367 
5.56667 0.00630823 -0.00044486 0.0104369 0.045275 
5.6 0.00631453 -0.000600683 0.0117917 0.0503534 
5.63333 0.00638211 -0.000650274 0.0136194 0.0564414 
5.66667 0.00641624 -0.00070536 0.0163425 0.0641957 
5.7 0.00648034 -0.000764559 0.0184025 0.072075 
5.73333 0.00649096 -0.000719367 0.0209306 0.0811935 
5.76667 0.00659032 -0.00062101 0.0206299 0.0878154 
5.8 0.00663999 -0.000528133 0.019922 0.0938564 
5.83333 0.00668774 -0.000499338 0.0176501 0.0978152 
5.86667 0.00669706 -0.000413074 0.0169426 0.102863 
5.9 0.00666442 -0.000349344 0.0140332 0.105077 
5.93333 0.00667799 -0.000368888 0.0109417 0.106105 
5.96667 0.00670749 -0.000412091 0.00855063 0.10693 
6 0.0067936 -0.000420781 0.0082022 0.109368 
6.03333 0.00678258 -0.000477999 0.00956988 0.113717 
6.06667 0.00680315 -0.00060367 0.0120521 0.119837 
6.1 0.00685076 -0.000650726 0.013321 0.125352 
6.13333 0.00680035 -0.000718597 0.0156461 0.132537 
6.16667 0.00678638 -0.000783771 0.0184308 0.14104 
6.2 0.00678758 -0.00079259 0.0211132 0.15035 
6.23333 0.00677808 -0.000754028 0.0212847 0.15759 
6.26667 0.0067312 -0.000612052 0.0205359 0.163801 
6.3 0.00676188 -0.000484024 0.0191426 0.169002 
6.33333 0.00675998 -0.000375728 0.0171538 0.173035 
6.36667 0.00675414 -0.000334769 0.0145235 0.175648 
6.4 0.00673884 -0.000292471 0.0111077 0.176457 
6.43333 0.00670205 -0.00031587 0.00954849 0.178319 
6.46667 0.00666828 -0.00040954 0.0079356 0.179598 
6.5 0.00665314 -0.000535461 0.00910214 0.18362 
6.53333 0.00668008 -0.000673258 0.0102897 0.188056 
6.56667 0.00668499 -0.000747228 0.0127091 0.194342 
6.6 0.00673888 -0.000786646 0.0144999 0.200692 
6.63333 0.00673526 -0.00079961 0.017446 0.209003 
6.66667 0.00682505 -0.000720188 0.0209292 0.21893 
6.7 0.00681428 -0.000606053 0.0223759 0.227614 
6.73333 0.00679447 -0.000559185 0.0212231 0.233712 
6.76667 0.00677817 -0.000515644 0.0192661 0.238476 
6.8 0.00686309 -0.000433524 0.0176342 0.242972 
6.83333 0.0068481 -0.000436689 0.0150837 0.245839 
6.86667 0.00690568 -0.00038293 0.0114016 0.246521 
6.9 0.00693518 -0.000386538 0.00877505 0.247221 
6.93333 0.00696321 -0.000436286 0.00814048 0.249397 
6.96667 0.00707829 -0.00053189 0.00895323 0.25307 
7 0.00716837 -0.000615831 0.0104518 0.257823 
7.03333 0.00718415 -0.000736277 0.0125429 0.263775 
7.06667 0.00721176 -0.000826242 0.015053 0.270919 
7.1 0.00726206 -0.000883434 0.0183547 0.279835 
7.13333 0.00727696 -0.000896632 0.0206127 0.288618 
7.16667 0.0073149 -0.00083224 0.0219509 0.297069 
7.2 0.00745335 -0.0007468 0.0223768 0.304889 
7.23333 0.00751483 -0.00063311 0.0211154 0.310858 
7.26667 0.00756849 -0.000548524 0.0193677 0.315834 
7.3 0.00767454 -0.000478972 0.0159945 0.318308 
7.33333 0.00769391 -0.000477987 0.0130587 0.320174 
7.36667 0.00774129 -0.000515232 0.0116899 0.322911 
7.4 0.00771521 -0.000596927 0.0103401 0.325214 
7.43333 0.00773143 -0.000656894 0.0110876 0.329543 
7.46667 0.0077503 -0.000737416 0.0128954 0.335373 
7.5 0.00775592 -0.000804642 0.014728 0.341835 
7.53333 0.00771183 -0.000803966 0.0158464 0.348064 
7.56667 0.00766054 -0.000809141 0.0190437 0.357121 
7.6 0.00773114 -0.000824319 0.0212558 0.36608 
7.63333 0.00780385 -0.00076077 0.0232859 0.375562 
7.66667 0.00788327 -0.000675968 0.0226005 0.382515 
7.7 0.00787478 -0.000623241 0.0205269 0.3876 
7.73333 0.00783083 -0.00058977 0.0188872 0.392507 
7.76667 0.0078378 -0.000508068 0.0147901 0.393966 
7.8 0.00783113 -0.0003589 0.0135131 0.397389 
7.83333 0.00783106 -0.000376811 0.0107184 0.398594 
7.86667 0.00789452 -0.000424843 0.0101407 0.401485 
7.9 0.00788347 -0.000512312 0.0105225 0.405316 
7.93333 0.00780836 -0.000646694 0.0112895 0.409729 
7.96667 0.00787403 -0.000771532 0.0139175 0.416594 
8 0.00793726 -0.000763287 0.0172305 0.425144 
8.03333 0.00792126 -0.000733895 0.0196378 0.43373 
8.06667 0.00799826 -0.000695992 0.0201707 0.440904 
8.1 0.00798529 -0.000582861 0.0201988 0.447661 
8.13333 0.00799295 -0.000537812 0.0193853 0.453434 
8.16667 0.00805026 -0.00048556 0.0174401 0.457599 
8.2 0.00811557 -0.000419193 0.0150876 0.460636 
8.23333 0.00818953 -0.00033545 0.0127665 0.462925 
8.26667 0.00824327 -0.000359452 0.0113215 0.465475 
8.3 0.00836297 -0.000380484 0.0100902 0.467795 
8.33333 0.00837796 -0.000449196 0.0107939 0.471989 
8.36667 0.00832024 -0.000563781 0.0114424 0.476353 
8.4 0.00829371 -0.000664928 0.0135514 0.482656 
8.43333 0.00826195 -0.00069683 0.0165947 0.490766 
8.46667 0.00825402 -0.000693458 0.0180437 0.498008 
8.5 0.00825165 -0.000658046 0.0206016 0.507042 
8.53333 0.00836808 -0.000688391 0.0197202 0.512869 
8.56667 0.00839489 -0.000568627 0.0201616 0.519963 
