0.7 0.00120922 0.00124778 -0.684919 1.67001 
0.733333 0.001314 0.00133559 -0.730933 1.38785 
0.766667 0.00144047 0.0013392 -0.766303 1.10321 
0.8 0.00150905 0.00133003 -0.792892 0.816618 
0.833333 0.00154144 0.00133551 -0.811162 0.530643 
0.866667 0.00162489 0.00129054 -0.823913 0.245066 
0.9 0.0017465 0.00117198 -0.8331 -0.040499 
0.933333 0.00171316 0.00119388 -0.836978 -0.322769 
0.966667 0.00161273 0.00117792 -0.839977 -0.605307 
1 0.00165611 0.00112185 -0.842491 -0.888281 
1.03333 0.00169422 0.00118698 -0.841471 -1.16791 
1.06667 0.00172712 0.00114261 -0.840746 -1.44755 
1.1 0.00174626 0.00112771 -0.839289 -1.72608 
1.13333 0.00176407 0.00120096 -0.841394 -2.00833 
1.16667 0.00184012 0.00125021 -0.844139 -2.29204 
1.2 0.00192767 0.00127173 -0.84647 -2.57618 
1.23333 0.00202184 0.00124984 -0.849429 -2.86183 
1.26667 0.00207205 0.00123835 -0.852641 -3.14877 
1.3 0.00207078 0.0012406 -0.613946 -3.15121 
1.33333 0.00210577 0.00128705 -0.441666 -3.15249 
1.36667 0.00212463 0.00117195 -0.317451 -3.15308 
1.4 0.00212653 0.0010453 -0.228283 -3.15364 
1.43333 0.00207944 0.000959671 -0.162673 -3.15228 
1.46667 0.00211315 0.000905767 -0.115437 -3.15075 
1.5 0.00211648 0.00101008 -0.0783513 -3.14545 
1.53333 0.00212375 0.00108676 -0.0501425 -3.13827 
1.56667 0.00218821 0.00113097 -0.031227 -3.13265 
1.6 0.00225521 0.00113994 -0.0205067 -3.13041 
1.63333 0.00221825 0.00119315 -0.0135233 -3.129 
1.66667 0.00226661 0.00115274 -0.00917426 -3.12837 
1.7 0.00250734 0.00120655 -0.00654845 -3.12833 
1.73333 0.00261494 0.00120496 -0.00532387 -3.12907 
1.76667 0.00268197 0.00115856 -0.00508167 -3.13056 
1.8 0.00269183 0.00113416 -0.0046006 -3.13168 
1.83333 0.00275249 0.00112552 -0.00410829 -3.13263 
1.86667 0.00277574 0.00106705 -0.00188511 -3.13138 
1.9 0.00279451 0.000961392 -0.000142771 -3.12995 
1.93333 0.00278266 0.000970159 0.00290082 -3.12641 
1.96667 0.00276873 0.00094506 0.00453519 -3.12351 
2 0.00279139 0.00100823 0.0080496 -3.11785 
2.03333 0.0028766 0.00100549 0.00996377 -3.11291 
2.06667 0.00290491 0.000985677 0.00934449 -3.11032 
2.1 0.00292845 0.00105442 0.00873415 -3.10792 
2.13333 0.00302284 0.00116384 0.00791552 -3.10598 
2.16667 0.00315299 0.00120337 0.00631869 -3.10522 
2.2 0.00315369 0.00121233 0.00375371 -3.10614 
2.23333 0.00321476 0.00112848 0.00107815 -3.10805 
2.26667 0.00324156 0.00103313 -0.00150329 -3.11074 
2.3 0.00327028 0.000910586 -0.00403734 -3.11423 
2.33333 0.00328435 0.000896307 -0.00235914 -3.1136 
2.36667 0.00332962 0.000796101 -0.000185782 -3.11182 
2.4 0.00341509 0.000809026 0.00314657 -3.10795 
2.43333 0.0033625 0.000767374 0.00650461 -3.10293 
2.46667 0.00339988 0.000725123 0.00741993 -3.09968 
2.5 0.00340347 0.000737577 0.00726991 -3.09739 
2.53333 0.00343423 0.000815446 0.00695074 -3.09534 
2.56667 0.00350632 0.0008735 0.00505992 -3.09526 
2.6 0.00354223 0.000895573 0.00376604 -3.0951 
2.63333 0.00353179 0.000978962 0.00214111 -3.09576 
2.66667 0.00361882 0.000981112 -0.000548648 -3.09822 
2.7 0.00369976 0.000986675 -0.000985125 -3.09892 
2.73333 0.00376152 0.000881847 -0.0024625 -3.10099 
2.76667 0.00379263 0.000800461 -0.00165688 -3.10086 
2.8 0.00379154 0.000668468 0.000254316 -3.09916 
2.83333 0.00387881 0.000606448 0.00240923 -3.09653 
2.86667 0.00396297 0.000529314 0.00381038 -3.09407 
2.9 0.00394249 0.000546309 0.00552094 -3.09078 
2.93333 0.00405693 0.000545715 0.00766101 -3.08642 
2.96667 0.00399872 0.000534758 0.00766415 -3.08386 
3 0.00409034 0.000639412 0.00803158 -3.08087 
3.03333 0.00417168 0.000697555 0.00667532 -3.07979 
3.06667 0.0041879 0.000727125 0.00377334 -3.08099 
3.1 0.00425553 0.000842241 0.00239771 -3.08136 
3.13333 0.00426029 0.000903303 -0.000492238 -3.08397 
3.16667 0.00428544 0.00081684 -0.00338149 -3.08755 
3.2 0.00422675 0.000794173 -0.0026643 -3.08783 
3.23333 0.00429685 0.000657555 -0.00225496 -3.08823 
3.26667 0.00432801 0.000561767 -0.000440414 -3.08684 
3.3 0.00427257 0.000511395 0.00284349 -3.08311 
3.33333 0.00430884 0.000483588 0.00552888 -3.07899 
3.36667 0.00425672 0.000405143 0.0069257 -3.0755 
3.4 0.004228 0.00034416 0.00750106 -3.07252 
3.43333 0.00428591 0.000384831 0.00805328 -3.06936 
3.46667 0.00425367 0.000433906 0.00633393 -3.06871 
3.5 0.00420216 0.000521622 0.00387324 -3.0695 
3.53333 0.00432312 0.000662649 0.00213488 -3.07026 
3.56667 0.00426187 0.000709949 -0.00131594 -3.07362 
3.6 0.00428297 0.000703804 -0.00344586 -3.07658 
3.63333 0.0043227 0.000655224 -0.0046821 -3.07919 
3.66667 0.00434024 0.000628322 -0.00440446 -3.08042 
3.7 0.00445626 0.000610175 -0.00212988 -3.0792 
3.73333 0.00441198 0.000426662 -0.00155102 -3.07923 
3.76667 0.00441519 0.000371564 0.00150811 -3.07613 
3.8 0.00448505 0.000310846 0.00541319 -3.07102 
3.83333 0.00453916 0.000254872 0.00636954 -3.06809 
3.86667 0.00461815 0.000151978 0.00662249 -3.06567 
3.9 0.0047378 0.000286315 0.00726077 -3.06271 
3.93333 0.00475813 0.000360734 0.00525005 -3.06266 
3.96667 0.00485379 0.000517439 0.00541009 -3.06072 
4 0.00491549 0.00055376 0.00320946 -3.06151 
4.03333 0.00493942 0.000506585 -0.000756922 -3.06513 
4.06667 0.00496112 0.000463912 -0.0032979 -3.06838 
4.1 0.00509305 0.000452422 -0.00303914 -3.06917 
4.13333 0.0050941 0.000392983 -0.0021073 -3.06909 
4.16667 0.00508443 0.000319121 -0.00132108 -3.06886 
4.2 0.00508471 0.000217805 0.00143654 -3.06604 
4.23333 0.00516889 0.000158034 0.00450897 -3.06194 
4.26667 0.00511639 9.49283e-005 0.00627085 -3.05836 
4.3 0.00515516 8.27172e-005 0.00944773 -3.05252 
4.33333 0.00516308 8.78606e-005 0.0108374 -3.04773 
4.36667 0.00517069 9.74369e-005 0.0101986 -3.04487 
4.4 0.00513355 0.000121353 0.00804623 -3.04401 
4.43333 0.00512422 0.000135657 0.00622734 -3.04347 
4.46667 0.00525465 0.000263513 0.0048817 -3.04299 
4.5 0.00533866 0.000303099 0.00211964 -3.04462 
4.53333 0.00533604 0.000278619 -0.00146643 -3.04815 
4.56667 0.00531957 0.000208391 -0.00177077 -3.049 
4.6 0.00533037 0.000202182 -0.00142012 -3.04917 
4.63333 0.00527506 8.83457e-005 0.000267807 -3.04765 
4.66667 0.0053911 -1.08161e-005 0.00283732 -3.04453 
4.7 0.00534362 -9.30222e-005 0.00511364 -3.0409 
4.73333 0.00536494 -0.000133989 0.00706614 -3.03689 
4.76667 0.00546779 -7.5147e-005 0.010225 -3.0308 
4.8 0.00552469 -2.93384e-005 0.00999368 -3.02767 
4.83333 0.00555118 -8.46444e-006 0.00858525 -3.026 
4.86667 0.00563607 0.00013079 0.00724468 -3.02472 
4.9 0.00566699 0.000167227 0.00677003 -3.02287 
4.93333 0.005806 0.000242521 0.0045092 -3.02328 
4.96667 0.00586961 0.000198774 0.00177799 -3.025 
5 0.0059223 0.000162157 0.000810484 -3.02555 
5.03333 0.00595534 9.04327e-005 0.000800165 -3.02529 
5.06667 0.00605153 1.06649e-005 0.00155825 -3.02413 
5.1 0.0061122 -5.38855e-005 0.00323742 -3.02163 
5.13333 0.00617241 -0.00015483 0.00525403 -3.01817 
5.16667 0.00623122 -0.000151449 0.00763705 -3.0136 
5.2 0.00622528 -0.000219368 0.00963522 -3.0087 
5.23333 0.00613289 -0.000269304 0.011983 -3.00272 
5.26667 0.00612168 -0.000204422 0.0124397 -2.99818 
5.3 0.00617711 -0.000102656 0.0118358 -2.99475 
5.33333 0.00626102 -5.55157e-005 0.011192 -2.99156 
5.36667 0.00628686 -3.99367e-005 0.00792278 -2.99169 
5.4 0.00632984 -6.79451e-006 0.00523351 -2.99222 
5.43333 0.00633106 -2.12782e-005 0.00326025 -2.99281 
5.46667 0.00637009 -4.97473e-005 0.00233863 -2.99281 
5.5 0.00632965 -9.52084e-005 0.00199558 -2.99244 
5.53333 0.0062819 -0.000212638 0.00362908 -2.98984 
5.56667 0.0062766 -0.000242725 0.0056325 -2.98627 
5.6 0.00628081 -0.000351107 0.00864696 -2.98083 
5.63333 0.00628141 -0.000419732 0.00946141 -2.97699 
5.66667 0.00627859 -0.000407629 0.0124471 -2.97031 
5.7 0.00622395 -0.000358299 0.0135497 -2.96486 
5.73333 0.006289 -0.000328166 0.0135617 -2.96033 
5.76667 0.00632524 -0.000279123 0.0110666 -2.95875 
5.8 0.00624389 -0.000206535 0.00876144 -2.95779 
5.83333 0.0062526 -0.00013445 0.00647566 -2.95756 
5.86667 0.00628287 -8.81525e-005 0.00478313 -2.9574 
5.9 0.00626704 -7.76314e-005 0.00202764 -2.95906 
5.93333 0.00627314 -9.59755e-005 0.00013559 -2.96062 
5.96667 0.00630592 -0.000100508 -0.000460161 -2.96128 
6 0.0063093 -0.000228602 0.00210809 -2.9584 
6.03333 0.00632825 -0.000392557 0.00455815 -2.9548 
6.06667 0.0062485 -0.000428569 0.00680254 -2.95063 
6.1 0.00629611 -0.000476705 0.0102208 -2.94433 
6.13333 0.00623242 -0.000507827 0.0125695 -2.93815 
6.16667 0.00622232 -0.000535132 0.0143594 -2.93185 
6.2 0.00619204 -0.000502394 0.0142268 -2.92722 
6.23333 0.00630395 -0.000468715 0.0133724 -2.92349 
6.26667 0.00635219 -0.000336213 0.0122087 -2.9204 
6.3 0.00640915 -0.000256642 0.0107404 -2.91807 
6.33333 0.00646616 -0.000181244 0.00646182 -2.91954 
6.36667 0.00650404 -0.000161142 0.00437406 -2.91985 
6.4 0.00651226 -0.00022878 0.00230056 -2.92084 
6.43333 0.00656945 -0.000299643 0.00320714 -2.919 
6.46667 0.00658478 -0.00036385 0.00389696 -2.91712 
6.5 0.00667747 -0.000435156 0.0062069 -2.91309 
6.53333 0.00676246 -0.000524356 0.00949352 -2.90714 
6.56667 0.00686404 -0.000644622 0.0121191 -2.90088 
6.6 0.00688084 -0.000646318 0.0145755 -2.89394 
6.63333 0.00692287 -0.000676376 0.0167344 -2.88653 
6.66667 0.00694466 -0.000637878 0.0170137 -2.88062 
6.7 0.00698457 -0.000594446 0.0158915 -2.87628 
6.73333 0.007139 -0.000479328 0.0135866 -2.8737 
6.76667 0.00718946 -0.000381115 0.0103225 -2.87303 
6.8 0.00726145 -0.000353487 0.00733877 -2.87311 
6.83333 0.00731395 -0.00039797 0.00554552 -2.87278 
6.86667 0.00737833 -0.000446104 0.00590153 -2.87051 
6.9 0.00747192 -0.000529112 0.00480854 -2.86983 
6.93333 0.0075683 -0.000556201 0.00708699 -2.86554 
6.96667 0.00755471 -0.000654334 0.00898793 -2.86093 
7 0.00762034 -0.000753749 0.0116957 -2.85474 
7.03333 0.00774916 -0.000879695 0.0108954 -2.85179 
7.06667 0.00774663 -0.000899003 0.0126899 -2.84604 
7.1 0.00778066 -0.000776792 0.0146913 -2.83944 
7.13333 0.00776913 -0.000721119 0.0151621 -2.83399 
7.16667 0.00782162 -0.000675388 0.0132318 -2.83122 
7.2 0.00784244 -0.000594593 0.0111305 -2.82929 
7.23333 0.00778095 -0.00050321 0.00932211 -2.82771 
7.26667 0.00771863 -0.000498124 0.00684967 -2.82752 
7.3 0.00771068 -0.000443666 0.0065145 -2.82563 
7.33333 0.00771138 -0.00052263 0.00639993 -2.8236 
7.36667 0.00776285 -0.000587517 0.00656061 -2.82127 
7.4 0.00776398 -0.000688421 0.00874091 -2.81651 
7.43333 0.00780522 -0.000785385 0.0121502 -2.80958 
7.46667 0.00771844 -0.000830357 0.0145973 -2.80264 
7.5 0.00766781 -0.000939663 0.0156866 -2.79649 
7.53333 0.00761621 -0.000962868 0.017136 -2.78955 
7.56667 0.00761726 -0.000838031 0.0169266 -2.78408 
7.6 0.00755405 -0.000754501 0.0152095 -2.78047 
7.63333 0.00762915 -0.000600733 0.0133809 -2.77755 
7.66667 0.00760458 -0.000591187 0.0113376 -2.77551 
7.7 0.00756688 -0.000480467 0.00847525 -2.77511 
7.73333 0.00757607 -0.000443616 0.00493236 -2.77646 
7.76667 0.00744765 -0.000389437 0.00648933 -2.77298 
7.8 0.0074615 -0.000490416 0.00782986 -2.76924 
7.83333 0.00739052 -0.00068079 0.00705287 -2.76754 
7.86667 0.00737533 -0.000755658 0.0083677 -2.76364 
7.9 0.00731385 -0.000812394 0.0119934 -2.75657 
7.93333 0.00729173 -0.000923961 0.015356 -2.7486 
7.96667 0.00728498 -0.000967414 0.0172177 -2.74129 
8 0.00728267 -0.000874453 0.0194152 -2.73295 
8.03333 0.00723933 -0.00087781 0.0185451 -2.72751 
8.06667 0.00723265 -0.000779519 0.0172092 -2.7229 
8.1 0.00722733 -0.000659431 0.015119 -2.71964 
8.13333 0.00725761 -0.000604234 0.0123976 -2.71781 
8.16667 0.0072558 -0.000531196 0.00927417 -2.71736 
8.2 0.00733404 -0.000616441 0.00619987 -2.7179 
8.23333 0.00742048 -0.000606817 0.00629713 -2.71572 
8.26667 0.00752202 -0.00065986 0.00733499 -2.71239 
8.3 0.00749815 -0.000751259 0.00848652 -2.70859 
8.33333 0.0075804 -0.000823859 0.0104085 -2.70349 
8.36667 0.0074713 -0.00090788 0.0130624 -2.69689 
8.4 0.00746113 -0.000943278 0.0151005 -2.69013 
8.43333 0.00746709 -0.00101095 0.0185635 -2.68101 
8.46667 0.00739816 -0.0010192 0.0212151 -2.67169 
8.5 0.0074799 -0.000968094 0.0209841 -2.66489 
8.53333 0.00753286 -0.000877948 0.0195604 -2.65958 
8.56667 0.00760954 -0.000803215 0.0183572 -2.65448 
