0.7 0.00190001 0.00036275 0.00599762 0.0829358 
0.733333 0.00198377 0.000372199 0.00482749 0.0852929 
0.766667 0.00212643 0.00036483 0.00247283 0.0842684 
0.8 0.00223418 0.00038658 0.000649888 0.0826207 
0.833333 0.00234696 0.000367408 0.000570939 0.0828014 
0.866667 0.00235453 0.000269093 -0.000330504 0.0818673 
0.9 0.00230715 0.000275142 1.12267e-007 0.0820994 
0.933333 0.00235724 0.000248046 0.00167196 0.0840599 
0.966667 0.00239185 0.000138157 0.00338547 0.0866315 
1 0.00233278 2.55103e-005 0.006101 0.0909638 
1.03333 0.00234463 3.60903e-005 0.00898899 0.0964086 
1.06667 0.00235952 8.27766e-005 0.0127021 0.103792 
1.1 0.00236485 0.000186048 0.0129929 0.10837 
1.13333 0.0025187 0.000258504 0.0138206 0.113678 
1.16667 0.00250474 0.000307562 0.0111334 0.115113 
1.2 0.00256541 0.000350876 0.00999005 0.117474 
1.23333 0.00261066 0.000375215 0.0074169 0.117767 
1.26667 0.00258255 0.000425632 0.00626162 0.118875 
1.3 0.0026238 0.000344205 0.00376611 0.118017 
1.33333 0.00264984 0.000210656 0.00262005 0.117919 
1.36667 0.00269104 0.000200636 0.00288048 0.1191 
1.4 0.00277599 0.000108092 0.00488249 0.122423 
1.43333 0.00272056 5.03495e-005 0.00553065 0.124816 
1.46667 0.0027843 4.8938e-005 0.00810163 0.129694 
1.5 0.00286672 2.23848e-005 0.0113615 0.136243 
1.53333 0.00286861 -4.28132e-005 0.0139828 0.143125 
1.56667 0.00285763 -3.0819e-005 0.0136502 0.147393 
1.6 0.00298613 8.33909e-005 0.0138928 0.152229 
1.63333 0.00308258 0.000134235 0.0128643 0.155646 
1.66667 0.00307162 0.00019776 0.0110121 0.157748 
1.7 0.00314082 0.000261922 0.00812422 0.15801 
1.73333 0.00326607 0.000277127 0.00482914 0.156828 
1.76667 0.00327308 0.000267349 0.00188004 0.154956 
1.8 0.00333677 0.000250442 0.00107308 0.15463 
1.83333 0.00337849 9.12858e-005 0.00131588 0.155275 
1.86667 0.00337685 2.67166e-005 0.00196952 0.156485 
1.9 0.00341564 -2.48934e-005 0.00459505 0.160241 
1.93333 0.00345792 -0.000113965 0.00693569 0.164536 
1.96667 0.00346408 -0.000130782 0.0100484 0.170522 
2 0.00344116 -0.000124584 0.0116097 0.175714 
2.03333 0.00348984 -7.42126e-005 0.0133667 0.181658 
2.06667 0.00350327 2.84131e-005 0.0128814 0.185541 
2.1 0.00354768 2.9908e-005 0.0118161 0.188577 
2.13333 0.00355228 0.000151304 0.00991572 0.190273 
2.16667 0.00371345 0.000160892 0.00776906 0.191044 
2.2 0.00374209 0.000138894 0.00513362 0.190523 
2.23333 0.00373115 0.000171505 0.00281015 0.189491 
2.26667 0.00377806 0.000156488 0.00081959 0.188078 
2.3 0.0038097 0.00011863 0.00123003 0.188836 
2.33333 0.00382032 4.70028e-005 0.0029825 0.191314 
2.36667 0.00385394 -8.2904e-005 0.00431029 0.193876 
2.4 0.00393963 -0.000154936 0.00631701 0.197682 
2.43333 0.00396009 -0.000211768 0.0101252 0.204283 
2.46667 0.00400317 -0.000155644 0.0123783 0.210317 
2.5 0.00408865 -0.000129372 0.0143367 0.216755 
2.53333 0.00411753 -6.65369e-005 0.0141352 0.221296 
2.56667 0.00412828 1.47452e-005 0.0132812 0.225 
2.6 0.00413464 0.000143692 0.00961265 0.225096 
2.63333 0.00419719 0.000217851 0.00796605 0.226357 
2.66667 0.00414 0.00029411 0.00492834 0.225426 
2.7 0.00426787 0.000267584 0.0027233 0.224466 
2.73333 0.00436067 0.000139966 0.00182901 0.224318 
2.76667 0.0044149 5.01613e-005 0.00154136 0.224588 
2.8 0.00450062 -4.93889e-005 0.00409859 0.228121 
2.83333 0.00450973 -0.000127875 0.0060202 0.231755 
2.86667 0.00452713 -0.000291119 0.00859508 0.236802 
2.9 0.00451404 -0.000282848 0.0121593 0.243874 
2.93333 0.00458277 -0.00021391 0.0142071 0.250345 
2.96667 0.00454848 -0.000182399 0.015352 0.256432 
3 0.00457581 -9.30557e-005 0.0145212 0.260568 
3.03333 0.00463476 -2.99681e-005 0.0148679 0.265818 
3.06667 0.00467963 -1.20991e-005 0.0109192 0.266113 
3.1 0.00471322 0.000134257 0.00841123 0.266792 
3.13333 0.00476488 0.000163103 0.00658895 0.267445 
3.16667 0.00474796 0.000134383 0.00298519 0.265387 
3.2 0.00471933 1.71311e-005 0.00248186 0.265788 
3.23333 0.00474372 -9.66339e-005 0.00283016 0.267026 
3.26667 0.00476364 -0.000186198 0.00459017 0.270047 
3.3 0.00475121 -0.000221718 0.00675951 0.274138 
3.33333 0.00482185 -0.000351673 0.0114933 0.281979 
3.36667 0.0047962 -0.000429698 0.0140481 0.288826 
3.4 0.00483626 -0.000468673 0.0167801 0.296734 
3.43333 0.00484217 -0.000384815 0.0178727 0.303617 
3.46667 0.00484608 -0.000244982 0.0164092 0.307847 
3.5 0.00488462 -0.000153877 0.016073 0.31292 
3.53333 0.00489726 -4.9321e-005 0.0132367 0.314929 
3.56667 0.00497741 3.39287e-005 0.0110235 0.316729 
3.6 0.00506263 0.000119594 0.00700194 0.315656 
3.63333 0.00508419 7.60934e-005 0.00457445 0.315125 
3.66667 0.00510219 -8.35156e-005 0.0049255 0.317064 
3.7 0.00516676 -0.000190133 0.00520295 0.319033 
3.73333 0.00519121 -0.000292425 0.00790291 0.323955 
3.76667 0.00522244 -0.000398611 0.00936849 0.328319 
3.8 0.00527509 -0.000434524 0.0128101 0.335505 
3.83333 0.00532096 -0.000510176 0.0147564 0.342072 
3.86667 0.00528825 -0.000479656 0.015259 0.347584 
3.9 0.00538021 -0.000393211 0.0168185 0.354512 
3.93333 0.00543916 -0.00030702 0.0168002 0.360096 
3.96667 0.00545243 -0.000158202 0.0158745 0.364603 
4 0.00545134 -8.25059e-005 0.0126383 0.366075 
4.03333 0.00550879 -2.43237e-005 0.00983114 0.366974 
4.06667 0.0055221 -1.19619e-005 0.00617463 0.365934 
4.1 0.00565217 -6.08722e-006 0.00350358 0.36484 
4.13333 0.00568251 -0.000105491 0.00245594 0.364771 
4.16667 0.00561592 -0.000250339 0.0026891 0.365865 
4.2 0.00563855 -0.000314486 0.00503493 0.36953 
4.23333 0.00562744 -0.000383163 0.00677572 0.373263 
4.26667 0.00562753 -0.000455193 0.00845341 0.377502 
4.3 0.00559772 -0.000542198 0.0116575 0.384103 
4.33333 0.00556426 -0.00054438 0.0141497 0.39093 
4.36667 0.00554347 -0.000475421 0.0147004 0.396297 
4.4 0.00555009 -0.000339371 0.0140458 0.400424 
4.43333 0.00554072 -0.000214015 0.0126659 0.403477 
4.46667 0.00553019 -0.000184679 0.0104048 0.40503 
4.5 0.00552228 -0.000116565 0.00787109 0.405508 
4.53333 0.00548375 -6.50325e-005 0.00518531 0.404961 
4.56667 0.00546104 -5.04181e-005 0.00316263 0.404302 
4.6 0.00549299 -0.00015413 0.00237732 0.404429 
4.63333 0.00548124 -0.000261567 0.00247823 0.40534 
4.66667 0.00552961 -0.00036485 0.00428116 0.408295 
4.7 0.00556054 -0.000454383 0.00605642 0.411817 
4.73333 0.00561209 -0.000548326 0.00954115 0.41795 
4.76667 0.00561612 -0.000619738 0.0119758 0.424004 
4.8 0.0056785 -0.000638056 0.0142526 0.430684 
4.83333 0.0056624 -0.000546726 0.0155239 0.436935 
4.86667 0.00570797 -0.0004058 0.0150127 0.441507 
4.9 0.00579082 -0.000313416 0.0132111 0.444384 
4.93333 0.00582951 -0.000270836 0.0105538 0.445651 
4.96667 0.00588236 -0.000219851 0.00869868 0.446979 
5 0.00594625 -0.000200981 0.00643644 0.447208 
5.03333 0.00602305 -0.000187752 0.00333911 0.445697 
5.06667 0.00608733 -0.000212354 0.0031698 0.44661 
5.1 0.00616898 -0.000283907 0.00394605 0.448583 
5.13333 0.00615874 -0.000391303 0.00445692 0.450502 
5.16667 0.00617496 -0.000492347 0.00631416 0.45418 
5.2 0.00624254 -0.000530823 0.00878253 0.459198 
5.23333 0.0062729 -0.000558648 0.0107484 0.464446 
5.26667 0.00630036 -0.000590561 0.013007 0.470695 
5.3 0.00639638 -0.000534228 0.0142429 0.47649 
5.33333 0.00647287 -0.000459691 0.0148392 0.481941 
5.36667 0.00652366 -0.000410042 0.0150581 0.487146 
5.4 0.00653701 -0.000328735 0.013366 0.490168 
5.43333 0.00655804 -0.000310926 0.0110883 0.491935 
5.46667 0.00656147 -0.000222761 0.0079488 0.491925 
5.5 0.00662272 -0.000228581 0.00489001 0.490964 
5.53333 0.00655783 -0.000266632 0.00280039 0.490127 
5.56667 0.00651207 -0.000365938 0.00314257 0.491464 
5.6 0.00655173 -0.00047037 0.00496725 0.494666 
5.63333 0.0065121 -0.000526376 0.00707671 0.498812 
5.66667 0.00653242 -0.000576164 0.0105853 0.505313 
5.7 0.0065736 -0.000588823 0.0133609 0.512117 
5.73333 0.00655057 -0.000594946 0.0158071 0.519459 
5.76667 0.00654767 -0.00059821 0.0169416 0.526067 
5.8 0.00650981 -0.000555036 0.0165861 0.531295 
5.83333 0.00649336 -0.000454893 0.0156035 0.535663 
5.86667 0.00652441 -0.00037135 0.0146177 0.539701 
5.9 0.00655676 -0.000339365 0.0126446 0.542244 
5.93333 0.00651952 -0.000297953 0.00992007 0.543243 
5.96667 0.00649377 -0.000302983 0.0071232 0.543248 
6 0.00647122 -0.000319784 0.00460823 0.542654 
6.03333 0.00645797 -0.000442441 0.00408323 0.54357 
6.06667 0.00642418 -0.000510879 0.00502231 0.54604 
6.1 0.00638182 -0.000575535 0.00600031 0.548868 
6.13333 0.00634628 -0.000629713 0.00762355 0.552784 
6.16667 0.00638733 -0.000575294 0.0106601 0.55891 
6.2 0.00644082 -0.000630955 0.0133262 0.565611 
6.23333 0.00650534 -0.000604912 0.0163898 0.573669 
6.26667 0.00660618 -0.000508477 0.0180333 0.581073 
6.3 0.00669234 -0.000419407 0.0164138 0.585172 
6.33333 0.00666895 -0.000322157 0.0137984 0.587556 
6.36667 0.00679877 -0.000270051 0.0119992 0.590031 
6.4 0.00691999 -0.000242807 0.00924491 0.59078 
6.43333 0.00693705 -0.00023313 0.00543429 0.589363 
6.46667 0.00698142 -0.000250215 0.00400581 0.589488 
6.5 0.00704227 -0.000307347 0.00458434 0.591507 
6.53333 0.00709251 -0.000410473 0.00548836 0.594102 
6.56667 0.00714186 -0.000524501 0.00784418 0.598712 
6.6 0.00720124 -0.00064487 0.0101314 0.604027 
6.63333 0.00718859 -0.000684127 0.0127328 0.610475 
6.66667 0.00729271 -0.000646187 0.0151976 0.617629 
6.7 0.00739971 -0.00061523 0.0173079 0.625186 
6.73333 0.00746124 -0.000553398 0.0196003 0.633661 
6.76667 0.00750856 -0.000472893 0.0202825 0.641 
6.8 0.00754002 -0.000390335 0.0187353 0.645934 
6.83333 0.00758943 -0.000353869 0.0170756 0.65022 
6.86667 0.00763319 -0.00030371 0.014378 0.652728 
6.9 0.00761862 -0.000347953 0.0111188 0.653673 
6.93333 0.00762538 -0.000389193 0.00934146 0.655281 
6.96667 0.00755819 -0.000417299 0.00788234 0.656673 
7 0.00751755 -0.000520956 0.00856802 0.66011 
7.03333 0.00746782 -0.000635521 0.0092742 0.663799 
7.06667 0.00754401 -0.000690163 0.0118504 0.669932 
7.1 0.00749298 -0.000788316 0.0142395 0.676702 
7.13333 0.00742484 -0.000779153 0.0172581 0.685012 
7.16667 0.00741791 -0.000811204 0.0210584 0.695251 
7.2 0.00736569 -0.000772997 0.0218176 0.703166 
7.23333 0.00735535 -0.000704042 0.0211523 0.709653 
7.26667 0.0073206 -0.000607378 0.019648 0.714929 
7.3 0.0072673 -0.000519837 0.0177391 0.719225 
7.33333 0.00725817 -0.000409235 0.014956 0.721852 
7.36667 0.00734715 -0.000352311 0.0129231 0.724438 
7.4 0.00728484 -0.000363655 0.00965344 0.724886 
7.43333 0.00725928 -0.000413837 0.00848905 0.726729 
7.46667 0.00726705 -0.00047849 0.0080852 0.729082 
7.5 0.0072848 -0.00057048 0.00943964 0.733376 
7.53333 0.0072834 -0.0006825 0.0113697 0.738801 
7.56667 0.00731844 -0.000703183 0.0141293 0.745848 
7.6 0.00738016 -0.000794512 0.017179 0.754158 
7.63333 0.00743156 -0.000776872 0.0201243 0.763361 
7.66667 0.00753031 -0.000738511 0.021113 0.771236 
7.7 0.00760587 -0.000684236 0.0210974 0.778256 
7.73333 0.00765759 -0.000593128 0.0199666 0.783953 
7.76667 0.00776955 -0.00051075 0.0199498 0.790589 
7.8 0.00779531 -0.000506367 0.0165642 0.793242 
7.83333 0.00784132 -0.000375409 0.0133606 0.794982 
7.86667 0.00780784 -0.000336524 0.0102997 0.795822 
7.9 0.00778231 -0.000346364 0.00783706 0.796349 
7.93333 0.00790164 -0.000426895 0.0082952 0.799502 
7.96667 0.00788411 -0.000578552 0.00923824 0.80338 
8 0.00797132 -0.000691948 0.0117821 0.809462 
8.03333 0.00803406 -0.000729958 0.013368 0.815262 
8.06667 0.00813045 -0.000784474 0.0166484 0.82359 
8.1 0.00812553 -0.000834054 0.0184403 0.831255 
8.13333 0.00817769 -0.00086591 0.0214551 0.840961 
8.16667 0.00819375 -0.000801761 0.0225871 0.849448 
8.2 0.00819164 -0.000748363 0.0219709 0.85625 
8.23333 0.00822686 -0.000669356 0.0205789 0.86193 
8.26667 0.00830859 -0.000583649 0.018003 0.865749 
8.3 0.0084247 -0.000548435 0.0150617 0.868279 
8.33333 0.00840916 -0.00051797 0.0119584 0.869636 
8.36667 0.00836861 -0.000588997 0.0105647 0.871976 
8.4 0.00832 -0.00065302 0.0111734 0.876217 
8.43333 0.00834127 -0.000779114 0.0130539 0.882161 
8.46667 0.00845731 -0.000909958 0.0152207 0.88907 
8.5 0.0084083 -0.000977131 0.0172337 0.89652 
8.53333 0.0084214 -0.000938808 0.0205289 0.906154 
8.56667 0.00834309 -0.000959977 0.0224068 0.915214 
