0.273 15 -20 
0.368 15 -20 
0.477 15 -20 
0.57 15 -20 
0.633 15 -20 
0.696 15 -20 
0.789 15 -20 
0.866 15 -20 
0.945 15 -20 
1.022 15 -20 
1.117 15 -20 
1.195 15 -20 
1.304 15 -20 
1.367 15 -20 
1.429 15 -20 
1.523 15 -20 
1.602 15 -20 
1.696 15 -20 
1.758 15 -20 
1.821 15 -20 
1.883 15 -20 
1.946 15 -20 
2.055 15 -20 
2.133 15 -20 
2.196 15 -20 
2.257 15 -20 
2.321 15 -20 
2.383 15 -20 
2.445 15 -20 
2.538 15 -20 
2.647 15 -20 
2.726 15 -20 
2.788 15 -20 
2.852 15 -20 
2.944 15 -20 
3.023 15 -20 
3.086 15 -20 
3.149 15 -20 
3.227 15 -20 
3.305 15 -20 
3.398 15 -20 
3.493 15 -20 
3.554 15 -20 
3.618 15 -20 
3.695 15 -20 
3.773 15 -20 
3.867 15 -20 
3.961 15 -20 
4.04 15 -20 
4.101 15 -20 
4.179 15 -20 
4.273 15 -20 
4.35 15 -20 
4.413 15 -20 
4.508 15 -20 
4.57 15 -20 
4.664 15 -20 
4.727 15 -20 
4.789 15 -20 
4.851 15 -20 
4.93 15 -20 
4.991 15 -20 
5.071 15 -20 
5.164 15 -20 
5.257 15 -20 
5.336 15 -20 
5.398 15 -20 
5.507 15 -20 
5.586 15 -20 
5.649 15 -20 
5.758 15 -20 
5.821 15 -20 
5.899 15 -20 
5.992 15 -20 
6.086 15 -20 
6.163 15 -20 
6.241 15 -20 
6.304 15 -20 
6.383 15 -20 
6.444 15 -20 
6.539 15 -20 
6.616 15 -20 
6.694 15 -20 
6.758 15 -20 
6.82 15 -20 
6.929 15 -20 
7.023 15 -20 
7.085 15 -20 
7.149 15 -20 
7.21 15 -20 
7.32 15 -20 
7.383 15 -20 
7.461 15 -20 
7.539 15 -20 
7.618 15 -20 
7.695 15 -20 
7.772 15 -20 
7.851 15 -20 
7.913 15 -20 
7.991 15 -20 
8.054 15 -20 
8.133 15 -20 
8.21 15 -20 
8.288 15 -20 
8.366 15 -20 
8.444 15 -20 
8.508 15 -20 
8.602 15 -20 
8.71 15 -20 
8.82 15 -20 
8.899 15 -20 
8.977 15 -20 
9.055 15 -20 
9.132 15 -20 
9.211 15 -20 
9.29 15 -20 
9.384 15 -20 
9.461 15 -20 
9.522 15 -20 
9.585 15 -20 
9.647 15 -20 
9.725 15 -20 
9.819 15 -20 
9.883 15 -20 
9.945 15 -20 
10.023 15 -20 
10.101 15 -20 
10.163 15 -20 
10.227 15 -20 
10.289 15 -20 
10.365 15 -20 
10.444 15 -20 
10.538 15 -20 
10.617 15 -20 
10.695 15 -20 
10.757 15 -20 
10.82 15 -20 
10.897 15 -20 
10.975 15 -20 
11.069 15 -20 
11.147 15 -20 
11.225 15 -20 
11.304 15 -20 
11.381 15 -20 
11.475 15 -20 
11.554 15 -20 
11.616 15 -20 
11.709 15 -20 
11.787 15 -20 
11.865 15 -20 
11.959 15 -20 
12.023 15 -20 
12.131 15 -20 
12.195 15 -20 
12.257 15 -20 
12.32 15 -20 
12.414 15 -20 
12.506 15 -20 
12.601 15 -20 
12.678 15 -20 
12.741 15 -20 
12.836 15 -20 
12.898 15 -20 
12.959 15 -20 
13.022 15 -20 
13.085 15 -20 
13.147 15 -20 
13.24 15 -20 
13.335 15 -20 
13.396 15 -20 
13.46 15 -20 
13.538 15 -20 
13.616 15 -20 
13.695 15 -20 
13.756 15 -20 
13.819 15 -20 
13.881 15 -20 
13.945 15 -20 
14.006 15 -20 
14.1 15 -20 
14.178 15 -20 
14.242 15 -20 
14.319 15 -20 
14.382 15 -20 
14.476 15 -20 
14.6 15 -20 
14.678 15 -20 
14.741 15 -20 
14.819 15 -20 
14.896 15 -20 
14.974 15 -20 
15.068 15 -20 
15.146 15 -20 
15.226 15 -20 
15.304 15 -20 
15.397 15 -20 
15.475 15 -20 
15.554 15 -20 
15.616 15 -20 
15.71 15 -20 
15.787 15 -20 
15.867 15 -20 
15.959 15 -20 
16.022 15 -20 
16.101 15 -20 
16.164 15 -20 
16.226 15 -20 
16.288 15 -20 
16.35 15 -20 
16.413 15 -20 
16.49 15 -20 
16.569 15 -20 
16.646 15 -20 
16.724 15 -20 
16.787 15 -20 
16.85 15 -20 
16.928 15 -20 
16.99 15 -20 
17.054 15 -20 
17.131 15 -20 
17.241 15 -20 
17.303 15 -20 
17.366 15 -20 
17.445 15 -20 
17.537 15 -20 
17.631 15 -20 
17.725 15 -20 
17.788 15 -20 
17.867 15 -20 
17.961 15 -20 
18.053 15 -20 
18.133 15 -20 
18.194 15 -20 
18.288 15 -20 
18.35 15 -20 
18.413 15 -20 
18.49 15 -20 
18.569 15 -20 
18.663 15 -20 
18.74 15 -20 
18.819 15 -20 
18.912 15 -20 
18.975 15 -20 
19.053 15 -20 
19.115 15 -20 
19.195 15 -20 
19.303 15 -20 
19.397 15 -20 
19.475 15 -20 
19.554 15 -20 
19.616 15 -20 
19.711 15 -20 
19.789 15 -20 
19.867 15 -20 
19.959 15 -20 
20.022 15 -20 
20.1 15 -20 
20.178 15 -20 
