0.066667 0.023059 0.014760 0.084861 0.109283 0.675429 0.286714 
0.100000 0.025835 0.008532 0.052507 0.080524 0.676078 0.287175 
0.133333 0.029802 0.000741 0.009112 0.104479 0.677040 0.287813 
0.166667 0.029069 0.009709 -0.099315 0.107135 0.678707 0.286876 
0.200000 0.027518 0.024110 -0.326498 0.088715 0.678976 0.287477 
0.233333 0.029065 0.017256 -0.570198 0.081752 0.679578 0.289568 
0.266667 0.029620 -0.009196 -0.680923 0.061758 0.681108 0.290543 
0.300000 0.024528 -0.025674 -0.454244 0.036050 0.681815 0.287931 
0.333333 0.013897 -0.019829 0.070191 0.003638 0.682561 0.287307 
0.366667 0.007122 -0.008512 0.502494 0.055534 0.683877 0.287889 
0.400000 0.015907 -0.002510 0.579970 0.051750 0.681485 0.287161 
0.433333 0.030013 -0.002518 0.441154 0.088942 0.684704 0.286952 
0.466667 0.034718 -0.003067 0.332789 0.078654 0.685138 0.287608 
0.500000 0.028119 0.001575 0.322958 0.104790 0.685658 0.287659 
0.533333 0.018167 0.018894 0.307025 0.103814 0.688133 0.286571 
0.566667 0.013678 0.033648 0.168186 0.122372 0.686296 0.288696 
0.600000 0.016097 0.029068 -0.054660 0.129403 0.688070 0.290369 
0.633333 0.021585 0.010877 -0.225232 0.107302 0.688010 0.290686 
0.666667 0.028052 -0.004636 -0.343111 0.104883 0.688573 0.290628 
0.700000 0.034039 -0.008672 -0.452129 0.103948 0.690790 0.290717 
0.733333 0.039588 -0.001892 -0.408671 0.074654 0.690378 0.290264 
0.766667 0.039082 0.004144 -0.128227 0.054528 0.693084 0.290121 
0.800000 0.027102 -0.001651 0.185495 0.073034 0.693640 0.291456 
0.833333 0.011916 -0.010412 0.368252 0.084500 0.695167 0.291088 
0.866667 0.011236 -0.009242 0.476228 0.083929 0.694369 0.289294 
0.900000 0.023555 -0.002981 0.532725 0.112240 0.694411 0.290307 
0.933333 0.029313 -0.002219 0.488106 0.131846 0.696941 0.290439 
0.966667 0.024417 -0.003653 0.374971 0.138327 0.697711 0.290226 
1.000000 0.023958 0.001441 0.260971 0.157070 0.697081 0.290206 
1.033330 0.031121 0.014483 0.159882 0.155834 0.699061 0.290328 
1.066670 0.035644 0.022604 0.031430 0.166075 0.699897 0.290957 
1.100000 0.033708 0.016394 -0.172578 0.156241 0.700707 0.293301 
1.133330 0.032177 0.003063 -0.379795 0.168536 0.702240 0.292948 
1.166670 0.033408 -0.001055 -0.419294 0.120503 0.702298 0.292244 
1.200000 0.031567 -0.003536 -0.283153 0.130608 0.704491 0.293413 
1.233330 0.024690 -0.009338 -0.141320 0.111225 0.705097 0.293189 
1.266670 0.020892 -0.012825 -0.038729 0.128201 0.705917 0.292855 
1.300000 0.025845 -0.003559 0.143618 0.103482 0.706013 0.292023 
1.333330 0.031177 0.005838 0.391978 0.127257 0.707964 0.291783 
1.366670 0.030021 0.003312 0.505043 0.133279 0.708139 0.294443 
1.400000 0.029766 -0.005494 0.438332 0.177999 0.710437 0.292593 
1.433330 0.040612 -0.005727 0.400992 0.156585 0.709620 0.292483 
1.466670 0.050846 -0.003642 0.431380 0.181980 0.711687 0.293612 
1.500000 0.046007 0.001359 0.289647 0.198600 0.715429 0.293471 
1.533330 0.036650 0.011003 -0.025424 0.224425 0.714595 0.293439 
1.566670 0.033944 0.021418 -0.202437 0.178404 0.715586 0.294508 
1.600000 0.034272 0.020531 -0.202306 0.190330 0.717930 0.296036 
1.633330 0.034990 0.012109 -0.305962 0.187409 0.718137 0.296219 
1.666670 0.039916 0.000366 -0.545637 0.178081 0.718500 0.296743 
1.700000 0.041980 -0.009699 -0.604666 0.144084 0.721229 0.297206 
1.733330 0.038033 -0.015506 -0.271782 0.131074 0.722665 0.296573 
1.766670 0.036252 -0.015093 0.265303 0.114660 0.722579 0.295776 
1.800000 0.036137 -0.014003 0.622538 0.158905 0.724972 0.296473 
1.833330 0.035595 -0.010924 0.660232 0.170416 0.726285 0.295111 
1.866670 0.037382 -0.007955 0.569334 0.195161 0.726816 0.295964 
1.900000 0.038677 -0.003206 0.521658 0.203131 0.727910 0.295491 
1.933330 0.031095 0.003153 0.449736 0.225091 0.730661 0.295672 
1.966670 0.022016 0.009737 0.221489 0.242924 0.730360 0.296691 
2.000000 0.024536 0.015876 -0.112081 0.242437 0.730425 0.296700 
2.033330 0.035373 0.022379 -0.340256 0.234248 0.731989 0.297484 
2.066670 0.044176 0.023529 -0.359668 0.212678 0.733056 0.298882 
2.100000 0.050667 0.010683 -0.324243 0.200076 0.734330 0.299841 
2.133330 0.054582 -0.010026 -0.370723 0.215297 0.735381 0.300933 
2.166670 0.053344 -0.016893 -0.349437 0.173551 0.739042 0.299486 
2.200000 0.047121 -0.011910 -0.112998 0.170511 0.739019 0.299412 
2.233330 0.041343 -0.004981 0.216940 0.175906 0.741740 0.300254 
2.266670 0.039887 -0.004334 0.484467 0.193338 0.742484 0.299497 
2.300000 0.043188 -0.008618 0.637955 0.195073 0.743532 0.300013 
2.333330 0.046861 -0.013343 0.651848 0.244863 0.745754 0.300606 
2.366670 0.050258 -0.004536 0.549415 0.243764 0.747092 0.298991 
2.400000 0.053549 0.010361 0.347689 0.261805 0.748808 0.300582 
2.433330 0.054853 0.016393 0.062375 0.289307 0.750382 0.301181 
2.466670 0.050148 0.013436 -0.163595 0.263840 0.751944 0.303308 
2.500000 0.041934 0.009435 -0.265314 0.256294 0.753435 0.302540 
2.533330 0.034298 0.012920 -0.376806 0.258808 0.754641 0.304260 
2.566670 0.032255 0.017378 -0.473095 0.251894 0.755596 0.303790 
2.600000 0.037539 0.012458 -0.376209 0.197285 0.755767 0.306166 
2.633330 0.048874 -0.008392 -0.128589 0.230861 0.758366 0.305664 
2.666670 0.057500 -0.028928 0.110063 0.204619 0.758432 0.305676 
2.700000 0.055195 -0.038256 0.305940 0.221801 0.762876 0.305583 
2.733330 0.047034 -0.025244 0.477904 0.239183 0.763624 0.302948 
2.766670 0.041605 -0.003696 0.612031 0.240191 0.764857 0.303730 
2.800000 0.040033 0.002103 0.678448 0.290393 0.767231 0.304930 
2.833330 0.044035 0.000852 0.629571 0.280037 0.767150 0.305421 
2.866670 0.052904 0.005696 0.396794 0.326315 0.769226 0.304190 
2.900000 0.055969 0.018856 0.030011 0.329145 0.771284 0.306307 
2.933330 0.050135 0.023204 -0.245440 0.312861 0.772714 0.308358 
2.966670 0.048435 0.015207 -0.318137 0.309823 0.773384 0.308419 
3.000000 0.054943 0.007164 -0.339893 0.284345 0.775068 0.309616 
3.033330 0.060481 0.001701 -0.397097 0.310565 0.776975 0.310624 
3.066670 0.057766 0.003944 -0.352725 0.251344 0.779585 0.310153 
3.100000 0.050147 -0.004934 -0.191289 0.258706 0.780085 0.311959 
3.133330 0.043480 -0.022376 -0.042314 0.276163 0.782957 0.311862 
3.166670 0.045431 -0.031845 0.150431 0.244036 0.783567 0.310542 
3.200000 0.050315 -0.026247 0.464946 0.272659 0.785345 0.310361 
3.233330 0.050119 -0.007390 0.752022 0.283539 0.788175 0.309296 
3.266670 0.043526 0.004713 0.850365 0.325271 0.789420 0.311114 
3.300000 0.039362 0.003554 0.753511 0.341893 0.789481 0.311300 
3.333330 0.041992 -0.001002 0.506082 0.369792 0.792045 0.312148 
3.366670 0.050330 0.004451 0.144987 0.381495 0.792785 0.311650 
3.400000 0.057604 0.012558 -0.220064 0.378588 0.794045 0.312724 
3.433330 0.057018 0.012452 -0.401111 0.373231 0.796872 0.315729 
3.466670 0.053873 0.013132 -0.357945 0.332243 0.797315 0.314854 
3.500000 0.057149 0.015447 -0.304799 0.351792 0.799377 0.315928 
3.533330 0.061565 0.011711 -0.354119 0.334603 0.801015 0.317799 
3.566670 0.062194 -0.008971 -0.288172 0.319630 0.802632 0.319054 
3.600000 0.060458 -0.030991 0.049326 0.302712 0.805245 0.318415 
3.633330 0.057503 -0.036151 0.450976 0.317450 0.807177 0.317657 
3.666670 0.055353 -0.023552 0.668147 0.355524 0.809693 0.316914 
3.700000 0.058487 -0.006259 0.693938 0.353148 0.811539 0.317661 
3.733330 0.065539 -0.000572 0.570708 0.392618 0.812741 0.318479 
3.766670 0.068538 0.002203 0.303668 0.406581 0.815257 0.318999 
3.800000 0.061812 0.009312 0.019068 0.409426 0.818048 0.320447 
3.833330 0.055093 0.017239 -0.117920 0.403194 0.819009 0.321129 
3.866670 0.056966 0.017508 -0.116763 0.397428 0.819505 0.322664 
3.900000 0.059014 0.011171 -0.136191 0.396436 0.822359 0.324297 
3.933330 0.053334 0.006609 -0.262644 0.395519 0.823757 0.324731 
3.966670 0.047005 0.005658 -0.390025 0.382701 0.825170 0.325664 
4.000000 0.049865 0.000928 -0.376210 0.357638 0.826417 0.326356 
4.033330 0.060073 -0.013569 -0.205314 0.361672 0.827859 0.327115 
4.066670 0.064177 -0.028818 0.068708 0.346927 0.830068 0.326793 
4.100000 0.053749 -0.035135 0.361357 0.357408 0.833753 0.327295 
4.133330 0.041895 -0.025248 0.548475 0.377074 0.834457 0.325387 
4.166670 0.043071 -0.007706 0.570175 0.397296 0.835834 0.325923 
4.200000 0.051802 0.004336 0.494835 0.412884 0.837474 0.327010 
4.233330 0.055871 0.007490 0.424118 0.433924 0.839061 0.327440 
4.266670 0.053520 0.008090 0.341758 0.427862 0.840922 0.329046 
4.300000 0.052355 0.006695 0.150176 0.464833 0.841940 0.329569 
4.333330 0.055825 0.009951 -0.094621 0.452923 0.843616 0.330614 
4.366670 0.059430 0.012294 -0.227190 0.435517 0.844993 0.331647 
4.400000 0.058194 0.006343 -0.230306 0.446327 0.847117 0.333266 
4.433330 0.055492 -0.000657 -0.214417 0.420313 0.848349 0.334543 
4.466670 0.057079 -0.003659 -0.267222 0.426782 0.850094 0.333753 
4.500000 0.059326 -0.002632 -0.351780 0.417082 0.852129 0.335310 
4.533330 0.058887 -0.008551 -0.290559 0.397397 0.854168 0.336357 
4.566670 0.061486 -0.019904 0.020903 0.388690 0.855488 0.336531 
4.600000 0.068995 -0.024135 0.439334 0.400227 0.858257 0.335900 
4.633330 0.073247 -0.017762 0.711022 0.416490 0.860586 0.336527 
4.666670 0.067275 -0.011068 0.728255 0.460515 0.863522 0.337333 
4.700000 0.057584 -0.004615 0.581417 0.460200 0.864914 0.338024 
4.733330 0.055251 -0.000437 0.378592 0.492550 0.866972 0.338823 
4.766670 0.062274 0.008922 0.154602 0.494868 0.867603 0.339266 
4.800000 0.067511 0.016656 -0.078316 0.493879 0.870753 0.340804 
4.833330 0.064735 0.012164 -0.298922 0.494942 0.871672 0.343406 
4.866670 0.059739 -0.000592 -0.426983 0.477641 0.873078 0.343812 
4.900000 0.059340 -0.008036 -0.384969 0.460602 0.875730 0.344643 
4.933330 0.064254 -0.004142 -0.264024 0.440754 0.877168 0.344823 
4.966670 0.070751 -0.000787 -0.169846 0.463141 0.879063 0.346078 
5.000000 0.073205 -0.000339 0.007820 0.432902 0.881783 0.347442 
5.033330 0.069914 -0.008503 0.302643 0.431596 0.883619 0.348091 
5.066670 0.062421 -0.019435 0.482850 0.473013 0.885767 0.348745 
5.100000 0.056206 -0.020692 0.480364 0.478922 0.888511 0.349118 
5.133330 0.056783 -0.013569 0.489044 0.488532 0.889678 0.348715 
5.166670 0.063795 -0.003137 0.514912 0.501230 0.891547 0.350005 
5.200000 0.070856 0.004944 0.364092 0.537189 0.894123 0.351065 
5.233330 0.076269 0.013575 0.055650 0.532543 0.895552 0.352615 
5.266670 0.081143 0.014835 -0.145340 0.534873 0.897655 0.353832 
5.300000 0.081485 0.007737 -0.093993 0.516173 0.899674 0.356884 
5.333330 0.076044 -0.004054 0.028105 0.520159 0.902239 0.357429 
5.366670 0.068501 -0.009143 -0.050570 0.530996 0.904427 0.358157 
5.400000 0.062690 -0.006723 -0.319621 0.526998 0.906266 0.359631 
5.433330 0.058028 -0.005818 -0.511661 0.499065 0.908481 0.359446 
5.466670 0.052745 -0.013926 -0.404661 0.492331 0.909410 0.361622 
5.500000 0.050202 -0.020928 0.023092 0.473722 0.912288 0.361055 
5.533330 0.054909 -0.019186 0.534356 0.475472 0.913350 0.360472 
5.566670 0.062862 -0.014290 0.790045 0.524364 0.915101 0.361709 
5.600000 0.067340 -0.008061 0.764178 0.548074 0.918429 0.362638 
5.633330 0.069279 0.000485 0.676010 0.551812 0.919172 0.363288 
5.666670 0.071305 0.006678 0.510650 0.583769 0.921642 0.364397 
5.700000 0.068876 0.008027 0.161999 0.612849 0.923548 0.366860 
5.733330 0.061823 0.008847 -0.159796 0.594410 0.924807 0.367978 
5.766670 0.058815 0.010371 -0.222093 0.576977 0.926861 0.369032 
5.800000 0.062999 0.008277 -0.142745 0.588019 0.927582 0.370251 
5.833330 0.066828 0.000645 -0.132616 0.575036 0.929589 0.372465 
5.866670 0.063495 -0.009673 -0.221285 0.577356 0.931568 0.372986 
5.900000 0.056653 -0.012580 -0.352529 0.557185 0.934046 0.373747 
5.933330 0.056374 -0.013258 -0.439132 0.559160 0.935074 0.374274 
5.966670 0.066454 -0.014426 -0.311607 0.532655 0.937035 0.374970 
6.000000 0.075658 -0.017334 0.102213 0.521796 0.939262 0.375749 
6.033330 0.073360 -0.017835 0.568272 0.536332 0.942669 0.376573 
6.066670 0.065905 -0.011865 0.783796 0.574491 0.944328 0.377547 
6.100000 0.067980 0.001377 0.732920 0.593225 0.946299 0.377857 
6.133330 0.079481 0.010312 0.588929 0.613156 0.947961 0.379367 
6.166670 0.087486 0.008504 0.426569 0.633832 0.949983 0.382696 
6.200000 0.084155 0.005689 0.192809 0.639744 0.952508 0.383447 
6.233330 0.073625 0.007907 -0.128014 0.651009 0.954831 0.385306 
6.266670 0.065618 0.009875 -0.391554 0.638346 0.955962 0.387289 
6.300000 0.070784 0.003226 -0.423564 0.614551 0.957755 0.388974 
6.333330 0.086695 -0.006768 -0.288231 0.600518 0.958817 0.389368 
6.366670 0.093128 -0.011665 -0.198284 0.606275 0.962902 0.391852 
6.400000 0.082016 -0.008899 -0.143409 0.600234 0.966189 0.393016 
6.433330 0.069944 -0.007651 0.069614 0.581682 0.966920 0.393935 
6.466670 0.068848 -0.014931 0.434409 0.597164 0.969105 0.395183 
6.500000 0.072812 -0.022454 0.730641 0.621377 0.972261 0.396023 
6.533330 0.074695 -0.023545 0.809349 0.645115 0.973982 0.396189 
6.566670 0.073012 -0.016651 0.686019 0.676465 0.976557 0.398222 
6.600000 0.073018 0.000176 0.462733 0.694280 0.979534 0.398694 
6.633330 0.079413 0.017798 0.235325 0.699039 0.979908 0.399923 
6.666670 0.086280 0.021201 0.051328 0.716547 0.981888 0.403905 
6.700000 0.084823 0.015213 -0.073274 0.698909 0.984291 0.405546 
6.733330 0.079132 0.003740 -0.154477 0.708254 0.985290 0.407340 
6.766670 0.073783 -0.005184 -0.217300 0.697785 0.988070 0.409362 
6.800000 0.071107 -0.010824 -0.274737 0.683047 0.989336 0.410678 
6.833330 0.071922 -0.013532 -0.310833 0.687515 0.992216 0.411080 
6.866670 0.073895 -0.013729 -0.224467 0.668321 0.993682 0.413095 
6.900000 0.070821 -0.015589 0.041619 0.654630 0.996061 0.413916 
6.933330 0.062398 -0.018155 0.319403 0.675123 0.999016 0.414921 
6.966670 0.059128 -0.016689 0.410607 0.681619 0.999826 0.415679 
7.000000 0.067514 -0.014968 0.394264 0.713957 1.002220 0.416453 
7.033330 0.081061 -0.008987 0.497997 0.695723 1.004070 0.417147 
7.066670 0.084815 -0.006599 0.714651 0.735433 1.006580 0.420417 
7.100000 0.077361 0.000715 0.771680 0.755222 1.009250 0.420570 
7.133330 0.068037 0.008560 0.470840 0.783052 1.010110 0.423390 
7.166670 0.064154 0.010908 -0.030540 0.806936 1.011900 0.424759 
7.200000 0.063290 0.009871 -0.327868 0.771309 1.012050 0.426411 
7.233330 0.063518 0.005039 -0.257580 0.764096 1.014950 0.428817 
7.266670 0.068899 0.001449 -0.089603 0.761165 1.015380 0.429430 
7.300000 0.079845 -0.001824 -0.103982 0.770977 1.016950 0.431391 
7.333330 0.084050 -0.002537 -0.256337 0.752088 1.019740 0.433286 
7.366670 0.077771 -0.006655 -0.301591 0.755924 1.022240 0.435799 
7.400000 0.075393 -0.010264 -0.069477 0.726402 1.022830 0.436374 
7.433330 0.081903 -0.016348 0.341815 0.739461 1.026130 0.437776 
7.466670 0.086367 -0.020117 0.668043 0.760019 1.028000 0.439610 
7.500000 0.084165 -0.020306 0.791518 0.792252 1.031460 0.441485 
7.533330 0.084893 -0.013374 0.760531 0.802396 1.033040 0.441978 
7.566670 0.091804 -0.006142 0.583691 0.842560 1.035170 0.444755 
7.600000 0.097920 0.003000 0.272671 0.851137 1.038240 0.446547 
7.633330 0.094317 0.008134 -0.026834 0.857098 1.038810 0.449475 
7.666670 0.082527 0.009110 -0.156973 0.848378 1.042240 0.452486 
7.700000 0.076129 0.005244 -0.171250 0.836044 1.042590 0.453807 
7.733330 0.081720 -0.002468 -0.279953 0.839304 1.043910 0.455605 
7.766670 0.085436 -0.005555 -0.469115 0.841708 1.046540 0.458402 
7.800000 0.075344 0.002347 -0.438064 0.793808 1.049240 0.459372 
7.833330 0.062828 0.001459 -0.088864 0.793494 1.050120 0.462360 
7.866670 0.066120 -0.012955 0.308734 0.801539 1.050800 0.462837 
7.900000 0.079690 -0.031457 0.537821 0.818511 1.053290 0.463480 
7.933330 0.085460 -0.035927 0.646770 0.840679 1.056910 0.466788 
7.966670 0.085404 -0.018243 0.721505 0.849419 1.059580 0.465883 
8.000000 0.090647 0.000432 0.724891 0.894976 1.061480 0.468783 
8.033330 0.095602 0.007045 0.602307 0.898566 1.061940 0.471622 
8.066670 0.087863 0.000546 0.380851 0.935311 1.065420 0.474861 
8.100000 0.074142 0.004511 0.127881 0.924550 1.066610 0.475984 
8.133330 0.071021 0.010416 -0.097605 0.939924 1.067580 0.478090 
8.166670 0.082920 0.010390 -0.245279 0.926196 1.068550 0.480892 
8.200000 0.101850 0.002023 -0.307971 0.909655 1.069950 0.482665 
8.233330 0.113041 -0.010488 -0.322587 0.917221 1.073000 0.486239 
8.266670 0.104929 -0.016748 -0.269494 0.886411 1.075120 0.488264 
8.300000 0.081900 -0.024482 -0.061884 0.898197 1.078640 0.491743 
8.333330 0.069279 -0.025443 0.313416 0.880997 1.080080 0.491578 
8.366670 0.079271 -0.026489 0.696281 0.908597 1.081820 0.492558 
8.400000 0.097351 -0.026147 0.876156 0.941660 1.084740 0.495472 
8.433330 0.102498 -0.016621 0.802481 0.966820 1.087240 0.497053 
8.466670 0.094825 0.005159 0.559537 0.991305 1.090490 0.500779 
8.500000 0.089715 0.018517 0.408383 1.005600 1.090130 0.501523 
