0.7 0.00570003 -0.000171298 0.0119184 -0.0115319 
0.733333 0.00607947 -6.99304e-005 0.0107371 -0.00620018 
0.766667 0.00647555 -4.50374e-005 0.00818713 -0.00568053 
0.8 0.00671101 -5.66802e-006 0.00602554 -0.00576569 
0.833333 0.00685821 -7.0209e-006 0.000548449 -0.0106187 
0.866667 0.00704716 -6.61087e-005 0.000318253 -0.0107454 
0.9 0.00725705 -0.000251751 0.00308426 -0.00736707 
0.933333 0.0073852 -0.000419844 0.00599696 -0.00293052 
0.966667 0.00758177 -0.000616199 0.0114425 0.00549353 
1 0.00769591 -0.000774094 0.0161345 0.01484 
1.03333 0.00795774 -0.000842237 0.0240625 0.0295845 
1.06667 0.00821536 -0.00089511 0.0299036 0.0445056 
1.1 0.00836833 -0.000733606 0.0311933 0.0559972 
1.13333 0.00862886 -0.000585648 0.0303136 0.0653567 
1.16667 0.00880825 -0.000462077 0.0284644 0.0732787 
1.2 0.00897353 -0.000451286 0.0237929 0.0772522 
1.23333 0.00916037 -0.000424578 0.0188416 0.0793384 
1.26667 0.00931509 -0.000429447 0.0125665 0.0782114 
1.3 0.00947737 -0.000487611 0.00857436 0.0776876 
1.33333 0.00951682 -0.000480584 0.0078641 0.0797073 
1.36667 0.0097571 -0.000630672 0.00874587 0.0833695 
1.4 0.00980443 -0.000691964 0.00976821 0.0874917 
1.43333 0.0100746 -0.000930007 0.0174593 0.0998268 
1.46667 0.0102892 -0.00118415 0.0234228 0.112686 
1.5 0.0103313 -0.00127027 0.028626 0.126636 
1.53333 0.0104842 -0.00134005 0.0306135 0.138524 
1.56667 0.0106412 -0.00129925 0.035086 0.154008 
1.6 0.0107137 -0.00120769 0.0357504 0.166488 
1.63333 0.0107384 -0.00102954 0.0330277 0.175191 
1.66667 0.0109564 -0.0008552 0.0283733 0.180706 
1.7 0.0110828 -0.00067334 0.0221893 0.182863 
1.73333 0.011288 -0.000650345 0.016797 0.183894 
1.76667 0.0113799 -0.000724394 0.0125576 0.184489 
1.8 0.0114331 -0.000867761 0.0114137 0.187325 
1.83333 0.0114719 -0.00110468 0.0122967 0.192171 
1.86667 0.0114591 -0.00129934 0.0154749 0.200022 
1.9 0.0115238 -0.00144129 0.0192175 0.209598 
1.93333 0.0115868 -0.00152505 0.0251657 0.223026 
1.96667 0.011656 -0.00154909 0.0314653 0.238851 
2 0.0117147 -0.00152636 0.0357134 0.254354 
2.03333 0.011792 -0.00135733 0.0379735 0.268926 
2.06667 0.0119952 -0.00125472 0.037694 0.281254 
2.1 0.0120571 -0.00110701 0.0343365 0.289856 
2.13333 0.0121767 -0.00108404 0.0318334 0.298346 
2.16667 0.0121911 -0.000925745 0.0250152 0.300909 
2.2 0.0121431 -0.000802296 0.0180546 0.30103 
2.23333 0.0121826 -0.000797407 0.0123935 0.300366 
2.26667 0.0122963 -0.000888902 0.0111002 0.30297 
2.3 0.0123642 -0.00108367 0.0121585 0.30792 
2.33333 0.0124975 -0.00127711 0.015305 0.315687 
2.36667 0.0126296 -0.00148123 0.0193408 0.325553 
2.4 0.0125839 -0.00163375 0.0245825 0.338187 
2.43333 0.012634 -0.00173928 0.0302175 0.353033 
2.46667 0.0126482 -0.00168863 0.0348804 0.36861 
2.5 0.0128068 -0.00155247 0.0359148 0.381458 
2.53333 0.0129874 -0.00138743 0.0340534 0.391232 
2.56667 0.0132857 -0.00121984 0.0310834 0.399077 
2.6 0.0135419 -0.0010914 0.025469 0.402811 
2.63333 0.0137731 -0.00102165 0.0207744 0.405759 
