0.7 0.00589325 -0.000273237 0.0119034 0.14959 
0.733333 0.00627936 -0.000220219 0.00961882 0.15288 
0.766667 0.00661339 -0.000157384 0.00638732 0.152339 
0.8 0.00683763 -0.00013242 0.00315172 0.150317 
0.833333 0.00714087 -0.000257004 0.00330944 0.151391 
0.866667 0.00738238 -0.000342992 0.00487345 0.154188 
0.9 0.00754979 -0.000540655 0.00965224 0.16148 
0.933333 0.00769477 -0.000735131 0.0137361 0.169519 
0.966667 0.00784431 -0.000933713 0.0189941 0.180302 
1 0.00795295 -0.00103412 0.0235955 0.192068 
1.03333 0.00810249 -0.00103307 0.027385 0.204411 
1.06667 0.00822585 -0.000969923 0.0289763 0.215421 
1.1 0.00834175 -0.0008324 0.0284351 0.224441 
1.13333 0.00850077 -0.000728359 0.026904 0.232113 
1.16667 0.00868363 -0.000553792 0.0232297 0.236744 
1.2 0.00880349 -0.000341042 0.0193379 0.239893 
1.23333 0.00892974 -0.000207187 0.0132753 0.239182 
1.26667 0.00908041 -0.000224599 0.00775112 0.237086 
1.3 0.00914634 -0.000321735 0.00503206 0.23646 
1.33333 0.00929605 -0.000569832 0.00707942 0.240554 
1.36667 0.00939459 -0.000796936 0.0102054 0.246604 
1.4 0.00941479 -0.000935699 0.0152528 0.255964 
1.43333 0.00948349 -0.00107041 0.0214315 0.268342 
1.46667 0.00950994 -0.00121091 0.0280018 0.283242 
1.5 0.00960321 -0.00127343 0.0330265 0.298507 
1.53333 0.00978126 -0.00122943 0.0353257 0.31223 
1.56667 0.00991421 -0.00110327 0.0336149 0.321986 
1.6 0.0101118 -0.000963195 0.0302399 0.329207 
1.63333 -0.0072509 -0.00141888 -0.105243 0.179354 
1.66667 -0.0116906 -0.000339681 -0.307548 -0.0945399 
1.7 -0.0149617 0.000354254 -0.456671 -0.373089 
1.73333 -0.0170856 0.000865069 -0.561554 -0.649123 
1.76667 -0.0186554 0.00118605 -0.634784 -0.922753 
1.8 -0.0197452 0.00140299 -0.68374 -1.19214 
1.83333 -0.0204344 0.0014726 -0.717583 -1.46 
1.86667 -0.0209181 0.00154052 -0.739675 -1.72527 
1.9 -0.0213339 0.00160144 -0.753419 -1.98806 
1.93333 -0.0215967 0.00161329 -0.762249 -2.24962 
1.96667 -0.0217352 0.00162619 -0.767278 -2.50964 
2 -0.0217755 0.00170674 -0.771809 -2.77075 
2.03333 -0.0217978 0.00179141 -0.776207 -3.03321 
2.06667 -0.0217555 0.00202806 -0.783352 -3.30038 
2.1 -0.0216483 0.00226017 -0.790659 -3.57012 
2.13333 -0.021515 0.00247505 -0.799279 -3.84385 
2.16667 -0.0213071 0.00255263 -0.80698 -4.11937 
2.2 -0.021102 0.00254055 -0.811998 -4.39428 
2.23333 -0.0209894 0.00242267 -0.81469 -4.66813 
2.26667 -0.0207705 0.00226176 -0.812084 -4.93662 
2.3 -0.020762 0.00211211 -0.808459 -5.20303 
2.33333 -0.0208864 0.00195022 -0.804777 -5.46817 
2.36667 -0.00342729 0.00242376 -0.668042 -5.57502 
2.4 0.00116425 0.00142872 -0.46548 -5.55858 
2.43333 0.00472511 0.000862276 -0.319686 -5.54164 
2.46667 0.00712563 0.00039663 -0.217153 -5.52717 
2.5 0.00888212 5.03011e-005 -0.146376 -5.516 
2.53333 0.0100929 -0.000207396 -0.0992077 -5.50911 
2.56667 0.01092 -0.000383146 -0.0671285 -5.50431 
2.6 0.0115586 -0.000429825 -0.0468871 -5.5028 
2.63333 0.0120441 -0.000504524 -0.03404 -5.50326 
2.66667 0.0123793 -0.000640221 -0.024128 -5.50291 
