0.263 30 -20 
0.343 30 -20 
0.436 30 -20 
0.545 30 -20 
0.639 30 -20 
0.717 30 -20 
0.779 30 -20 
0.856 30 -20 
0.936 30 -20 
0.997 30 -20 
1.061 30 -20 
1.122 30 -20 
1.186 30 -20 
1.248 30 -20 
1.326 30 -20 
1.388 30 -20 
1.452 30 -20 
1.544 30 -20 
1.623 30 -20 
1.685 30 -20 
1.764 30 -20 
1.857 30 -20 
1.921 30 -20 
1.983 30 -20 
2.045 30 -20 
2.155 30 -20 
2.233 30 -20 
2.327 30 -20 
2.403 30 -20 
2.481 30 -20 
2.561 30 -20 
2.653 30 -20 
2.733 30 -20 
2.795 30 -20 
2.873 30 -20 
2.967 30 -20 
3.06 30 -20 
3.122 30 -20 
3.186 30 -20 
3.247 30 -20 
3.358 30 -20 
3.42 30 -20 
3.513 30 -20 
3.592 30 -20 
3.685 30 -20 
3.764 30 -20 
3.826 30 -20 
3.888 30 -20 
3.982 30 -20 
4.076 30 -20 
4.153 30 -20 
4.232 30 -20 
4.325 30 -20 
4.389 30 -20 
4.451 30 -20 
4.528 30 -20 
4.591 30 -20 
4.686 30 -20 
4.748 30 -20 
4.81 30 -20 
4.888 30 -20 
4.983 30 -20 
5.06 30 -20 
5.124 30 -20 
5.186 30 -20 
5.249 30 -20 
5.327 30 -20 
5.405 30 -20 
5.482 30 -20 
5.561 30 -20 
5.654 30 -20 
5.732 30 -20 
5.827 30 -20 
5.903 30 -20 
5.967 30 -20 
6.076 30 -20 
6.169 30 -20 
6.264 30 -20 
6.358 30 -20 
6.451 30 -20 
