0.300000 0.051060 -0.017890 -0.599855 -0.131987 0.737259 0.259286 
0.333333 0.064454 -0.029574 0.279567 -0.134944 0.739289 0.259308 
0.366667 0.069404 -0.030851 0.940959 -0.082649 0.742327 0.256782 
0.400000 0.069115 -0.014294 1.073714 -0.043244 0.744114 0.255911 
0.433333 0.070620 0.005598 1.008938 -0.035274 0.745643 0.255563 
0.466667 0.070259 0.005986 0.985356 0.017764 0.749324 0.257042 
0.500000 0.066285 -0.003285 0.854390 0.030976 0.751007 0.256399 
0.533333 0.067669 -0.011141 0.497476 0.084217 0.753366 0.256274 
0.566667 0.075182 -0.002166 0.112347 0.078210 0.754352 0.256190 
0.600000 0.077357 0.015528 -0.126248 0.057273 0.759807 0.255813 
0.633333 0.076773 0.025141 -0.352711 0.078574 0.759545 0.258193 
0.666667 0.083583 0.025980 -0.588972 0.065402 0.763984 0.258094 
0.700000 0.096523 0.020574 -0.600670 0.010729 0.765190 0.259586 
0.733333 0.100327 0.005345 -0.464933 0.010753 0.769243 0.260641 
0.766667 0.087682 -0.007708 -0.497837 0.000351 0.774345 0.259178 
0.800000 0.083121 -0.021373 -0.498377 0.008856 0.774979 0.259840 
0.833333 0.105540 -0.027653 0.037451 -0.070609 0.777188 0.258706 
0.866667 0.124713 -0.041877 0.936698 -0.020410 0.782505 0.257241 
0.900000 0.119599 -0.044134 1.503815 0.037999 0.787441 0.255549 
0.933333 0.103943 -0.028956 1.501054 0.080309 0.789676 0.254344 
0.966667 0.098309 -0.008319 1.215207 0.132595 0.794357 0.254368 
1.000000 0.105516 0.012782 0.852168 0.151589 0.795908 0.254670 
1.033330 0.113816 0.025103 0.401542 0.192391 0.800831 0.256424 
1.066670 0.114425 0.031561 -0.075782 0.193320 0.804539 0.257366 
1.100000 0.109842 0.024430 -0.428477 0.170167 0.806485 0.260202 
1.133330 0.105655 0.002327 -0.655912 0.162664 0.812130 0.260885 
1.166670 0.103639 -0.018489 -0.833921 0.139009 0.813486 0.260950 
1.200000 0.101256 -0.030418 -0.878840 0.105182 0.818173 0.260298 
1.233330 0.093806 -0.034065 -0.631003 0.076872 0.821636 0.260021 
1.266670 0.088338 -0.027839 -0.083287 0.059422 0.824537 0.258792 
1.300000 0.094345 -0.014142 0.554095 0.066687 0.826952 0.257465 
1.333330 0.108596 -0.004704 1.058775 0.101706 0.830350 0.258765 
1.366670 0.125310 -0.008680 1.442888 0.159143 0.835962 0.258318 
1.400000 0.141812 -0.011115 1.686429 0.156088 0.836972 0.259342 
1.433330 0.141166 -0.024676 1.459079 0.282102 0.844770 0.259295 
1.466670 0.121916 -0.006749 0.682485 0.293661 0.849506 0.259654 
1.500000 0.102303 0.014360 -0.110453 0.307246 0.851235 0.261523 
1.533330 0.100241 0.027549 -0.467647 0.270396 0.854881 0.262559 
1.566670 0.115943 0.020667 -0.529183 0.270041 0.857683 0.265319 
1.600000 0.138789 0.006456 -0.618177 0.254144 0.861915 0.266203 
1.633330 0.156055 -0.007723 -0.749860 0.229459 0.865836 0.267437 
1.666670 0.154921 -0.023046 -0.689631 0.201638 0.873106 0.268057 
1.700000 0.138407 -0.041287 -0.274069 0.180066 0.876709 0.268901 
1.733330 0.120026 -0.052506 0.380576 0.174272 0.881655 0.266759 
1.766670 0.106020 -0.048724 0.940281 0.205472 0.885584 0.266021 
1.800000 0.101058 -0.032496 1.187734 0.255702 0.889503 0.265393 
1.833330 0.108170 -0.011449 1.207405 0.276800 0.892069 0.265515 
1.866670 0.120229 -0.000300 1.170132 0.335377 0.896704 0.266825 
1.900000 0.127047 0.009623 1.067722 0.349689 0.899724 0.268137 
1.933330 0.122829 0.011406 0.732760 0.400585 0.904392 0.270203 
1.966670 0.115593 0.016299 0.160957 0.425021 0.907752 0.272718 
2.000000 0.120707 0.023956 -0.347788 0.400493 0.910736 0.273485 
2.033330 0.135345 0.019441 -0.551370 0.387281 0.912852 0.276824 
2.066670 0.138083 0.003653 -0.510907 0.372919 0.919624 0.279537 
2.100000 0.127301 -0.010192 -0.433642 0.348371 0.922737 0.280501 
2.133330 0.119011 -0.018609 -0.483363 0.342883 0.926124 0.280297 
2.166670 0.118955 -0.025840 -0.561436 0.338478 0.931131 0.282539 
2.200000 0.126247 -0.031039 -0.308332 0.296338 0.934497 0.282141 
2.233330 0.137271 -0.035561 0.376625 0.292627 0.938732 0.282265 
2.266670 0.147860 -0.034721 1.067360 0.327695 0.945060 0.282586 
2.300000 0.155025 -0.030384 1.325719 0.378927 0.948360 0.282994 
2.333330 0.154398 -0.023521 1.195351 0.425020 0.954804 0.284847 
2.366670 0.146531 -0.008625 0.981125 0.446507 0.959778 0.286251 
2.400000 0.142716 0.007026 0.760425 0.479598 0.963189 0.287664 
2.433330 0.152214 0.014854 0.385277 0.506679 0.967943 0.291289 
2.466670 0.169632 0.009449 -0.129332 0.516961 0.971123 0.293682 
2.500000 0.184269 0.000696 -0.563071 0.488125 0.977547 0.297515 
2.533330 0.189541 -0.011831 -0.795723 0.470737 0.982489 0.299322 
2.566670 0.189526 -0.015470 -0.862452 0.449395 0.988539 0.302445 
