0.7 0.00268293 -0.000675008 0.0153108 2.97153 
0.733333 0.0028148 -0.000779266 0.0180367 2.98101 
0.766667 0.00295411 -0.000795745 0.0193347 2.98872 
0.8 0.00307218 -0.000772045 0.0191987 2.99529 
0.833333 0.00322467 -0.000635956 0.0179059 3.0002 
0.866667 0.00341759 -0.000624921 0.0157259 3.00365 
0.9 0.00360461 -0.000632326 0.011993 3.00449 
0.933333 0.00372514 -0.000607502 0.00876545 3.00464 
0.966667 0.0037315 -0.000596742 0.00696943 3.00543 
1 0.00383713 -0.000569888 0.0049055 3.0053 
1.03333 0.00389102 -0.000529146 0.00635797 3.00865 
1.06667 0.00388943 -0.000652165 0.00746173 3.01208 
1.1 0.0039176 -0.000686215 0.00861769 3.01593 
1.13333 0.00395769 -0.000826659 0.0117058 3.02245 
1.16667 0.00386612 -0.000859905 0.015071 3.03032 
1.2 0.00388619 -0.000938316 0.0167641 3.03734 
1.23333 0.00401568 -0.000975822 -0.221046 2.7622 
1.26667 0.00402226 -0.000982048 -0.391963 2.48676 
1.3 0.00404838 -0.000986648 -0.51569 2.21005 
1.33333 0.00403641 -0.000998996 -0.602664 1.93549 
1.36667 0.00398281 -0.000916944 -0.668102 1.65735 
1.4 0.00405278 -0.000714146 -0.71649 1.37753 
1.43333 0.00413776 -0.00068148 -0.750938 1.09804 
1.46667 0.00425535 -0.000582216 -0.776974 0.816991 
1.5 0.00436225 -0.000554197 -0.795304 0.536361 
1.53333 0.00443643 -0.000623284 -0.807437 0.256937 
1.56667 0.00444682 -0.000800419 -0.817231 -0.0237696 
1.6 0.00443661 -0.000926932 -0.821458 -0.30117 
1.63333 0.00437491 -0.000941829 -0.824895 -0.579046 
1.66667 0.0044074 -0.0010547 -0.82811 -0.857807 
1.7 0.00440721 -0.0011363 -0.829419 -1.13539 
1.73333 0.00440718 -0.00121506 -0.829749 -1.41225 
1.76667 0.00453527 -0.00124192 -0.829043 -1.688 
1.8 0.00452049 -0.00120105 -0.828423 -1.96362 
1.83333 0.00453697 -0.00119886 -0.829028 -2.24047 
1.86667 0.00459307 -0.0011208 -0.830828 -2.51894 
1.9 0.0047109 -0.00107954 -0.832906 -2.79834 
1.93333 0.00478153 -0.00100397 -0.833735 -3.07695 
1.96667 0.00484385 -0.000925512 -0.595802 -3.07399 
2 0.00493587 -0.000938515 -0.425395 -3.07143 
2.03333 0.00500898 -0.000954644 -0.304327 -3.07031 
2.06667 0.00508998 -0.000921721 -0.218871 -3.07088 
2.1 0.00535101 -0.00104215 -0.156663 -3.0704 
2.13333 0.00540133 -0.00139082 -0.112532 -3.07053 
2.16667 0.00534852 -0.00143769 -0.0792678 -3.06877 
2.2 0.00536716 -0.00155829 -0.0538097 -3.06514 
2.23333 0.00530151 -0.00158032 -0.0333665 -3.05895 
2.26667 0.00530962 -0.001556 -0.0174566 -3.05129 
2.3 0.00533477 -0.00155009 -0.005216 -3.04266 
2.33333 0.00532196 -0.00151812 0.00111491 -3.03692 
2.36667 0.00539008 -0.0014591 0.00684962 -3.02978 
2.4 0.00540349 -0.00133433 0.0125186 -3.02081 
2.43333 0.00553423 -0.00123727 0.0147962 -3.01394 
2.46667 0.0056574 -0.00127451 0.0150722 -3.00869 
2.5 0.00570536 -0.00127207 0.0138758 -3.00507 
2.53333 0.00586354 -0.00121842 0.0118676 -3.00282 
2.56667 0.00602498 -0.00124185 0.0112531 -2.99959 
2.6 0.00604932 -0.00134149 0.0119034 -2.99507 
2.63333 0.00605442 -0.00142612 0.0139956 -2.98863 
2.66667 0.00613363 -0.0015435 0.0142655 -2.98365 
2.7 0.00616512 -0.00161355 0.01818 -2.97427 
2.73333 0.00620088 -0.00166478 0.0218444 -2.96389 
2.76667 0.00618292 -0.00164382 0.0263727 -2.95126 
2.8 0.00610262 -0.00168464 0.0295568 -2.93871 
2.83333 0.006007 -0.00154935 0.0321694 -2.92577 
2.86667 0.00607434 -0.00131697 0.0353536 -2.91129 
2.9 0.00616863 -0.0012653 0.0342505 -2.90081 
2.93333 0.00632256 -0.00117559 0.0325972 -2.89135 
2.96667 0.00640527 -0.00120629 0.0288783 -2.88487 
3 0.00650341 -0.0013175 0.0227847 -2.88244 
3.03333 0.00651584 -0.00128896 0.0196219 -2.87858 
3.06667 0.00658662 -0.00128048 0.0171102 -2.875 
3.1 0.00654154 -0.00136318 0.0177135 -2.86858 
3.13333 0.00662085 -0.00150228 0.0164434 -2.86418 
3.16667 0.00663442 -0.00162922 0.0179835 -2.85688 
3.2 0.00657959 -0.00156802 0.0222194 -2.84588 
3.23333 0.0065339 -0.00166656 0.0245591 -2.83572 
3.26667 0.00649616 -0.00172505 0.0291189 -2.82215 
3.3 0.00640144 -0.00172509 0.032203 -2.8088 
3.33333 0.00640338 -0.00170924 0.0332552 -2.79682 
3.36667 0.00641364 -0.00164428 0.0343659 -2.78443 
3.4 0.0063389 -0.00152901 0.0344923 -2.77282 
3.43333 0.0063312 -0.0014676 0.031706 -2.76461 
3.46667 0.00639228 -0.00136097 0.0293643 -2.75681 
3.5 0.00646065 -0.00141151 0.0260591 -2.75092 
3.53333 0.00659899 -0.00135162 0.0230436 -2.7458 
3.56667 0.00660615 -0.00147835 0.0207048 -2.74088 
3.6 0.00665773 -0.00159365 0.0185525 -2.73652 
3.63333 0.00668162 -0.00165707 0.0188131 -2.73002 
3.66667 0.00660146 -0.00178274 0.0188277 -2.72374 
3.7 0.00657253 -0.00180244 0.0209348 -2.71497 
3.73333 0.00650228 -0.00169635 0.0257913 -2.70226 
3.76667 0.0065012 -0.00171091 0.0285364 -2.69042 
3.8 0.0065032 -0.00171288 0.034014 -2.67445 
3.83333 0.00652941 -0.0017059 0.0372747 -2.65926 
3.86667 0.00649053 -0.00165649 0.0405422 -2.64298 
3.9 0.00637847 -0.00161027 0.0410633 -2.62885 
3.93333 0.0063884 -0.00166872 0.0364899 -2.62056 
3.96667 0.00635038 -0.00148265 0.0367936 -2.60804 
4 0.0063684 -0.00145469 0.0322232 -2.60117 
4.03333 0.00655145 -0.00154991 0.0279027 -2.59553 
4.06667 0.00669295 -0.00161653 0.0246657 -2.59005 
4.1 0.00684281 -0.00164022 0.02238 -2.58452 
4.13333 0.00699147 -0.00175748 0.0224721 -2.57695 
4.16667 0.00703807 -0.00186253 0.0238276 -2.56786 
4.2 0.00707265 -0.00202375 0.0254032 -2.55806 
4.23333 0.00703627 -0.00212703 0.0268719 -2.54786 
4.26667 0.00701948 -0.00222907 0.0301377 -2.53505 
4.3 0.00705937 -0.00220028 0.0341596 -2.52025 
4.33333 0.00701039 -0.00222568 0.0380314 -2.5043 
4.36667 0.00701267 -0.00226726 0.0383822 -2.49121 
4.4 0.00703974 -0.00213597 0.0409079 -2.47543 
4.43333 0.0070301 -0.00213259 0.0396784 -2.46325 
4.46667 0.00710696 -0.00206864 0.0388633 -2.45098 
4.5 0.00720659 -0.00211635 0.0352812 -2.44226 
4.53333 0.00718368 -0.00204459 0.0335256 -2.43257 
4.56667 0.00739115 -0.00208538 0.0271783 -2.42889 
4.6 0.00739276 -0.00204205 0.0238598 -2.42374 
4.63333 0.00747587 -0.00205668 0.0220882 -2.41788 
4.66667 0.00756721 -0.00210251 0.0225088 -2.41002 
4.7 0.00762329 -0.00223246 0.0230393 -2.40189 
4.73333 0.00754621 -0.00232399 0.0252676 -2.39158 
4.76667 0.00743755 -0.00231882 0.0276815 -2.38031 
4.8 0.00724588 -0.00221361 0.0334965 -2.36422 
4.83333 0.00711522 -0.00223056 0.0364378 -2.34958 
4.86667 0.00698015 -0.00221812 0.0373649 -2.33634 
4.9 0.00686876 -0.00221199 0.038904 -2.32207 
4.93333 0.0068786 -0.00225107 0.037002 -2.31135 
4.96667 0.00683388 -0.00211197 0.0346264 -2.30182 
5 0.00686046 -0.00199511 0.033753 -2.29131 
5.03333 0.00698635 -0.0019471 0.0306343 -2.28374 
5.06667 0.00696977 -0.0019398 0.0275256 -2.27719 
5.1 0.00696321 -0.00188602 0.0257522 -2.27011 
5.13333 0.00690851 -0.0020235 0.0202442 -2.26803 
5.16667 0.00708435 -0.0019879 0.0195297 -2.26213 
5.2 0.00701479 -0.00209395 0.0176708 -2.25781 
5.23333 0.00699106 -0.00203983 0.0225017 -2.24622 
5.26667 0.00702162 -0.00220652 0.0230355 -2.23809 
5.3 0.00687479 -0.0021825 0.0285942 -2.22385 
5.33333 0.00695515 -0.00230964 0.0290795 -2.21374 
5.36667 0.00703087 -0.00232446 0.0326578 -2.19982 
5.4 0.00706779 -0.00226859 0.0381639 -2.18244 
5.43333 0.00707599 -0.00225022 0.0384014 -2.16944 
5.46667 0.00715349 -0.00217837 0.0385546 -2.15646 
5.5 0.00724994 -0.00203404 0.0405803 -2.14121 
5.53333 0.00726017 -0.0020534 0.0362385 -2.13281 
5.56667 0.00731084 -0.0020323 0.0322556 -2.12543 
5.6 0.00742135 -0.00201064 0.0295006 -2.11793 
5.63333 0.00737659 -0.00210545 0.0241919 -2.11437 
5.66667 0.00734222 -0.00199819 0.0241173 -2.10639 
5.7 0.00753655 -0.00208008 0.0223101 -2.10049 
5.73333 0.00751458 -0.00219344 0.0199022 -2.09589 
5.76667 0.00749225 -0.00233464 0.0190454 -2.09027 
5.8 0.00747929 -0.00238401 0.0228185 -2.07947 
5.83333 0.00748384 -0.00240022 0.0275574 -2.06627 
5.86667 0.00749915 -0.00228739 0.0338518 -2.04965 
5.9 0.00734644 -0.00237081 0.0386248 -2.03273 
5.93333 0.00728687 -0.00241326 0.0421059 -2.01575 
5.96667 0.00720904 -0.00247072 0.0404071 -2.00372 
6 0.00719462 -0.00223586 0.0434442 -1.98666 
6.03333 0.00724556 -0.00218238 0.0405785 -1.97556 
6.06667 0.00725874 -0.00217855 0.0388407 -1.96409 
6.1 0.00719759 -0.00222332 0.0311579 -1.96021 
6.13333 0.00706599 -0.00197265 0.0303547 -1.95077 
6.16667 0.00712502 -0.00206173 0.0256717 -1.94618 
6.2 0.00715476 -0.00202639 0.0258805 -1.93738 
6.23333 0.00700395 -0.00204832 0.0249751 -1.92982 
6.26667 0.0071659 -0.00215427 0.0254947 -1.92088 
6.3 0.00718649 -0.00221957 0.02566 -1.91219 
6.33333 0.00721667 -0.00225597 0.027759 -1.90116 
6.36667 0.0073631 -0.00233703 0.031363 -1.88765 
6.4 0.00734507 -0.00235216 0.0338606 -1.87425 
6.43333 0.00716067 -0.00240772 0.037955 -1.85813 
6.46667 0.00717091 -0.0024032 0.0419761 -1.84073 
6.5 0.00709982 -0.00221842 0.0482242 -1.81936 
6.53333 0.00714131 -0.00223201 0.0442667 -1.80796 
6.56667 0.00709645 -0.0021791 0.0436802 -1.7939 
6.6 0.00716648 -0.00213887 0.0400974 -1.78357 
6.63333 0.00708134 -0.00202528 0.0363334 -1.77464 
6.66667 0.00725273 -0.00200612 0.0343541 -1.76487 
6.7 0.00737867 -0.0020083 0.0308042 -1.75761 
6.73333 0.00739718 -0.00215508 0.0243404 -1.75497 
6.76667 0.00747249 -0.00215259 0.0260572 -1.74483 
6.8 0.00747178 -0.00213556 0.026285 -1.73588 
6.83333 0.00746984 -0.00221654 0.0311845 -1.72133 
6.86667 0.00756427 -0.00255891 0.0278003 -1.71493 
6.9 0.00748852 -0.00239562 0.0351321 -1.69701 
6.93333 0.00749011 -0.00272747 0.0317887 -1.68925 
6.96667 0.00746311 -0.00269079 0.0365404 -1.67304 
7 0.00733068 -0.00267227 0.0388586 -1.65812 
7.03333 0.00728515 -0.00269118 0.041289 -1.6423 
7.06667 0.00722379 -0.00260356 0.044162 -1.62515 
7.1 0.00712652 -0.00237011 0.0444891 -1.61004 
7.13333 0.00705867 -0.00224593 0.0431151 -1.59683 
7.16667 0.00714014 -0.00218195 0.0418945 -1.5839 
7.2 0.00716056 -0.00219237 0.0380724 -1.57445 
7.23333 0.00725353 -0.00230957 0.0310099 -1.57009 
7.26667 0.00719093 -0.00238279 0.0285678 -1.56264 
7.3 0.00731452 -0.00240489 0.0244111 -1.55803 
7.33333 0.00733792 -0.00249629 0.024545 -1.54973 
