0.7 0.00201782 -0.000674477 0.0107846 -0.203308 
0.733333 0.00214512 -0.000728016 0.0126645 -0.197028 
0.766667 0.0021897 -0.000794768 0.0149421 -0.189906 
0.8 0.0022996 -0.000799024 0.0174084 -0.181718 
0.833333 0.00236097 -0.00077654 0.0185467 -0.174452 
0.866667 0.00241251 -0.000743913 0.017757 -0.169157 
0.9 0.00251932 -0.000675574 0.0162257 -0.165052 
0.933333 0.00266022 -0.00061429 0.0137807 -0.162534 
0.966667 0.00278618 -0.000511242 0.0121878 -0.159822 
1 0.00292019 -0.000455543 0.00979044 -0.158596 
1.03333 0.00298912 -0.00053048 0.00682841 -0.158834 
1.06667 0.00302331 -0.000576485 0.00555466 -0.158063 
1.1 0.00309927 -0.00060288 0.00560852 -0.156148 
1.13333 0.00322314 -0.00063477 0.00609988 -0.153698 
1.16667 0.0032432 -0.000737108 0.00751876 -0.14999 
1.2 0.0032152 -0.000776039 0.00937459 -0.145293 
1.23333 0.00320944 -0.000835616 0.0122794 -0.138739 
1.26667 0.0032212 -0.000814424 0.0163992 -0.129783 
1.3 0.00322362 -0.000843453 0.0182168 -0.122171 
1.33333 0.00320921 -0.000805803 0.0205721 -0.113318 
1.36667 0.00317382 -0.000847121 0.0202978 -0.106785 
1.4 0.00328376 -0.000899203 0.0188857 -0.101686 
1.43333 0.00327492 -0.000833766 0.0189162 -0.0953543 
1.46667 0.00334118 -0.000781732 0.0173363 -0.0909139 
1.5 0.00344337 -0.000720726 0.014465 -0.0885247 
1.53333 0.00354111 -0.000715908 0.0116058 -0.0870781 
1.56667 0.00361543 -0.000696488 0.00860456 -0.0867524 
1.6 0.00369555 -0.000719047 0.0071297 -0.0856252 
1.63333 0.00374032 -0.000727917 0.00669889 -0.0837572 
1.66667 0.00375617 -0.000836593 0.00696748 -0.0812072 
1.7 0.00376775 -0.000949965 0.00804288 -0.0776152 
1.73333 0.0038119 -0.000992827 0.00973953 -0.0729314 
1.76667 0.00381573 -0.000960785 0.0130488 -0.0657784 
1.8 0.00382689 -0.000999452 0.0158816 -0.0580849 
1.83333 0.00384321 -0.00100893 0.0189259 -0.0491973 
1.86667 0.00378532 -0.00105492 0.0215591 -0.0397803 
1.9 0.00381382 -0.00099047 0.0225193 -0.0314604 
1.93333 0.0038783 -0.000899554 0.0227792 -0.0236472 
1.96667 0.0039318 -0.000823979 0.0220733 -0.0168875 
2 0.00401466 -0.000793704 0.0201552 -0.0117939 
2.03333 0.00409506 -0.000768369 0.0177731 -0.00788749 
2.06667 0.00425211 -0.000752405 0.0151678 -0.00503856 
2.1 0.00429458 -0.000757325 0.0116341 -0.00415403 
2.13333 0.00434897 -0.000734999 0.0100956 -0.00209214 
2.16667 0.00440751 -0.000768341 0.0083985 -0.000730285 
2.2 0.00442394 -0.00086698 0.00791525 0.00149876 
2.23333 0.00443915 -0.000974467 0.00939208 0.00588051 
2.26667 0.00442986 -0.00104001 0.0116254 0.0116476 
2.3 0.0044451 -0.00108098 0.0144501 0.0188571 
2.33333 0.00445572 -0.00109533 0.017745 0.0275633 
2.36667 0.0044481 -0.00114561 0.0210671 0.0374 
2.4 0.00444484 -0.00112557 0.0247564 0.0487774 
2.43333 0.00442701 -0.00114244 0.0266341 0.0592461 
2.46667 0.00444937 -0.00110036 0.0271517 0.0687351 
2.5 0.00448919 -0.00103902 0.0259076 0.076317 
2.53333 0.00458244 -0.000967147 0.0233117 0.0818886 
2.56667 0.0046575 -0.000961706 0.0207251 0.0866058 
2.6 0.00475367 -0.000887096 0.0193135 0.0918478 
2.63333 0.00480851 -0.000941451 0.0160573 0.0944418 
2.66667 0.00490639 -0.000998203 0.0139748 0.097336 
2.7 0.00493096 -0.00106109 0.012101 0.0997823 
2.73333 0.00498761 -0.00108338 0.0114833 0.103087 
2.76667 0.00499601 -0.00118432 0.0133497 0.109118 
2.8 0.00492762 -0.00127198 0.0143537 0.114753 
2.83333 0.00495881 -0.00132113 0.0178789 0.123699 
2.86667 0.00495906 -0.00136764 0.0210147 0.13336 
2.9 0.00496216 -0.00140015 0.024507 0.144488 
2.93333 0.00496802 -0.00139138 0.0279583 0.156731 
2.96667 0.00495258 -0.00137545 0.0293539 0.167697 
3 0.0049358 -0.00132194 0.0298062 0.178016 
3.03333 0.00494302 -0.00123479 0.0295482 0.187647 
3.06667 0.00500386 -0.00118415 0.027695 0.195309 
3.1 0.00509145 -0.00115081 0.0248855 0.201224 
3.13333 0.00515894 -0.00107867 0.0211536 0.205114 
3.16667 0.00525878 -0.00102702 0.0178195 0.208229 
3.2 0.00532283 -0.00105734 0.0153275 0.211227 
3.23333 0.0053742 -0.00109949 0.0136339 0.214337 
3.26667 0.00539276 -0.00114335 0.0138926 0.219187 
3.3 0.00541035 -0.00124087 0.0145041 0.22454 
3.33333 0.00538947 -0.00135154 0.0153158 0.230333 
3.36667 0.00540623 -0.00142086 0.0181139 0.238741 
3.4 0.0053619 -0.00146329 0.0212126 0.248437 
3.43333 0.00536184 -0.00150232 0.0248993 0.25986 
3.46667 0.00532602 -0.00152211 0.0287323 0.272684 
3.5 0.00531269 -0.00147773 0.030777 0.284675 
3.53333 0.00532429 -0.00144026 0.03191 0.296272 
3.56667 0.00534867 -0.00137035 0.0313523 0.30625 
3.6 0.00543721 -0.00129626 0.0298558 0.314934 
3.63333 0.00548156 -0.00121942 0.0282154 0.32295 
3.66667 0.00554177 -0.00116899 0.0248299 0.328359 
3.7 0.00563847 -0.00113847 0.0219772 0.333268 
3.73333 0.00570268 -0.0011228 0.0187599 0.336796 
3.76667 0.00576135 -0.00118034 0.0169876 0.340957 
3.8 0.00581181 -0.00120425 0.0172376 0.346914 
3.83333 0.0058071 -0.00129093 0.0168799 0.352238 
3.86667 0.00581879 -0.00136916 0.0191134 0.360501 
3.9 0.00583482 -0.0014996 0.0210681 0.36918 
3.93333 0.00581522 -0.00161082 0.0237409 0.379358 
3.96667 0.00576165 -0.00166587 0.028056 0.392365 
4 0.00573603 -0.00171339 0.0316355 0.405943 
4.03333 0.00568728 -0.00166894 0.0338353 0.419084 
4.06667 0.00574448 -0.0016109 0.0349368 0.431663 
4.1 0.00577649 -0.0015245 0.0349298 0.4433 
4.13333 0.00583149 -0.00141145 0.0340939 0.453957 
4.16667 0.0058248 -0.00134627 0.0308074 0.461442 
4.2 0.00585431 -0.00130332 0.0270781 0.467309 
4.23333 0.00589566 -0.00125815 0.0232103 0.471769 
4.26667 0.00597493 -0.00129867 0.0208838 0.47676 
4.3 0.00606027 -0.00132313 0.0189322 0.481417 
4.33333 0.00608059 -0.00140642 0.0183186 0.487003 
4.36667 0.00610543 -0.00148861 0.0180599 0.492804 
4.4 0.00611416 -0.00155741 0.0200897 0.50122 
4.43333 0.00610801 -0.00164219 0.0220544 0.510236 
4.46667 0.00611841 -0.0017442 0.0249644 0.521023 
4.5 0.00606682 -0.00177767 0.0277461 0.532628 
4.53333 0.00600909 -0.00183376 0.0307648 0.54544 
4.56667 0.00595585 -0.00179638 0.0339268 0.559427 
4.6 0.00595172 -0.00175691 0.0342908 0.571166 
4.63333 0.00601277 -0.00164872 0.0350454 0.583487 
4.66667 0.00609532 -0.00152033 0.0342417 0.59422 
4.7 0.00621812 -0.00148839 0.0316755 0.602605 
4.73333 0.00625825 -0.00142534 0.0291359 0.610165 
4.76667 0.00632235 -0.0013855 0.0263433 0.616581 
4.8 0.00637463 -0.001372 0.0231463 0.621588 
4.83333 0.0064009 -0.00139593 0.0208476 0.62659 
4.86667 0.00642046 -0.00152943 0.0193875 0.631815 
4.9 0.00651534 -0.00163886 0.0206932 0.639819 
4.93333 0.00656632 -0.00170744 0.0223829 0.648712 
4.96667 0.00660778 -0.00178656 0.0252224 0.659525 
5 0.00658045 -0.00179849 0.028057 0.671278 
5.03333 0.00650181 -0.00183584 0.0314364 0.68462 
5.06667 0.00646143 -0.00185126 0.0350372 0.699349 
5.1 0.00647219 -0.00187658 0.0379192 0.71443 
5.13333 0.00651076 -0.0018228 0.0386507 0.727934 
5.16667 0.00653624 -0.00176614 0.0386545 0.740822 
5.2 0.0065727 -0.00168435 0.0374425 0.752276 
5.23333 0.0067349 -0.00165132 0.0361614 0.763244 
5.26667 0.0067884 -0.00165693 0.0326793 0.771188 
5.3 0.00688423 -0.00158894 0.0289857 0.777721 
5.33333 0.00693793 -0.00157429 0.0260139 0.783874 
5.36667 0.00695445 -0.00157355 0.02197 0.787772 
5.4 0.00693334 -0.00170181 0.0212024 0.794189 
5.43333 0.00690624 -0.00175905 0.0214675 0.80157 
5.46667 0.00692757 -0.00183755 0.0229921 0.810525 
5.5 0.00689825 -0.00189311 0.0247688 0.820287 
5.53333 0.00687337 -0.00199922 0.028795 0.833295 
5.56667 0.00684481 -0.00202521 0.0326159 0.847404 
5.6 0.0067743 -0.00201834 0.0352736 0.861414 
5.63333 0.00680646 -0.00199621 0.0381363 0.876551 
5.66667 0.0067943 -0.00197523 0.0393675 0.890716 
5.7 0.00683533 -0.00191625 0.038344 0.902631 
5.73333 0.00689407 -0.00183505 0.0361374 0.912807 
5.76667 0.00697131 -0.0018017 0.0337086 0.921986 
5.8 0.00700973 -0.00172085 0.030196 0.929075 
5.83333 0.00705067 -0.00166911 0.0263982 0.934658 
5.86667 0.0070695 -0.00169692 0.0233805 0.939895 
5.9 0.00710012 -0.00174347 0.0207315 0.944561 
5.93333 0.00717868 -0.00181513 0.0207706 0.951518 
5.96667 0.00716136 -0.00190724 0.0215715 0.959387 
6 0.00722069 -0.00196162 0.0237944 0.969201 
6.03333 0.00725265 -0.00210536 0.0272474 0.981209 
6.06667 0.00724417 -0.00219978 0.0315402 0.995359 
6.1 0.00722152 -0.00228346 0.0370387 1.01236 
6.13333 0.00715802 -0.00223723 0.0403472 1.02861 
6.16667 0.00711921 -0.00220194 0.0418771 1.04387 
6.2 0.00710693 -0.00215717 0.040714 1.05646 
6.23333 0.00718814 -0.00214912 0.0406873 1.07 
6.26667 0.00726094 -0.00201089 0.0372576 1.07951 
6.3 0.00738846 -0.00201542 0.035233 1.08954 
6.33333 0.00751566 -0.00197771 0.0322921 1.09781 
6.36667 0.00750125 -0.00197617 0.027782 1.10325 
6.4 0.00758514 -0.00199622 0.025106 1.10935 
6.43333 0.00759918 -0.00204624 0.0233685 1.11567 
6.46667 0.00758513 -0.00215993 0.0236082 1.12374 
6.5 0.00761976 -0.00226455 0.0244279 1.13258 
6.53333 0.00759204 -0.00241848 0.0275443 1.1444 
6.56667 0.00751611 -0.00247027 0.030982 1.15764 
6.6 0.00755342 -0.00248145 0.0347963 1.17247 
6.63333 0.00755171 -0.00242677 0.0391067 1.18916 
6.66667 0.00742654 -0.00244165 0.0415383 1.20506 
6.7 0.00736018 -0.0023461 0.0418713 1.2193 
6.73333 0.00732596 -0.0022231 0.0413807 1.23268 
6.76667 0.00729484 -0.00208421 0.0393883 1.24412 
6.8 0.00728472 -0.0020053 0.0363028 1.25361 
6.83333 0.00730264 -0.00193824 0.0332433 1.2621 
6.86667 0.00734439 -0.0019032 0.0293501 1.26858 
6.9 0.00746769 -0.00192435 0.0265011 1.27501 
6.93333 0.00748735 -0.00188047 0.0264535 1.28378 
6.96667 0.00750753 -0.00195745 0.0240864 1.28981 
7 0.00742648 -0.00215509 0.024803 1.29868 
7.03333 0.00737159 -0.00219037 0.024394 1.30647 
7.06667 0.00737213 -0.0022346 0.0279786 1.31883 
7.1 0.00729883 -0.00227571 0.030846 1.33154 
7.13333 0.00725068 -0.00231 0.0341231 1.34569 
7.16667 0.0071785 -0.00233484 0.0386483 1.36241 
7.2 0.00713743 -0.00230461 0.0413608 1.37849 
7.23333 0.00709965 -0.002238 0.0413613 1.39228 
7.26667 0.00712457 -0.00210272 0.0400666 1.40454 
7.3 0.00714228 -0.00201359 0.0375123 1.41488 
7.33333 0.00710939 -0.00195368 0.0349098 1.42431 
7.36667 0.00709486 -0.00193658 0.0315699 1.432 
7.4 0.00720996 -0.00189853 0.0285311 1.43894 
7.43333 0.00730065 -0.00193464 0.0260831 1.44556 
7.46667 0.00729191 -0.00200392 0.025038 1.45302 
