0.203 20 -50 
0.28 20 -50 
0.359 20 -50 
0.422 20 -50 
0.5 20 -50 
0.561 20 -50 
0.624 20 -50 
0.687 20 -50 
0.75 20 -50 
0.828 20 -50 
0.905 20 -50 
0.969 20 -50 
1.031 20 -50 
1.093 20 -50 
1.156 20 -50 
1.218 20 -50 
1.295 20 -50 
1.358 20 -50 
1.42 20 -50 
1.483 20 -50 
1.546 20 -50 
1.608 20 -50 
1.702 20 -50 
1.765 20 -50 
1.828 20 -50 
1.891 20 -50 
1.951 20 -50 
2.014 20 -50 
2.093 20 -50 
2.156 20 -50 
2.217 20 -50 
2.281 20 -50 
2.358 20 -50 
2.421 20 -50 
2.499 20 -50 
2.562 20 -50 
2.624 20 -50 
2.686 20 -50 
2.749 20 -50 
2.811 20 -50 
2.889 20 -50 
2.953 20 -50 
3.014 20 -50 
3.092 20 -50 
3.155 20 -50 
3.218 20 -50 
3.296 20 -50 
3.359 20 -50 
3.421 20 -50 
3.483 20 -50 
3.561 20 -50 
3.608 20 -50 
3.703 20 -50 
3.764 20 -50 
3.828 20 -50 
3.89 20 -50 
3.952 20 -50 
4.015 20 -50 
4.094 20 -50 
4.156 20 -50 
4.217 20 -50 
4.296 20 -50 
4.359 20 -50 
4.421 20 -50 
4.499 20 -50 
4.562 20 -50 
4.625 20 -50 
4.686 20 -50 
4.765 20 -50 
4.828 20 -50 
4.89 20 -50 
4.968 20 -50 
5.014 20 -50 
5.093 20 -50 
5.155 20 -50 
5.219 20 -50 
5.296 20 -50 
5.359 20 -50 
5.421 20 -50 
5.483 20 -50 
5.547 20 -50 
5.609 20 -50 
5.702 20 -50 
5.764 20 -50 
5.827 20 -50 
5.889 20 -50 
5.953 20 -50 
6.014 20 -50 
6.093 20 -50 
6.155 20 -50 
6.217 20 -50 
6.28 20 -50 
6.359 20 -50 
6.422 20 -50 
6.499 20 -50 
6.562 20 -50 
6.625 20 -50 
6.686 20 -50 
6.749 20 -50 
6.812 20 -50 
6.905 20 -50 
6.969 20 -50 
7.031 20 -50 
7.093 20 -50 
7.156 20 -50 
7.218 20 -50 
7.296 20 -50 
7.358 20 -50 
7.421 20 -50 
7.483 20 -50 
7.561 20 -50 
7.608 20 -50 
7.703 20 -50 
7.764 20 -50 
7.827 20 -50 
7.889 20 -50 
7.952 20 -50 
8.014 20 -50 
8.092 20 -50 
8.156 20 -50 
8.233 20 -50 
8.28 20 -50 
8.359 20 -50 
8.421 20 -50 
8.5 20 -50 
8.561 20 -50 
8.624 20 -50 
8.686 20 -50 
8.749 20 -50 
8.813 20 -50 
8.89 20 -50 
8.953 20 -50 
9.014 20 -50 
9.093 20 -50 
9.155 20 -50 
9.218 20 -50 
9.295 20 -50 
9.358 20 -50 
9.42 20 -50 
9.483 20 -50 
9.547 20 -50 
9.609 20 -50 
9.703 20 -50 
9.764 20 -50 
9.827 20 -50 
9.89 20 -50 
9.952 20 -50 
10.016 20 -50 
10.094 20 -50 
10.156 20 -50 
10.218 20 -50 
10.281 20 -50 
10.358 20 -50 
10.421 20 -50 
10.498 20 -50 
10.561 20 -50 
10.623 20 -50 
10.687 20 -50 
10.748 20 -50 
10.812 20 -50 
10.889 20 -50 
10.969 20 -50 
11.031 20 -50 
11.094 20 -50 
11.156 20 -50 
11.218 20 -50 
11.297 20 -50 
11.359 20 -50 
11.437 20 -50 
11.53 20 -50 
11.594 20 -50 
11.718 20 -50 
11.796 20 -50 
11.859 20 -50 
11.921 20 -50 
11.984 20 -50 
12.062 20 -50 
12.124 20 -50 
12.186 20 -50 
12.248 20 -50 
12.328 20 -50 
12.389 20 -50 
12.469 20 -50 
12.53 20 -50 
12.593 20 -50 
12.656 20 -50 
12.718 20 -50 
12.781 20 -50 
12.858 20 -50 
12.921 20 -50 
12.998 20 -50 
13.062 20 -50 
13.124 20 -50 
13.186 20 -50 
13.264 20 -50 
13.328 20 -50 
13.389 20 -50 
13.453 20 -50 
13.515 20 -50 
13.576 20 -50 
13.655 20 -50 
13.733 20 -50 
13.796 20 -50 
13.859 20 -50 
13.921 20 -50 
13.999 20 -50 
14.061 20 -50 
14.123 20 -50 
14.187 20 -50 
14.264 20 -50 
14.312 20 -50 
14.389 20 -50 
14.468 20 -50 
14.53 20 -50 
14.593 20 -50 
14.655 20 -50 
14.717 20 -50 
14.78 20 -50 
14.875 20 -50 
14.922 20 -50 
14.999 20 -50 
15.062 20 -50 
15.124 20 -50 
15.187 20 -50 
15.265 20 -50 
15.327 20 -50 
15.39 20 -50 
15.453 20 -50 
15.516 20 -50 
