0.247 25 -30 
0.34 25 -30 
0.435 25 -30 
0.529 25 -30 
0.607 25 -30 
0.685 25 -30 
0.747 25 -30 
0.809 25 -30 
0.903 25 -30 
0.981 25 -30 
1.074 25 -30 
1.152 25 -30 
1.23 25 -30 
1.293 25 -30 
1.371 25 -30 
1.466 25 -30 
1.527 25 -30 
1.591 25 -30 
1.653 25 -30 
1.732 25 -30 
1.794 25 -30 
1.857 25 -30 
1.918 25 -30 
1.982 25 -30 
2.059 25 -30 
2.137 25 -30 
2.201 25 -30 
2.262 25 -30 
2.325 25 -30 
2.387 25 -30 
2.45 25 -30 
2.527 25 -30 
2.606 25 -30 
2.683 25 -30 
2.762 25 -30 
2.855 25 -30 
2.934 25 -30 
2.996 25 -30 
3.059 25 -30 
3.122 25 -30 
3.185 25 -30 
3.246 25 -30 
3.34 25 -30 
3.435 25 -30 
3.544 25 -30 
3.621 25 -30 
3.715 25 -30 
3.826 25 -30 
3.887 25 -30 
3.95 25 -30 
4.013 25 -30 
4.138 25 -30 
4.199 25 -30 
4.262 25 -30 
4.325 25 -30 
4.387 25 -30 
4.449 25 -30 
4.527 25 -30 
4.591 25 -30 
4.668 25 -30 
4.747 25 -30 
4.825 25 -30 
4.902 25 -30 
4.966 25 -30 
5.028 25 -30 
5.107 25 -30 
5.216 25 -30 
5.294 25 -30 
5.371 25 -30 
5.482 25 -30 
5.56 25 -30 
5.638 25 -30 
5.701 25 -30 
5.762 25 -30 
5.825 25 -30 
5.888 25 -30 
5.965 25 -30 
6.059 25 -30 
6.122 25 -30 
6.199 25 -30 
6.277 25 -30 
6.355 25 -30 
6.434 25 -30 
6.496 25 -30 
6.574 25 -30 
6.685 25 -30 
6.763 25 -30 
6.887 25 -30 
6.981 25 -30 
7.074 25 -30 
7.154 25 -30 
7.215 25 -30 
7.293 25 -30 
7.357 25 -30 
7.434 25 -30 
7.498 25 -30 
7.59 25 -30 
7.653 25 -30 
7.746 25 -30 
7.84 25 -30 
7.919 25 -30 
7.981 25 -30 
8.058 25 -30 
8.153 25 -30 
8.23 25 -30 
8.294 25 -30 
8.356 25 -30 
8.419 25 -30 
8.496 25 -30 
8.574 25 -30 
8.637 25 -30 
8.732 25 -30 
8.809 25 -30 
8.903 25 -30 
8.965 25 -30 
9.029 25 -30 
9.107 25 -30 
9.201 25 -30 
9.293 25 -30 
9.372 25 -30 
