0.7 0.00851674 -0.000179305 -0.0136128 -0.331119 
0.733333 0.00901276 -4.87478e-006 -0.0162928 -0.342395 
0.766667 0.00945257 0.000122392 -0.0171362 -0.347941 
0.8 0.0098109 0.000284662 -0.0195731 -0.355867 
0.833333 0.0101055 0.000396114 -0.0234955 -0.366744 
0.866667 0.01021 0.000588691 -0.0294448 -0.381598 
0.9 0.0102821 0.000749849 -0.0333829 -0.396049 
0.933333 0.0104347 0.000791154 -0.0363175 -0.41066 
0.966667 0.010564 0.000863678 -0.0391643 -0.426157 
1 0.0107358 0.000850619 -0.0404789 -0.440783 
1.03333 0.0109435 0.000851393 -0.0358948 -0.448867 
1.06667 0.0110727 0.000859801 -0.0319777 -0.45621 
1.1 0.0112609 0.000868125 -0.0279998 -0.462174 
1.13333 0.0114901 0.000864692 -0.0226765 -0.465222 
1.16667 0.0116487 0.000933079 -0.0194144 -0.46893 
1.2 0.0117493 0.00103799 -0.0173069 -0.472913 
1.23333 0.0116962 0.00133062 -0.0187617 -0.4804 
1.26667 0.0116073 0.00148078 -0.0229747 -0.491627 
1.3 0.0115673 0.00174786 -0.0295214 -0.507013 
1.33333 0.0115496 0.00191829 -0.038836 -0.527849 
1.36667 0.011548 0.00198657 -0.0459145 -0.54915 
1.4 0.0115679 0.00199147 -0.0475159 -0.566346 
1.43333 0.0116572 0.00195487 -0.0472905 -0.581918 
1.46667 0.0117698 0.00181741 -0.0445696 -0.59447 
1.5 0.011877 0.00170897 -0.0407477 -0.604815 
1.53333 0.0120901 0.0016727 -0.0356751 -0.612409 
1.56667 0.0122313 0.00165109 -0.0287443 -0.616119 
1.6 0.0125036 0.00162692 -0.0224681 -0.618292 
1.63333 0.0127045 0.00172176 -0.020246 -0.623158 
1.66667 0.0128501 0.00204327 -0.0217977 -0.631739 
1.7 0.0129328 0.00233825 -0.0250609 -0.642857 
1.73333 0.0130025 0.00262776 -0.0309909 -0.65821 
1.76667 0.0131071 0.00276127 -0.0386048 -0.677529 
1.8 0.0132108 0.00291598 -0.0473236 -0.700689 
1.83333 0.0133585 0.00301666 -0.0533813 -0.723615 
1.86667 0.0135104 0.0031043 -0.0566362 -0.745251 
1.9 0.0137415 0.00306771 -0.0545216 -0.761633 
1.93333 0.0139229 0.00304278 -0.0544992 -0.779781 
1.96667 0.0142725 0.00294572 -0.0506502 -0.793403 
2 0.0145631 0.00299345 -0.0469645 -0.805936 
2.03333 0.0147989 0.00292509 -0.0397177 -0.813036 
2.06667 0.0149292 0.0029861 -0.0334333 -0.818857 
2.1 0.015055 0.00307316 -0.0292055 -0.825011 
2.13333 0.0151606 0.00331513 -0.0296846 -0.835311 
2.16667 0.0153351 0.00350491 -0.0349353 -0.851404 
2.2 0.0154268 0.00369889 -0.0416412 -0.870966 
2.23333 0.0155056 0.00392301 -0.0491833 -0.893749 
2.26667 0.0154735 0.00405091 -0.0557282 -0.91787 
2.3 0.0155009 0.00412123 -0.0618776 -0.943705 
2.33333 0.0154703 0.00417231 -0.063835 -0.966641 
2.36667 0.0154971 0.00397953 -0.065193 -0.989523 
2.4 0.0155426 0.00381193 -0.0640639 -1.00992 
2.43333 0.0157305 0.00362559 -0.0592092 -1.02554 
2.46667 0.0160176 0.00355328 -0.0511507 -1.03577 
2.5 0.0163457 0.00360469 -0.0463934 -1.0472 
2.53333 0.016574 0.00371528 -0.040257 -1.05542 
2.56667 0.0167232 0.00389558 -0.038349 -1.06659 
2.6 0.0167911 0.00403988 -0.0409821 -1.08248 
2.63333 0.0167666 0.00421821 -0.0466944 -1.10289 
2.66667 0.0168252 0.00441974 -0.0534138 -1.12638 
2.7 0.016753 0.00453138 -0.0602671 -1.15228 
2.73333 0.0167952 0.00452663 -0.0643624 -1.1772 
2.76667 0.0169574 0.00449629 -0.0672663 -1.20208 
2.8 0.0170856 0.00443167 -0.0687434 -1.22625 
2.83333 0.0172108 0.00432322 -0.0676579 -1.24788 
2.86667 0.0173591 0.0042861 -0.0626786 -1.26456 
2.9 0.0173794 0.00416422 -0.0556476 -1.27715 
2.93333 0.0175684 0.0040987 -0.0494341 -1.28836 
2.96667 0.0176855 0.00418717 -0.045208 -1.29985 
3 0.017845 0.00429862 -0.0436936 -1.31313 
3.03333 0.0180494 0.00446494 -0.0441885 -1.32828 
3.06667 0.0181096 0.00473798 -0.0505316 -1.3505 
3.1 0.0182869 0.0050381 -0.0558601 -1.37363 
3.13333 0.0182531 0.0051865 -0.0623925 -1.39997 
3.16667 0.0181446 0.00535197 -0.0684851 -1.42796 
3.2 0.0180148 0.00532854 -0.0736751 -1.45691 
3.23333 0.0177793 0.00519923 -0.0752238 -1.4833 
3.26667 0.0177073 0.00509472 -0.0755052 -1.5087 
3.3 0.0177329 0.00488695 -0.0705996 -1.52808 
3.33333 0.0178395 0.00485441 -0.0644838 -1.54439 
3.36667 0.0178968 0.00490333 -0.058967 -1.55938 
3.4 0.0180115 0.0048812 -0.0505714 -1.56912 
3.43333 0.0181462 0.0050478 -0.0472616 -1.58207 
3.46667 0.0181283 0.0052373 -0.0486556 -1.59947 
