0.426 30 40 
0.537 30 40 
0.644 30 40 
0.739 30 40 
0.832 30 40 
0.91 30 40 
1.021 30 40 
1.098 30 40 
1.192 30 40 
1.317 30 40 
1.395 30 40 
1.458 30 40 
1.52 30 40 
1.598 30 40 
1.708 30 40 
1.802 30 40 
1.912 30 40 
2.004 30 40 
2.131 30 40 
2.224 30 40 
2.301 30 40 
2.38 30 40 
2.441 30 40 
2.519 30 40 
2.582 30 40 
2.676 30 40 
2.754 30 40 
2.849 30 40 
2.927 30 40 
2.989 30 40 
3.067 30 40 
3.177 30 40 
3.239 30 40 
3.318 30 40 
3.395 30 40 
3.489 30 40 
3.583 30 40 
3.645 30 40 
3.723 30 40 
3.817 30 40 
3.896 30 40 
3.99 30 40 
4.097 30 40 
4.192 30 40 
4.285 30 40 
4.348 30 40 
4.411 30 40 
4.504 30 40 
4.582 30 40 
4.661 30 40 
4.738 30 40 
4.817 30 40 
4.895 30 40 
4.957 30 40 
5.02 30 40 
5.083 30 40 
5.146 30 40 
5.208 30 40 
5.286 30 40 
5.365 30 40 
5.442 30 40 
5.52 30 40 
5.584 30 40 
5.645 30 40 
5.723 30 40 
5.785 30 40 
5.864 30 40 
5.942 30 40 
6.02 30 40 
6.129 30 40 
6.207 30 40 
6.302 30 40 
6.38 30 40 
6.458 30 40 
6.535 30 40 
6.63 30 40 
6.723 30 40 
6.817 30 40 
6.896 30 40 
6.958 30 40 
7.021 30 40 
7.083 30 40 
7.145 30 40 
7.208 30 40 
7.286 30 40 
7.38 30 40 
7.474 30 40 
7.535 30 40 
7.613 30 40 
7.691 30 40 
7.754 30 40 
7.833 30 40 
7.911 30 40 
7.974 30 40 
8.036 30 40 
8.146 30 40 
8.224 30 40 
8.333 30 40 
8.411 30 40 
8.489 30 40 
8.599 30 40 
8.692 30 40 
8.754 30 40 
