0.066667 0.105656 -0.033587 1.082071 -0.346692 0.913457 0.669298 
0.100000 0.111492 -0.028040 1.143339 -0.320081 0.917532 0.667644 
0.133333 0.117306 -0.018391 1.067390 -0.271341 0.920807 0.664691 
0.166667 0.113053 -0.008407 0.834844 -0.266532 0.924856 0.664624 
0.200000 0.104366 -0.002757 0.542414 -0.236023 0.927996 0.663104 
0.233333 0.098530 0.007177 -0.052590 -0.207936 0.931065 0.661452 
0.266667 0.096736 0.016266 -0.806051 -0.217886 0.934788 0.662185 
0.300000 0.093927 0.018885 -1.285968 -0.291882 0.937223 0.662615 
0.333333 0.088037 0.010636 -1.421458 -0.313108 0.941584 0.660737 
0.366667 0.082350 0.005379 -1.395178 -0.362011 0.943468 0.660934 
0.400000 0.087429 -0.002806 -1.145215 -0.407915 0.945767 0.659765 
0.433333 0.106129 -0.014786 -0.530545 -0.450945 0.949430 0.658255 
0.466667 0.129707 -0.025251 0.252599 -0.450945 0.951526 0.656713 
0.500000 0.144494 -0.022247 0.813884 -0.424961 0.955823 0.652090 
0.533333 0.144805 -0.007276 0.986839 -0.381065 0.960749 0.650736 
0.566667 0.135762 0.013892 0.801437 -0.379951 0.964009 0.648775 
0.600000 0.123574 0.016456 0.287368 -0.320883 0.969478 0.647977 
0.633333 0.110651 0.021580 -0.356291 -0.335685 0.972982 0.648168 
0.666667 0.103227 0.032479 -0.812253 -0.378295 0.976124 0.646120 
0.700000 0.104182 0.036695 -1.035456 -0.384069 0.979782 0.646719 
0.733333 0.105898 0.029043 -1.192108 -0.440389 0.983981 0.647378 
0.766667 0.105467 0.007219 -1.331899 -0.466098 0.987328 0.645490 
0.800000 0.097847 -0.001485 -1.320041 -0.521074 0.989993 0.644268 
0.833333 0.089728 0.002465 -0.975895 -0.559371 0.993515 0.641109 
0.866667 0.097595 0.004320 -0.341628 -0.598123 0.994590 0.641073 
0.900000 0.122599 -0.008990 0.244749 -0.584453 0.998549 0.640331 
0.933333 0.142867 -0.016534 0.562250 -0.557478 1.002170 0.634950 
0.966667 0.146799 0.002204 0.746995 -0.548860 1.005440 0.632980 
1.000000 0.140244 0.028714 0.846931 -0.539659 1.010180 0.630110 
1.033330 0.135395 0.030145 0.650263 -0.469737 1.015380 0.630536 
1.066670 0.132924 0.025160 0.186349 -0.474652 1.019040 0.628498 
1.100000 0.130781 0.023126 -0.255052 -0.493212 1.023230 0.627524 
1.133330 0.119352 0.026336 -0.557352 -0.474991 1.027670 0.625387 
1.166670 0.097076 0.039195 -0.780795 -0.532512 1.031840 0.624936 
1.200000 0.087197 0.034973 -1.051806 -0.538578 1.034230 0.624573 
1.233330 0.100115 0.023901 -1.496059 -0.589658 1.037890 0.625170 
1.266670 0.126691 0.010440 -1.945230 -0.628063 1.039990 0.621520 
1.300000 0.142624 0.005216 -1.899352 -0.718451 1.045220 0.620566 
1.333330 0.140623 -0.002431 -1.085793 -0.779275 1.048880 0.615893 
1.366670 0.132863 -0.003629 0.055566 -0.804312 1.051260 0.613171 
1.400000 0.132428 0.000814 0.764034 -0.756588 1.053590 0.609661 
1.433330 0.139598 0.010671 0.814048 -0.726667 1.058240 0.607204 
1.466670 0.147792 0.018565 0.636632 -0.716523 1.061850 0.604248 
1.500000 0.153613 0.021555 0.622459 -0.693688 1.065290 0.601465 
1.533330 0.152732 0.028178 0.627475 -0.688154 1.071380 0.598939 
1.566670 0.148988 0.036961 0.251385 -0.640994 1.074890 0.596614 
1.600000 0.147070 0.060655 -0.528327 -0.645920 1.079520 0.593950 
1.633330 0.146712 0.075965 -1.284820 -0.691510 1.084980 0.594372 
1.666670 0.148775 0.062013 -1.702845 -0.746247 1.091660 0.592391 
1.700000 0.156923 0.029217 -1.833624 -0.793455 1.094850 0.590591 
1.733330 0.167208 0.009883 -1.820167 -0.877443 1.099600 0.586374 
1.766670 0.174555 -0.001132 -1.576721 -0.894736 1.103140 0.581661 
1.800000 0.177802 0.016822 -0.844698 -0.984183 1.106330 0.577405 
1.833330 0.178094 0.027335 0.192560 -0.997571 1.110370 0.572773 
1.866670 0.173254 0.024749 0.794383 -0.950984 1.114650 0.568450 
1.900000 0.167294 0.019747 0.677074 -0.892927 1.119390 0.563556 
1.933330 0.166508 0.035709 0.377240 -0.937822 1.121260 0.561563 
1.966670 0.168813 0.037978 0.283643 -0.889360 1.127650 0.556189 
2.000000 0.157784 0.048097 0.188535 -0.903780 1.131710 0.553350 
2.033330 0.145335 0.046879 -0.163256 -0.874655 1.135890 0.550320 
2.066670 0.142490 0.048091 -0.750169 -0.907332 1.140550 0.547968 
2.100000 0.156956 0.039709 -1.436899 -0.939694 1.143850 0.544796 
2.133330 0.173984 0.026141 -2.028211 -0.983203 1.148700 0.542324 
2.166670 0.172869 0.024263 -2.218879 -1.080720 1.152720 0.535163 
2.200000 0.156003 0.022535 -1.820681 -1.146870 1.154960 0.531642 
2.233330 0.140840 0.019008 -0.972788 -1.194930 1.158080 0.527505 
2.266670 0.135568 0.010759 -0.084623 -1.218800 1.160150 0.523875 
2.300000 0.136849 0.000910 0.347940 -1.209370 1.161350 0.518409 
2.333330 0.147820 -0.005513 0.260740 -1.150520 1.164290 0.515473 
2.366670 0.175502 0.021161 0.242539 -1.194900 1.164250 0.509817 
2.400000 0.214614 0.055931 0.589749 -1.195010 1.169460 0.504675 
2.433330 0.250832 0.073971 0.714047 -1.137180 1.173080 0.498464 
2.466670 0.256037 0.078505 0.140491 -1.102360 1.181060 0.491606 
2.500000 0.222474 0.081010 -0.774438 -1.146290 1.186600 0.484062 
2.533330 0.186014 0.057940 -1.483934 -1.165040 1.191260 0.480808 
2.566670 0.164305 0.037918 -1.858164 -1.243240 1.195470 0.475737 
2.600000 0.158447 0.021927 -2.027913 -1.300590 1.196750 0.470345 
2.633330 0.159274 0.012445 -1.931270 -1.341810 1.199020 0.465485 
2.666670 0.170602 0.015816 -1.327765 -1.454750 1.200920 0.460403 
2.700000 0.194464 0.005845 -0.412587 -1.459040 1.201550 0.455108 
2.733330 0.208319 0.006699 0.219350 -1.452090 1.201940 0.447977 
2.766670 0.196232 0.017009 0.445858 -1.422060 1.203790 0.439729 
2.800000 0.171339 0.043842 0.656643 -1.438980 1.205710 0.434965 
2.833330 0.163455 0.057612 0.839603 -1.415620 1.206480 0.429835 
2.866670 0.178785 0.048817 0.513901 -1.350050 1.212930 0.425104 
2.900000 0.193099 0.048978 -0.354059 -1.357760 1.212890 0.419492 
2.933330 0.195629 0.060464 -1.187529 -1.393590 1.215920 0.411483 
2.966670 0.190756 0.066332 -1.603113 -1.447690 1.221070 0.407602 
3.000000 0.185897 0.059028 -1.798821 -1.511000 1.222760 0.401302 
3.033330 0.180240 0.041461 -2.053493 -1.542640 1.223830 0.393217 
3.066670 0.168241 0.034342 -2.173089 -1.639310 1.226830 0.390682 
3.100000 0.159327 0.023456 -1.736675 -1.703850 1.225910 0.381607 
3.133330 0.160763 0.022250 -0.797990 -1.774290 1.225450 0.378671 
3.166670 0.177455 0.015643 0.060728 -1.752950 1.226210 0.373468 
3.200000 0.195918 0.020341 0.463527 -1.739370 1.224800 0.365229 
3.233330 0.207486 0.039100 0.611393 -1.726800 1.223970 0.360056 
3.266670 0.210617 0.067844 0.731992 -1.723990 1.225920 0.352416 
3.300000 0.205925 0.081542 0.687688 -1.669540 1.226280 0.344858 
3.333330 0.192741 0.092534 0.325009 -1.659500 1.229520 0.337154 