0.7 0.00710786 -0.00245831 0.0391522 -0.5076 
0.733333 0.00747559 -0.00254331 0.039782 -0.492089 
0.766667 0.00777962 -0.00248703 0.0402546 -0.476604 
0.8 0.00802162 -0.00243831 0.0370954 -0.466312 
0.833333 0.00828095 -0.00244519 0.0314637 -0.460748 
0.866667 0.00841769 -0.00238634 0.0266531 -0.456144 
0.9 0.00857582 -0.00236111 0.0231141 -0.451512 
0.933333 0.00873978 -0.00242851 0.0224711 -0.444603 
0.966667 0.0087236 -0.00252859 0.0255393 -0.433496 
1 0.00863985 -0.00256407 0.0310109 -0.418523 
1.03333 0.00851435 -0.00264321 0.0364335 -0.401783 
1.06667 0.00840217 -0.00266382 0.0441626 -0.380513 
1.1 0.00838677 -0.00273699 0.0504452 -0.358373 
1.13333 0.00838245 -0.0027839 0.0532477 -0.338249 
1.16667 0.00830197 -0.00276487 0.0535759 -0.320112 
1.2 0.00828044 -0.0027495 0.0518353 -0.304308 
1.23333 0.0084099 -0.00264201 0.0496129 -0.289653 
1.26667 0.00850799 -0.00257578 0.044835 -0.278756 
1.3 0.00856579 -0.00249249 0.0392925 -0.270353 
1.33333 0.00874825 -0.00245367 0.0334571 -0.264144 
1.36667 0.00889292 -0.00243879 0.0288529 -0.258427 
1.4 0.00902179 -0.0025014 0.0267455 -0.251297 
1.43333 0.00909677 -0.00255962 0.0275508 -0.241431 
1.46667 0.00915658 -0.00261106 0.0293615 -0.23011 
1.5 0.00921069 -0.00276014 0.031179 -0.218177 
1.53333 0.00926576 -0.00287341 0.036079 -0.202 
1.56667 0.00919208 -0.00299954 0.0408348 -0.18436 
1.6 0.00914135 -0.00307033 0.0463392 -0.164251 
1.63333 0.00906669 -0.00318357 0.0519847 -0.14214 
1.66667 0.0089931 -0.00318047 0.0556748 -0.120456 
1.7 0.0090168 -0.00317666 0.0560194 -0.101491 
1.73333 0.00911793 -0.00317077 0.0522817 -0.0872295 
1.76667 0.00924771 -0.00310715 0.0485468 -0.0742112 
1.8 0.00938411 -0.00307956 0.0426106 -0.0650364 
1.83333 0.00949503 -0.00306241 0.0375189 -0.0568435 
1.86667 0.00960797 -0.00302481 0.0323673 -0.0504185 
1.9 0.00971496 -0.00297924 0.0279857 -0.0448016 
1.93333 0.00979673 -0.0029389 0.0266249 -0.0370794 
1.96667 0.00990229 -0.00306893 0.0242624 -0.0309933 
2 0.0101333 -0.00322665 0.0256157 -0.0213083 
2.03333 0.0102572 -0.00335599 0.0292223 -0.00851222 
2.06667 0.0103632 -0.00350008 0.0351888 0.00827173 
2.1 0.0104033 -0.0036147 0.0411926 0.0270886 
2.13333 -0.00939842 -0.00390987 -0.0836013 -0.106495 
2.16667 -0.0145131 -0.00252442 -0.280849 -0.367205 
2.2 -0.0181633 -0.00148881 -0.424572 -0.630481 
2.23333 -0.0207851 -0.000602487 -0.528529 -0.894722 
2.26667 -0.0226648 7.53697e-005 -0.605208 -1.16142 
2.3 -0.0239041 0.000604545 -0.660973 -1.42898 
2.33333 -0.0246729 0.000909504 -0.703925 -1.70001 
2.36667 -0.0252272 0.00117703 -0.736129 -1.97266 
2.4 -0.0255596 0.00127702 -0.761121 -2.24754 
2.43333 -0.0257786 0.00136123 -0.780035 -2.52358 
2.46667 -0.0259848 0.0013494 -0.792887 -2.79876 
2.5 -0.0261259 0.00127935 -0.799925 -3.07136 
2.53333 -0.0262097 0.00111272 -0.802842 -3.34145 
2.56667 -0.0263061 0.00101533 -0.802958 -3.6092 
2.6 -0.0263684 0.000973698 -0.800655 -3.87413 
2.63333 -0.0264024 0.000865182 -0.797128 -4.13686 
2.66667 -0.0264644 0.000781575 -0.79135 -4.39574 
2.7 -0.0265517 0.0007703 -0.78573 -4.65289 
2.73333 -0.0267408 0.000868188 -0.783139 -4.91175 
2.76667 -0.026662 0.00100813 -0.784002 -5.17381 
2.8 -0.0266275 0.00114539 -0.786937 -5.43861 
2.83333 -0.0266076 0.00128675 -0.791752 -5.7066 
2.86667 -0.00672432 0.00157511 -0.665711 -5.82174 
2.9 -0.00149889 0.000156494 -0.46879 -5.81118 
2.93333 0.00227379 -0.000831507 -0.327763 -5.80097 
2.96667 0.00496205 -0.00169496 -0.227229 -5.79155 
3 0.00694532 -0.00235081 -0.153048 -5.77972 
3.03333 0.00837449 -0.00288455 -0.0988258 -5.76673 
3.06667 0.00936509 -0.0032796 -0.0585344 -5.75211 
3.1 0.0100597 -0.00356878 -0.0265521 -5.73387 
3.13333 0.0105242 -0.00371958 -0.00192729 -5.71365 
3.16667 0.0108468 -0.00384609 0.018452 -5.69023 
3.2 0.0110677 -0.0039138 0.0364028 -5.66289 
3.23333 0.0111821 -0.00386356 0.0478251 -5.63728 
3.26667 0.0112411 -0.00375874 0.054164 -5.61385 
3.3 0.0113301 -0.00367391 0.0570586 -5.59238 
3.33333 0.011402 -0.00360702 0.0571218 -5.57329 
3.36667 0.0114491 -0.00347061 0.0557024 -5.55592 
3.4 0.0115579 -0.00340399 0.0503312 -5.54369 
3.43333 0.0116868 -0.00334689 0.0453706 -5.53277 
3.46667 0.011858 -0.00336155 0.0420796 -5.52153 
3.5 0.0118665 -0.00347224 0.0397606 -5.51024 
3.53333 0.0119499 -0.00348328 0.0381296 -5.49892 
3.56667 0.0120618 -0.0036273 0.0393181 -5.4848 
3.6 0.0120386 -0.00374812 0.0404034 -5.47042 
3.63333 0.0119964 -0.00386275 0.0441724 -5.4525 
3.66667 0.0119856 -0.00403222 0.0490268 -5.43204 
3.7 0.0119903 -0.00413772 0.0567914 -5.40654 
3.73333 0.0119197 -0.00421492 0.0627224 -5.3806 
3.76667 0.0118946 -0.00414773 0.0665411 -5.35519 
3.8 0.0119249 -0.00407125 0.0686043 -5.33057 
3.83333 0.0119457 -0.00391172 0.0671312 -5.30944 
3.86667 0.0120388 -0.00382422 0.0644365 -5.29025 
3.9 0.0120647 -0.00373641 0.0611991 -5.27259 
3.93333 0.0122699 -0.00366858 0.0546722 -5.2599 
3.96667 0.0124846 -0.00372986 0.049403 -5.24789 
4 0.0126542 -0.0037665 0.0450245 -5.23659 
4.03333 0.0127478 -0.00378 0.0431154 -5.22384 
4.06667 0.012834 -0.0038996 0.0429677 -5.20964 
4.1 0.0128466 -0.00404494 0.0439041 -5.19421 
4.13333 0.0128847 -0.00414051 0.0469159 -5.17602 
4.16667 0.0127963 -0.00425552 0.0513341 -5.15517 
4.2 0.0127142 -0.00430743 0.0557529 -5.13284 
4.23333 0.0126173 -0.00435277 0.0611153 -5.10793 
4.26667 0.0125369 -0.00439847 0.0689782 -5.07827 
4.3 0.0124581 -0.00437231 0.0728198 -5.05075 
