0.7 0.00552288 -0.00187374 0.0383294 -1.0141 
0.733333 0.00572814 -0.00199995 0.0435884 -0.993933 
0.766667 0.00602241 -0.00209412 0.0468828 -0.974658 
0.8 0.00632622 -0.0020609 0.0492873 -0.955525 
0.833333 0.00664827 -0.00208384 0.0490509 -0.939112 
0.866667 0.0068944 -0.00209858 0.0462479 -0.925934 
0.9 0.00717109 -0.00215813 0.0423746 -0.91511 
0.933333 0.00744852 -0.00222885 0.0361554 -0.908353 
0.966667 0.00775236 -0.00223422 0.0302746 -0.903268 
1 0.00800454 -0.00227526 0.025938 -0.898306 
1.03333 0.00828926 -0.00237155 0.024419 -0.891456 
1.06667 0.00845897 -0.00251205 0.0251372 -0.88247 
1.1 0.00856687 -0.00265633 0.0265219 -0.872458 
1.13333 0.00853277 -0.00273059 0.0310505 -0.858272 
1.16667 0.00847489 -0.00275572 0.0360907 -0.841972 
1.2 0.0085673 -0.0029048 0.0404869 -0.824752 
1.23333 0.0084622 -0.00290633 0.0477514 -0.80268 
1.26667 0.00832167 -0.00295643 0.05202 -0.781724 
1.3 0.0083177 -0.00292404 0.0537027 -0.762398 
1.33333 0.00842001 -0.00285972 0.0530461 -0.745272 
1.36667 0.00851883 -0.00277374 0.0494017 -0.731892 
1.4 0.00886643 -0.00275515 0.0449525 -0.720677 
1.43333 0.00907286 -0.00265921 0.0397355 -0.711851 
1.46667 0.00931406 -0.00265368 0.0335318 -0.705929 
1.5 0.00942214 -0.00268149 0.0289595 -0.700149 
1.53333 0.00953102 -0.00276152 0.0258223 -0.6942 
1.56667 0.00951672 -0.00286406 0.0232531 -0.688625 
1.6 0.0096524 -0.00288656 0.0282623 -0.674961 
1.63333 0.00959062 -0.00307285 0.0290546 -0.664605 
1.66667 0.00953805 -0.00315181 0.0339373 -0.649156 
1.7 0.00945615 -0.00322653 0.040719 -0.629838 
1.73333 0.00934663 -0.00324732 0.0461279 -0.60988 
1.76667 0.00923391 -0.00324027 0.0510701 -0.58867 
1.8 0.0091773 -0.00322991 0.0537965 -0.568428 
1.83333 0.00915469 -0.00317319 0.0549781 -0.549101 
1.86667 0.00939334 -0.0030431 0.0541229 -0.531785 
1.9 0.00949967 -0.00307232 0.0505878 -0.517917 
1.93333 0.00954721 -0.00298224 0.0472773 -0.504962 
1.96667 0.00992314 -0.00306011 0.0416948 -0.495793 
2 0.0102021 -0.00311501 0.0337233 -0.491305 
2.03333 0.0104185 -0.00316984 0.0293628 -0.485211 
2.06667 0.010476 -0.00324568 0.0301055 -0.474547 
2.1 0.0104748 -0.0034237 0.0317874 -0.462526 
2.13333 0.0104734 -0.00354136 0.0354851 -0.447565 
2.16667 0.0104121 -0.00359874 0.0408876 -0.42936 
2.2 0.0104695 -0.00366863 0.0465561 -0.409039 
2.23333 0.0105112 -0.00376692 0.0520381 -0.387049 
2.26667 0.0104911 -0.00381708 0.057769 -0.362938 
2.3 0.0104615 -0.0038275 0.06387 -0.33648 
2.33333 0.0104842 -0.00386704 0.0618668 -0.317554 
2.36667 0.0105812 -0.0037301 0.0632768 -0.295268 
2.4 0.01079 -0.00356493 0.063108 -0.274375 
2.43333 0.0108694 -0.00354179 0.0573955 -0.260082 
2.46667 0.011002 -0.0035607 0.0524395 -0.2468 
2.5 0.0111163 -0.00358714 0.0456242 -0.237366 
2.53333 0.0112258 -0.00362373 0.0396149 -0.229251 
2.56667 0.011342 -0.00367475 0.0350919 -0.221386 
2.6 0.0113929 -0.00386727 0.0324921 -0.212757 
2.63333 0.0114077 -0.00390028 0.0347427 -0.19927 
2.66667 0.0113519 -0.0039851 0.0363972 -0.185736 
2.7 0.0112255 -0.00403314 0.0401588 -0.169163 
2.73333 0.0112771 -0.00426572 0.042478 -0.153039 
2.76667 0.0111136 -0.00427673 0.0497727 -0.130269 
2.8 0.0110577 -0.00431213 0.0542591 -0.108382 
2.83333 0.0111003 -0.00420286 0.057827 -0.0860836 
2.86667 0.0111046 -0.00410066 0.0578145 -0.0668227 
2.9 0.0111916 -0.00403656 0.0561019 -0.0495728 
2.93333 0.0112889 -0.00394814 0.053118 -0.0343945 
2.96667 0.0113924 -0.00385623 0.0497989 -0.0206067 
3 0.0115309 -0.00376814 0.0445419 -0.0102127 
3.03333 0.0116721 -0.00366634 0.040543 -8.59567e-005 
3.06667 0.0117577 -0.00370776 0.0368748 0.00909821 
3.1 0.0118937 -0.00377474 0.0323396 0.0160362 
3.13333 0.0118299 -0.00396828 0.0296878 0.0236857 
3.16667 0.0119011 -0.00407396 0.0327975 0.0372525 
3.2 0.0119009 -0.00413622 0.0364144 0.0524546 
3.23333 0.0118846 -0.00418934 0.0421484 0.0713615 
3.26667 0.011851 -0.00422142 0.0478998 0.0922003 
3.3 0.0117664 -0.00423669 0.0542498 0.115663 
3.33333 0.0116215 -0.00422858 0.0597611 0.140252 
3.36667 0.0115996 -0.00415544 0.0638191 0.164963 
3.4 0.0115497 -0.00412038 0.0657048 0.188462 
3.43333 0.0115697 -0.00402729 0.0636273 0.207911 
3.46667 0.0114499 -0.00372956 0.0639219 0.229468 
3.5 0.0115688 -0.00363305 0.0596566 0.24574 
3.53333 0.0117238 -0.00358565 0.0542243 0.259213 
3.56667 0.0119016 -0.00357673 0.0484623 0.270486 
3.6 0.011998 -0.00359553 0.0434862 0.280766 
3.63333 0.0120957 -0.00370434 0.0404326 0.291657 
3.66667 0.0120756 -0.00382224 0.0392357 0.303721 
3.7 0.012002 -0.00392669 0.0397707 0.317431 
3.73333 0.0118931 -0.00402643 0.0423329 0.333713 
3.76667 0.0118806 -0.00419548 0.0452012 0.35121 
3.8 0.0117711 -0.00422783 0.0507901 0.372874 
3.83333 0.0117029 -0.00423973 0.0579114 0.398211 
3.86667 0.0115819 -0.00422001 0.0631278 0.423672 
3.9 0.0115469 -0.00414758 0.0655325 0.447554 
3.93333 0.0115186 -0.00405996 0.0671285 0.471282 
3.96667 0.0115822 -0.0039313 0.0657678 0.492052 
4 0.0116822 -0.00383615 0.0631951 0.510937 
4.03333 0.0117877 -0.00373836 0.0584657 0.526419 
4.06667 0.0118771 -0.00369726 0.0527119 0.539116 
4.1 0.0120354 -0.00371021 0.0467137 0.549606 
4.13333 0.0121946 -0.00366122 0.0425541 0.560267 
4.16667 0.0122611 -0.00369518 0.041474 0.573176 
4.2 0.012319 -0.00382051 0.0399403 0.585191 
4.23333 0.0123471 -0.00395729 0.0399202 0.59848 
4.26667 0.0122747 -0.00402398 0.0419892 0.61423 
4.3 0.0121841 -0.00411545 0.0456981 0.632604 
4.33333 0.0120899 -0.00424908 0.0516184 0.654825 
4.36667 0.0120441 -0.00429365 0.0574565 0.678923 
4.4 0.0119264 -0.00428382 0.0634984 0.705208 
4.43333 0.0118212 -0.00419543 0.0666585 0.730104 
