0.224 30 -50 
0.318 30 -50 
0.413 30 -50 
0.506 30 -50 
0.569 30 -50 
0.632 30 -50 
0.693 30 -50 
0.756 30 -50 
0.818 30 -50 
0.896 30 -50 
0.959 30 -50 
1.022 30 -50 
1.099 30 -50 
1.163 30 -50 
1.224 30 -50 
1.303 30 -50 
1.365 30 -50 
1.428 30 -50 
1.49 30 -50 
1.552 30 -50 
1.615 30 -50 
1.693 30 -50 
1.757 30 -50 
1.818 30 -50 
1.882 30 -50 
1.96 30 -50 
2.023 30 -50 
2.099 30 -50 
2.162 30 -50 
2.225 30 -50 
2.287 30 -50 
2.35 30 -50 
2.429 30 -50 
2.506 30 -50 
2.569 30 -50 
2.631 30 -50 
2.694 30 -50 
2.757 30 -50 
2.818 30 -50 
2.897 30 -50 
2.96 30 -50 
3.021 30 -50 
3.085 30 -50 
3.147 30 -50 
3.225 30 -50 
3.303 30 -50 
3.365 30 -50 
3.428 30 -50 
3.49 30 -50 
3.554 30 -50 
3.616 30 -50 
3.693 30 -50 
3.756 30 -50 
3.834 30 -50 
3.896 30 -50 
3.959 30 -50 
4.021 30 -50 
4.1 30 -50 
4.163 30 -50 
4.241 30 -50 
4.318 30 -50 
4.381 30 -50 
4.444 30 -50 
4.537 30 -50 
4.6 30 -50 
4.663 30 -50 
4.724 30 -50 
4.788 30 -50 
4.849 30 -50 
4.943 30 -50 
5.022 30 -50 
5.1 30 -50 
5.162 30 -50 
5.225 30 -50 
5.302 30 -50 
5.366 30 -50 
5.428 30 -50 
5.491 30 -50 
5.552 30 -50 
5.63 30 -50 
5.693 30 -50 
5.772 30 -50 
5.833 30 -50 
5.896 30 -50 
5.959 30 -50 
6.021 30 -50 
6.1 30 -50 
6.163 30 -50 
6.224 30 -50 
6.302 30 -50 
6.365 30 -50 
6.444 30 -50 
6.522 30 -50 
6.584 30 -50 
6.662 30 -50 
6.725 30 -50 
6.788 30 -50 
6.85 30 -50 
6.928 30 -50 
6.99 30 -50 
7.053 30 -50 
7.131 30 -50 
7.194 30 -50 
7.257 30 -50 
7.335 30 -50 
7.396 30 -50 
7.46 30 -50 
7.522 30 -50 
7.584 30 -50 
7.646 30 -50 
7.725 30 -50 
7.803 30 -50 
7.865 30 -50 
7.928 30 -50 
7.99 30 -50 
8.053 30 -50 
8.132 30 -50 
8.194 30 -50 
8.256 30 -50 
8.319 30 -50 
8.381 30 -50 
8.46 30 -50 
8.538 30 -50 
8.6 30 -50 
8.662 30 -50 
8.725 30 -50 
8.787 30 -50 
8.851 30 -50 
8.929 30 -50 
8.99 30 -50 
9.054 30 -50 
9.132 30 -50 
9.193 30 -50 
9.257 30 -50 
9.335 30 -50 
9.412 30 -50 
