0.221 30 -50 
0.3 30 -50 
0.377 30 -50 
0.456 30 -50 
0.533 30 -50 
0.597 30 -50 
0.674 30 -50 
0.753 30 -50 
0.815 30 -50 
0.893 30 -50 
0.971 30 -50 
1.035 30 -50 
1.128 30 -50 
1.19 30 -50 
1.252 30 -50 
1.33 30 -50 
1.393 30 -50 
1.455 30 -50 
1.533 30 -50 
1.613 30 -50 
1.69 30 -50 
1.768 30 -50 
1.832 30 -50 
1.894 30 -50 
1.956 30 -50 
2.018 30 -50 
2.097 30 -50 
2.176 30 -50 
2.252 30 -50 
2.331 30 -50 
2.409 30 -50 
2.502 30 -50 
2.566 30 -50 
2.627 30 -50 
2.69 30 -50 
2.753 30 -50 
2.815 30 -50 
2.893 30 -50 
2.956 30 -50 
3.017 30 -50 
3.08 30 -50 
3.143 30 -50 
3.221 30 -50 
3.3 30 -50 
3.363 30 -50 
3.424 30 -50 
3.487 30 -50 
3.549 30 -50 
3.611 30 -50 
3.689 30 -50 
3.753 30 -50 
3.815 30 -50 
3.893 30 -50 
3.955 30 -50 
4.018 30 -50 
4.112 30 -50 
4.191 30 -50 
4.253 30 -50 
4.33 30 -50 
4.41 30 -50 
4.502 30 -50 
4.566 30 -50 
4.628 30 -50 
4.691 30 -50 
4.752 30 -50 
4.815 30 -50 
4.893 30 -50 
4.956 30 -50 
5.018 30 -50 
5.08 30 -50 
5.158 30 -50 
5.222 30 -50 
5.299 30 -50 
5.361 30 -50 
5.426 30 -50 
5.487 30 -50 
5.55 30 -50 
5.611 30 -50 
5.69 30 -50 
5.752 30 -50 
5.831 30 -50 
5.894 30 -50 
5.956 30 -50 
6.018 30 -50 
6.096 30 -50 
6.16 30 -50 
6.222 30 -50 
6.316 30 -50 
6.378 30 -50 
6.456 30 -50 
6.534 30 -50 
6.596 30 -50 
6.659 30 -50 
6.722 30 -50 
6.784 30 -50 
6.847 30 -50 
6.925 30 -50 
6.987 30 -50 
7.065 30 -50 
7.128 30 -50 
7.191 30 -50 
7.252 30 -50 
7.331 30 -50 
7.393 30 -50 
7.457 30 -50 
7.519 30 -50 
7.582 30 -50 
7.66 30 -50 
7.738 30 -50 
7.801 30 -50 
7.861 30 -50 
7.924 30 -50 
7.987 30 -50 
8.064 30 -50 
8.128 30 -50 
8.205 30 -50 
8.252 30 -50 
8.314 30 -50 
8.378 30 -50 
8.455 30 -50 
8.534 30 -50 
8.597 30 -50 
8.658 30 -50 
8.722 30 -50 
8.785 30 -50 
8.847 30 -50 
8.925 30 -50 
8.987 30 -50 
9.049 30 -50 
9.127 30 -50 
9.191 30 -50 
9.253 30 -50 
9.33 30 -50 
9.393 30 -50 
