0.402 30 -50 
0.511 30 -50 
0.604 30 -50 
0.699 30 -50 
0.792 30 -50 
0.854 30 -50 
0.948 30 -50 
1.041 30 -50 
1.135 30 -50 
1.229 30 -50 
1.292 30 -50 
1.37 30 -50 
1.463 30 -50 
1.558 30 -50 
1.62 30 -50 
1.697 30 -50 
1.761 30 -50 
1.823 30 -50 
1.886 30 -50 
1.949 30 -50 
2.011 30 -50 
2.088 30 -50 
2.152 30 -50 
2.214 30 -50 
2.291 30 -50 
2.353 30 -50 
2.416 30 -50 
2.494 30 -50 
2.558 30 -50 
2.619 30 -50 
2.682 30 -50 
2.745 30 -50 
2.807 30 -50 
2.885 30 -50 
2.949 30 -50 
3.026 30 -50 
3.088 30 -50 
3.152 30 -50 
3.214 30 -50 
3.291 30 -50 
3.354 30 -50 
3.417 30 -50 
3.479 30 -50 
3.558 30 -50 
3.621 30 -50 
3.698 30 -50 
3.761 30 -50 
3.822 30 -50 
3.885 30 -50 
3.948 30 -50 
4.011 30 -50 
4.089 30 -50 
4.151 30 -50 
4.213 30 -50 
4.276 30 -50 
4.339 30 -50 
4.401 30 -50 
4.496 30 -50 
4.557 30 -50 
4.635 30 -50 
4.713 30 -50 
4.792 30 -50 
4.885 30 -50 
4.965 30 -50 
5.011 30 -50 
5.088 30 -50 
5.15 30 -50 
5.213 30 -50 
5.291 30 -50 
5.354 30 -50 
5.416 30 -50 
5.479 30 -50 
5.557 30 -50 
5.621 30 -50 
5.698 30 -50 
5.76 30 -50 
5.823 30 -50 
5.885 30 -50 
5.949 30 -50 
6.01 30 -50 
6.104 30 -50 
6.182 30 -50 
6.245 30 -50 
6.323 30 -50 
6.385 30 -50 
6.448 30 -50 
6.526 30 -50 
6.588 30 -50 
6.651 30 -50 
6.714 30 -50 
6.776 30 -50 
6.839 30 -50 
6.916 30 -50 
6.994 30 -50 
7.057 30 -50 
7.119 30 -50 
7.182 30 -50 
7.244 30 -50 
7.324 30 -50 
7.385 30 -50 
7.448 30 -50 
7.527 30 -50 
7.589 30 -50 
7.651 30 -50 
7.729 30 -50 
7.791 30 -50 
7.855 30 -50 
7.917 30 -50 
7.979 30 -50 
8.058 30 -50 
8.136 30 -50 
8.229 30 -50 
8.276 30 -50 
8.355 30 -50 
8.418 30 -50 
8.495 30 -50 
8.556 30 -50 
8.651 30 -50 
8.714 30 -50 
8.777 30 -50 
8.838 30 -50 
8.917 30 -50 
8.994 30 -50 
9.042 30 -50 
9.104 30 -50 
9.183 30 -50 
9.245 30 -50 
9.338 30 -50 
9.416 30 -50 
9.48 30 -50 
