0.066667 0.054488 0.021579 0.573248 0.566735 0.678762 0.178472 
0.100000 0.053303 0.017289 0.272272 0.596448 0.680313 0.180211 
0.133333 0.056387 0.010120 -0.172171 0.593529 0.680867 0.181090 
0.166667 0.062023 0.003729 -0.353764 0.575892 0.682305 0.181732 
0.200000 0.054304 -0.000554 -0.423800 0.571530 0.685362 0.184646 
0.233333 0.040548 -0.003648 -0.540112 0.550366 0.686006 0.184002 
0.266667 0.042968 -0.010893 -0.686212 0.541525 0.686794 0.184780 
0.300000 0.063185 -0.020426 -0.629350 0.509113 0.688299 0.185295 
0.333333 0.077654 -0.024775 -0.178971 0.485349 0.690813 0.185819 
0.366667 0.070059 -0.021120 0.519849 0.490895 0.695355 0.185860 
0.400000 0.053735 -0.016735 1.075170 0.526751 0.695759 0.187010 
0.433333 0.050114 -0.014122 1.229422 0.566763 0.697350 0.187383 
0.466667 0.057864 -0.008928 1.082100 0.622475 0.699377 0.186899 
0.500000 0.058961 0.001386 0.882078 0.622407 0.701288 0.188565 
0.533333 0.047252 0.003608 0.681605 0.675726 0.702890 0.191378 
0.566667 0.039587 0.004277 0.398328 0.681691 0.703368 0.189946 
0.600000 0.048800 0.001924 0.078577 0.699349 0.704409 0.192091 
0.633333 0.064873 -0.002364 -0.155155 0.684376 0.705460 0.193233 
0.666667 0.070559 -0.006586 -0.292765 0.684785 0.707960 0.194311 
0.700000 0.063139 -0.003168 -0.419702 0.667961 0.710271 0.196158 
0.733333 0.056976 0.004547 -0.554213 0.660144 0.711288 0.197165 
0.766667 0.061154 0.008606 -0.594082 0.634840 0.712351 0.197056 
0.800000 0.066326 -0.000891 -0.468700 0.606244 0.714326 0.201020 
0.833333 0.063306 -0.019091 -0.197565 0.614342 0.715819 0.200921 
0.866667 0.058085 -0.026531 0.227677 0.596214 0.719374 0.200638 
0.900000 0.057926 -0.027929 0.757159 0.612894 0.719905 0.201731 
0.933333 0.061402 -0.028420 1.154113 0.651868 0.722386 0.202174 
0.966667 0.060271 -0.022169 1.230792 0.700615 0.725108 0.202113 
1.000000 0.053470 -0.007797 1.063605 0.734081 0.727100 0.203400 
1.033330 0.050578 0.003823 0.811249 0.764180 0.727603 0.204943 
1.066670 0.062687 0.009824 0.503151 0.786754 0.728910 0.205755 
1.100000 0.085598 0.011816 0.138115 0.804018 0.730306 0.207340 
1.133330 0.098434 0.008624 -0.158310 0.800299 0.731936 0.210660 
1.166670 0.088755 0.000710 -0.270385 0.781109 0.735006 0.213593 
1.200000 0.069929 -0.006381 -0.298689 0.779374 0.736371 0.214883 
1.233330 0.062569 -0.006925 -0.409731 0.771660 0.738390 0.215406 
1.266670 0.068542 -0.007990 -0.542207 0.757173 0.739374 0.217429 
1.300000 0.074518 -0.012514 -0.464954 0.731024 0.741653 0.218923 
1.333330 0.073912 -0.017413 -0.098013 0.715527 0.744501 0.219894 
1.366670 0.074431 -0.021187 0.393935 0.727434 0.746411 0.221527 
1.400000 0.080854 -0.022285 0.848862 0.748633 0.747687 0.221485 
1.433330 0.083407 -0.020293 1.212111 0.786742 0.752149 0.224310 
1.466670 0.079177 -0.014239 1.317727 0.801638 0.753466 0.224621 
1.500000 0.079795 -0.015738 1.003385 0.911726 0.755448 0.228170 
1.533330 0.097631 -0.000870 0.470692 0.868803 0.757490 0.227182 
1.566670 0.116228 0.009801 0.046679 0.913474 0.759844 0.232330 
1.600000 0.113946 0.020005 -0.175644 0.897081 0.761956 0.234793 
1.633330 0.092907 0.012429 -0.264617 0.884184 0.764030 0.239431 
1.666670 0.077525 -0.007471 -0.371446 0.878305 0.764415 0.240876 
1.700000 0.078544 -0.023191 -0.555996 0.878726 0.767248 0.240879 
1.733330 0.083718 -0.022921 -0.596055 0.838101 0.769709 0.244803 
1.766670 0.081366 -0.017833 -0.278090 0.825669 0.772446 0.244591 
1.800000 0.076580 -0.015500 0.250468 0.814024 0.773928 0.247012 
1.833330 0.073082 -0.023335 0.662471 0.851875 0.776340 0.248469 
1.866670 0.073766 -0.029787 0.820442 0.867041 0.778601 0.249623 
1.900000 0.076748 -0.029538 0.784351 0.894701 0.780744 0.250188 
1.933330 0.077820 -0.020297 0.685845 0.927812 0.783577 0.252700 
1.966670 0.079812 -0.004803 0.734581 0.949160 0.785423 0.254237 
2.000000 0.086827 0.009021 0.948047 0.947420 0.786539 0.255468 
2.033330 0.091414 0.008290 0.911841 1.008620 0.787561 0.259826 
2.066670 0.085816 0.006736 0.369201 1.051870 0.790090 0.261901 
2.100000 0.081536 0.014300 -0.282858 1.026560 0.790447 0.264266 
2.133330 0.092159 0.018959 -0.626313 0.997598 0.791549 0.266958 
2.166670 0.112245 0.007696 -0.731661 1.000290 0.792485 0.269203 
2.200000 0.125726 -0.011877 -0.695247 0.965810 0.795019 0.275105 
2.233330 0.127340 -0.031497 -0.393582 0.935775 0.798136 0.275263 
2.266670 0.116394 -0.042025 0.158576 0.937008 0.801725 0.280076 
2.300000 0.097824 -0.037246 0.708112 0.949714 0.805421 0.280761 
2.333330 0.082738 -0.022943 1.017698 0.985128 0.807541 0.283245 
2.366670 0.079658 -0.007989 1.063089 1.025730 0.809388 0.284499 
2.400000 0.083381 -0.001610 1.026038 1.057230 0.810784 0.287299 
2.433330 0.086212 -0.005364 1.035173 1.081460 0.812004 0.289830 
2.466670 0.091052 -0.012150 0.948422 1.122180 0.813978 0.292666 
2.500000 0.102630 -0.009934 0.579475 1.158080 0.815107 0.293941 
2.533330 0.113023 0.001494 0.071535 1.169450 0.817752 0.298130 
2.566670 0.113246 0.008892 -0.216412 1.154740 0.818633 0.302497 
2.600000 0.107444 0.002349 -0.213320 1.137140 0.818613 0.304532 
2.633330 0.101152 -0.012378 -0.243924 1.143760 0.822216 0.308993 
2.666670 0.097723 -0.021684 -0.481175 1.144510 0.822689 0.310987 
2.700000 0.099874 -0.020965 -0.612002 1.113860 0.825159 0.313177 
2.733330 0.104667 -0.018438 -0.305118 1.074630 0.828317 0.316776 
2.766670 0.111385 -0.029506 0.350620 1.103810 0.828703 0.319470 
2.800000 0.122286 -0.037603 1.049892 1.099000 0.832418 0.321367 
2.833330 0.128207 -0.043384 1.545176 1.170630 0.836167 0.326350 
2.866670 0.133577 -0.031717 1.674712 1.210060 0.838131 0.328081 
2.900000 0.137066 -0.018500 1.366658 1.274330 0.840820 0.332971 
2.933330 0.136746 -0.006808 0.731180 1.316400 0.842748 0.337666 
2.966670 0.133379 -0.000494 0.117763 1.322760 0.842920 0.341349 
3.000000 0.127565 -0.000196 -0.144656 1.313780 0.844560 0.345743 
3.033330 0.114336 -0.000650 -0.139288 1.298220 0.845852 0.350048 
3.066670 0.093917 -0.003641 -0.241612 1.314140 0.846337 0.353123 
3.100000 0.079222 -0.005774 -0.534867 1.305280 0.847931 0.356282 
3.133330 0.086076 -0.011749 -0.661153 1.268030 0.848255 0.357943 
3.166670 0.112097 -0.024057 -0.351135 1.246090 0.849318 0.360489 
3.200000 0.133444 -0.036946 0.244887 1.244790 0.852633 0.364742 
3.233330 0.135935 -0.042975 0.843592 1.271260 0.854911 0.369616 
3.266670 0.131231 -0.033580 1.313153 1.303980 0.857729 0.371977 
3.300000 0.125569 -0.016211 1.553665 1.344310 0.859991 0.375835 
3.333330 0.112092 -0.009524 1.427012 1.419080 0.860458 0.381482 
3.366670 0.100004 -0.008260 0.966761 1.449260 0.860950 0.384055 
3.400000 0.108049 -0.008099 0.403122 1.469720 0.862144 0.386390 
3.433330 0.129698 -0.004621 -0.002891 1.486530 0.862695 0.390343 
3.466670 0.137732 0.002655 -0.085511 1.466410 0.862686 0.396255 
3.500000 0.121206 0.001465 0.014165 1.453080 0.864034 0.399663 
3.533330 0.095771 -0.013055 -0.044544 1.495790 0.862838 0.404628 
3.566670 0.084772 -0.018775 -0.310507 1.457240 0.865400 0.405692 
3.600000 0.092157 -0.022941 -0.498051 1.459870 0.865376 0.408778 
3.633330 0.108519 -0.025415 -0.352347 1.436240 0.867497 0.412845 
3.666670 0.124460 -0.031986 0.125197 1.414850 0.867328 0.415379 
3.700000 0.133377 -0.041235 0.677088 1.450360 0.870942 0.420697 
3.733330 0.133010 -0.037048 1.050769 1.471490 0.871948 0.423803 
3.766670 0.121591 -0.027857 1.215841 1.514690 0.873964 0.429502 
3.800000 0.107663 -0.016096 1.257464 1.557320 0.873945 0.432079 
3.833330 0.104227 -0.003656 1.172107 1.588580 0.875458 0.436325 
3.866670 0.118783 0.001287 0.821596 1.635540 0.874122 0.439211 
3.900000 0.130724 0.001372 0.556671 1.655860 0.874378 0.442921 
