0.7 0.0111494 0.00110972 -0.011181 -0.293437 
0.733333 0.0119334 0.00122378 -0.0172593 -0.302404 
0.766667 0.0124091 0.00127936 -0.0225551 -0.313981 
0.8 0.0128039 0.00126276 -0.0259182 -0.325614 
0.833333 0.013212 0.00133652 -0.027214 -0.335758 
0.866667 0.0136371 0.00143336 -0.0270098 -0.344713 
0.9 0.0139748 0.00140777 -0.0279991 -0.355025 
0.933333 0.0143962 0.00130188 -0.0275452 -0.363892 
0.966667 0.0145569 0.0012476 -0.0227815 -0.367465 
1 0.0146926 0.00119601 -0.0208347 -0.372762 
1.03333 0.0149053 0.00122069 -0.0184793 -0.376921 
1.06667 0.0150607 0.00120346 -0.0190808 -0.383788 
1.1 0.0152188 0.0014314 -0.0191513 -0.390229 
1.13333 0.0154167 0.00149389 -0.0222985 -0.400328 
1.16667 0.0155666 0.0016448 -0.0228228 -0.408379 
1.2 0.0156879 0.00175316 -0.0229008 -0.416079 
1.23333 0.0158085 0.00171098 -0.0261481 -0.427545 
1.26667 0.0159636 0.00176665 -0.0271211 -0.43741 
1.3 0.0161651 0.00172186 -0.0280515 -0.447549 
1.33333 0.0164734 0.00169518 -0.0278563 -0.456669 
1.36667 0.0167676 0.00157157 -0.0286473 -0.466888 
1.4 0.016773 0.00153267 -0.0305776 -0.478716 
1.43333 0.0167894 0.00153145 -0.0268894 -0.484555 
1.46667 0.0166696 0.00158633 -0.0223454 -0.488154 
1.5 0.0167719 0.00172291 -0.0230903 -0.496481 
1.53333 0.0168167 0.00198042 -0.0258354 -0.507419 
1.56667 0.0166887 0.00206338 -0.0281993 -0.518821 
1.6 0.0164691 0.00207141 -0.0315802 -0.532212 
1.63333 0.0165047 0.00212899 -0.0328314 -0.544216 
1.66667 0.0163108 0.00218885 -0.0336381 -0.556112 
1.7 0.0163848 0.0021213 -0.0359472 -0.57005 
1.73333 0.016409 0.00197272 -0.0314936 -0.576775 
1.76667 0.016332 0.00168805 -0.0275826 -0.582656 
1.8 0.0164196 0.00162246 -0.0225933 -0.585961 
1.83333 0.0164026 0.00153866 -0.0196245 -0.589987 
1.86667 0.0164598 0.00159882 -0.0175439 -0.594073 
1.9 0.0163069 0.00175049 -0.0197656 -0.602543 
1.93333 0.0163607 0.00189711 -0.0257415 -0.616186 
1.96667 0.0162759 0.00209848 -0.0297057 -0.629446 
2 0.0162627 0.00214744 -0.0371774 -0.648168 
2.03333 0.0160534 0.00227193 -0.0418362 -0.66606 
2.06667 0.0161077 0.00231592 -0.0412057 -0.679261 
2.1 0.0161556 0.00222602 -0.0400448 -0.691626 
2.13333 0.0163 0.00219295 -0.0339342 -0.697761 
2.16667 0.0164248 0.00212268 -0.0307818 -0.705351 
2.2 0.0164999 0.00200399 -0.0273401 -0.711549 
2.23333 0.016565 0.00185431 -0.022106 -0.714484 
2.26667 0.0167608 0.0018058 -0.017266 -0.716139 
2.3 0.0169357 0.00187581 -0.0157953 -0.720158 
2.33333 0.0171788 0.00206514 -0.0172334 -0.727121 
2.36667 0.0171637 0.00222151 -0.0218034 -0.73826 
2.4 0.0171198 0.00242291 -0.0279705 -0.752808 
2.43333 0.0171093 0.00251842 -0.0322997 -0.767242 
2.46667 0.0170746 0.00252687 -0.0375698 -0.78423 
2.5 0.0172963 0.00256892 -0.0386757 -0.798059 
2.53333 0.0173319 0.00252084 -0.0408773 -0.813549 
2.56667 0.0174579 0.00240477 -0.0389718 -0.824926 
2.6 0.0174662 0.00235236 -0.0354062 -0.833707 
2.63333 0.0176345 0.00224899 -0.0293746 -0.838389 
2.66667 0.0176456 0.0021551 -0.0235961 -0.84136 
2.7 0.0177851 0.00203477 -0.0189884 -0.843786 
2.73333 0.0178764 0.00214462 -0.0174402 -0.848287 
2.76667 0.0179555 0.00233052 -0.0167767 -0.853318 
2.8 0.0177096 0.00245804 -0.0203351 -0.86311 
2.83333 0.0178558 0.00265992 -0.0264555 -0.877114 
2.86667 0.0179551 0.00282328 -0.0346878 -0.89565 
2.9 0.0180443 0.00292078 -0.0392511 -0.9126 
2.93333 0.0181872 0.00286906 -0.0404248 -0.927069 
2.96667 0.0183078 0.00277478 -0.0428053 -0.943354 
3 0.0183819 0.00266823 -0.0424246 -0.957173 
3.03333 0.0186027 0.00251832 -0.0388738 -0.967123 
3.06667 0.0187738 0.00232086 -0.035036 -0.97555 
3.1 0.0189397 0.0023087 -0.0294825 -0.980673 
3.13333 0.0192129 0.00224647 -0.0250663 -0.985288 
3.16667 0.0194225 0.00230098 -0.0236276 -0.991945 
3.2 0.0195637 0.0024581 -0.0246631 -1.00104 
3.23333 0.0193788 0.00259902 -0.0276109 -1.01274 
3.26667 0.0192709 0.00270639 -0.0284862 -1.02298 
3.3 0.0192261 0.00279906 -0.034188 -1.03921 
