0.297 30 20 
0.374 30 20 
0.485 30 20 
0.578 30 20 
0.671 30 20 
0.765 30 20 
0.875 30 20 
0.985 30 20 
1.063 30 20 
1.157 30 20 
1.234 30 20 
1.328 30 20 
1.407 30 20 
1.501 30 20 
1.594 30 20 
1.688 30 20 
1.782 30 20 
1.86 30 20 
1.954 30 20 
2.031 30 20 
2.109 30 20 
2.202 30 20 
2.313 30 20 
2.421 30 20 
2.563 30 20 
2.625 30 20 
2.718 30 20 
2.812 30 20 
2.891 30 20 
2.984 30 20 
3.079 30 20 
3.157 30 20 
3.235 30 20 
3.344 30 20 
3.437 30 20 
3.532 30 20 
3.625 30 20 
3.704 30 20 
3.814 30 20 
3.907 30 20 
3.985 30 20 
4.047 30 20 
4.124 30 20 
4.187 30 20 
4.281 30 20 
4.343 30 20 
4.437 30 20 
4.531 30 20 
4.609 30 20 
4.688 30 20 
4.75 30 20 
4.813 30 20 
4.891 30 20 
4.97 30 20 
5.048 30 20 
5.125 30 20 
5.25 30 20 
5.328 30 20 
5.392 30 20 
5.453 30 20 
5.532 30 20 
5.624 30 20 
5.718 30 20 
5.796 30 20 
5.891 30 20 
5.953 30 20 
6.016 30 20 
6.079 30 20 
6.188 30 20 
6.265 30 20 
6.344 30 20 
6.422 30 20 
6.531 30 20 
6.594 30 20 
6.672 30 20 
6.751 30 20 
6.828 30 20 
6.923 30 20 
6.985 30 20 
7.078 30 20 
7.157 30 20 
7.235 30 20 
7.329 30 20 
7.406 30 20 
7.516 30 20 
7.577 30 20 
7.641 30 20 
7.735 30 20 
7.828 30 20 
7.921 30 20 
8 30 20 
8.109 30 20 
8.204 30 20 
8.281 30 20 
8.344 30 20 
8.423 30 20 
8.501 30 20 
8.563 30 20 
8.657 30 20 
8.719 30 20 
