0.7 0.00504555 -0.00128203 0.030569 0.602663 
0.733333 0.00527753 -0.00142907 0.0359992 0.620465 
0.766667 0.00552905 -0.00151501 0.0409699 0.639952 
0.8 0.00571984 -0.00151501 0.0425557 0.655641 
0.833333 0.00596152 -0.00154677 0.0433111 0.671059 
0.866667 0.00618309 -0.00151964 0.0408522 0.682683 
0.9 0.00632707 -0.00146567 0.0368591 0.691555 
0.933333 0.00650357 -0.00138841 0.0331503 0.699445 
0.966667 0.0067324 -0.00136697 0.027133 0.703367 
1 0.0069016 -0.00140038 0.023168 0.707717 
1.03333 0.00701625 -0.0013955 0.0200339 0.711735 
1.06667 0.00714006 -0.00152477 0.0187208 0.716864 
1.1 0.00728159 -0.00160746 0.0187283 0.723112 
1.13333 0.00734988 -0.00169752 0.0207602 0.731753 
1.16667 0.00736883 -0.00176324 0.0232363 0.741596 
1.2 0.00736684 -0.00184451 0.0277698 0.754693 
1.23333 0.00741778 -0.00192923 0.033606 0.770839 
1.26667 0.00742942 -0.00202256 0.0394134 0.788897 
1.3 0.00744656 -0.00211661 0.043321 0.806648 
1.33333 0.00747156 -0.00201212 0.0445134 0.822495 
1.36667 0.00764786 -0.00197193 0.0455885 0.838602 
1.4 0.00773148 -0.00190245 0.0439129 0.851821 
1.43333 0.00783936 -0.00183745 0.0398154 0.861621 
1.46667 0.00799249 -0.00172076 0.0346814 0.868833 
1.5 0.00814498 -0.00165194 0.0296574 0.874462 
1.53333 0.00833023 -0.0016051 0.0254485 0.87938 
1.56667 0.00839766 -0.00157317 0.0214832 0.883182 
1.6 0.00842725 -0.00158868 0.019365 0.887842 
1.63333 0.0085432 -0.00167188 0.0191722 0.89407 
1.66667 0.00867186 -0.00184524 0.0207227 0.902291 
1.7 0.00879605 -0.00201132 0.0254606 0.914791 
1.73333 0.00891895 -0.00214931 0.0303848 0.929091 
1.76667 0.00908189 -0.00233108 0.0375623 0.947692 
1.8 0.00921832 -0.0024236 0.0448465 0.968811 
1.83333 0.00925107 -0.00238936 0.0477253 0.987159 
1.86667 0.00938497 -0.00234639 0.048273 1.00371 
1.9 0.00954805 -0.00223912 0.0476893 1.01912 
1.93333 0.00967646 -0.00217003 0.0455418 1.03248 
1.96667 0.00984133 -0.00209906 0.042695 1.0443 
2 0.00997448 -0.00204362 0.0375683 1.05248 
2.03333 0.0101833 -0.00199486 0.0329946 1.0596 
2.06667 0.0103634 -0.00199932 0.0284695 1.06526 
2.1 0.0104019 -0.00198833 0.0237687 1.0692 
2.13333 0.0105575 -0.00210859 0.0224639 1.07558 
2.16667 0.0106682 -0.00219606 0.0243818 1.08533 
2.2 0.0108242 -0.00236902 0.027145 1.09672 
2.23333 0.0108885 -0.0024906 0.0311572 1.11051 
2.26667 0.0108878 -0.00265174 0.0371176 1.12793 
2.3 0.0109275 -0.00283384 0.0436093 1.14796 
2.33333 0.0109405 -0.00298853 0.0513492 1.17164 
2.36667 0.0109955 -0.00294986 0.0547893 1.19281 
2.4 0.0110472 -0.00282847 0.0560448 1.21256 
2.43333 0.0110438 -0.00259475 0.0523278 1.22685 
2.46667 0.0110775 -0.00241532 0.0489056 1.24026 
2.5 0.0110959 -0.00224496 0.0432826 1.24992 
2.53333 0.0111545 -0.00213294 0.0373945 1.2574 
2.56667 0.0113883 -0.00214313 0.0329581 1.26462 
2.6 0.0114083 -0.0021187 0.0297949 1.27188 
2.63333 0.0114253 -0.00221428 0.0265752 1.27801 
2.66667 0.0114961 -0.00232716 0.0270972 1.28748 
2.7 0.0115204 -0.00249333 0.0298439 1.29976 
2.73333 0.011553 -0.00264515 0.0329041 1.31332 
2.76667 0.0115034 -0.00275001 0.0379882 1.33029 
2.8 0.0114922 -0.00290457 0.0439502 1.34999 
2.83333 0.0114874 -0.00297983 0.0501896 1.372 
2.86667 0.0114293 -0.00293637 0.0557913 1.39535 
2.9 0.0114628 -0.00295155 0.0584887 1.41713 
2.93333 0.0114194 -0.00283963 0.0578927 1.43592 
2.96667 0.011448 -0.00278798 0.0550095 1.45181 
3 0.0115559 -0.00268011 0.0504871 1.46481 
3.03333 0.0116509 -0.00254051 0.0464433 1.47687 
3.06667 0.0118159 -0.00241222 0.0402896 1.48508 
3.1 0.0118985 -0.00243796 0.0352533 1.49257 
3.13333 0.0120051 -0.00247502 0.0302591 1.49842 
3.16667 0.0120627 -0.00267328 0.0301945 1.50843 
3.2 0.0121176 -0.00281582 0.0298318 1.51807 
3.23333 0.0121903 -0.00288535 0.0317945 1.53033 
3.26667 0.0121111 -0.00298593 0.0354931 1.5453 
3.3 0.0120432 -0.00315752 0.040671 1.56324 
3.33333 0.0120659 -0.0032906 0.0470806 1.58436 
3.36667 0.0120384 -0.00336335 0.0541047 1.60835 
3.4 0.0120199 -0.00335795 0.0578631 1.63082 
3.43333 0.0119733 -0.00323983 0.0583404 1.65067 
3.46667 0.0119602 -0.00309215 0.0568979 1.66841 
3.5 0.0121071 -0.00296322 0.0534167 1.68327 
3.53333 0.0121553 -0.00283699 0.0505654 1.69771 
3.56667 0.0122659 -0.00278366 0.0450957 1.70811 
3.6 0.0123486 -0.00275357 0.0386333 1.71551 
3.63333 0.0125379 -0.0026501 0.0337982 1.72268 
