0.254 30 -40 
0.364 30 -40 
0.441 30 -40 
0.535 30 -40 
0.613 30 -40 
0.693 30 -40 
0.755 30 -40 
0.818 30 -40 
0.88 30 -40 
0.974 30 -40 
1.051 30 -40 
1.114 30 -40 
1.192 30 -40 
1.255 30 -40 
1.332 30 -40 
1.396 30 -40 
1.458 30 -40 
1.52 30 -40 
1.583 30 -40 
1.644 30 -40 
1.723 30 -40 
1.785 30 -40 
1.849 30 -40 
1.911 30 -40 
1.989 30 -40 
2.051 30 -40 
2.13 30 -40 
2.192 30 -40 
2.255 30 -40 
2.316 30 -40 
2.38 30 -40 
2.442 30 -40 
2.52 30 -40 
2.582 30 -40 
2.66 30 -40 
2.723 30 -40 
2.786 30 -40 
2.849 30 -40 
2.927 30 -40 
2.99 30 -40 
3.051 30 -40 
3.114 30 -40 
3.176 30 -40 
3.239 30 -40 
3.332 30 -40 
3.395 30 -40 
3.458 30 -40 
3.521 30 -40 
3.582 30 -40 
3.646 30 -40 
3.724 30 -40 
3.786 30 -40 
3.848 30 -40 
3.912 30 -40 
3.973 30 -40 
4.052 30 -40 
4.13 30 -40 
4.191 30 -40 
4.255 30 -40 
4.318 30 -40 
4.379 30 -40 
4.442 30 -40 
4.521 30 -40 
4.599 30 -40 
4.661 30 -40 
4.723 30 -40 
4.785 30 -40 
4.848 30 -40 
4.927 30 -40 
4.989 30 -40 
5.051 30 -40 
5.113 30 -40 
5.176 30 -40 
5.239 30 -40 
5.332 30 -40 
5.395 30 -40 
5.458 30 -40 
5.52 30 -40 
5.584 30 -40 
5.645 30 -40 
5.722 30 -40 
5.785 30 -40 
5.847 30 -40 
5.91 30 -40 
5.989 30 -40 
6.052 30 -40 
6.129 30 -40 
6.192 30 -40 
6.255 30 -40 
6.317 30 -40 
6.379 30 -40 
6.443 30 -40 
6.52 30 -40 
6.598 30 -40 
6.66 30 -40 
6.723 30 -40 
6.786 30 -40 
6.847 30 -40 
6.926 30 -40 
6.988 30 -40 
7.067 30 -40 
7.145 30 -40 
7.207 30 -40 
7.286 30 -40 
7.364 30 -40 
7.427 30 -40 
7.489 30 -40 
7.551 30 -40 
7.614 30 -40 
7.677 30 -40 
