0.417 30 40 
0.527 30 40 
0.636 30 40 
0.714 30 40 
0.838 30 40 
0.947 30 40 
1.042 30 40 
1.151 30 40 
1.23 30 40 
1.338 30 40 
1.401 30 40 
1.479 30 40 
1.542 30 40 
1.652 30 40 
1.76 30 40 
1.838 30 40 
1.948 30 40 
2.026 30 40 
2.104 30 40 
2.167 30 40 
2.23 30 40 
2.292 30 40 
2.355 30 40 
2.416 30 40 
2.495 30 40 
2.605 30 40 
2.697 30 40 
2.76 30 40 
2.822 30 40 
2.902 30 40 
2.963 30 40 
3.041 30 40 
3.167 30 40 
3.245 30 40 
3.338 30 40 
3.401 30 40 
3.463 30 40 
3.542 30 40 
3.621 30 40 
3.698 30 40 
3.792 30 40 
3.855 30 40 
3.933 30 40 
3.995 30 40 
4.058 30 40 
4.136 30 40 
4.197 30 40 
4.26 30 40 
4.323 30 40 
4.416 30 40 
4.526 30 40 
4.604 30 40 
4.699 30 40 
4.824 30 40 
4.901 30 40 
4.98 30 40 
5.057 30 40 
5.135 30 40 
5.213 30 40 
5.292 30 40 
5.371 30 40 
5.433 30 40 
5.495 30 40 
5.557 30 40 
5.62 30 40 
5.699 30 40 
5.776 30 40 
5.87 30 40 
5.964 30 40 
6.058 30 40 
6.136 30 40 
6.198 30 40 
6.261 30 40 
6.323 30 40 
6.385 30 40 
6.449 30 40 
6.542 30 40 
6.636 30 40 
6.714 30 40 
6.808 30 40 
6.918 30 40 
7.01 30 40 
7.105 30 40 
7.198 30 40 
7.308 30 40 
7.401 30 40 
7.465 30 40 
7.526 30 40 
7.59 30 40 
7.65 30 40 
7.728 30 40 
7.808 30 40 
7.886 30 40 
7.964 30 40 
8.058 30 40 
8.135 30 40 
8.229 30 40 
8.292 30 40 
8.354 30 40 
8.417 30 40 
8.51 30 40 
8.635 30 40 
8.698 30 40 
8.76 30 40 
