0.328 30 40 
0.406 30 40 
0.516 30 40 
0.609 30 40 
0.718 30 40 
0.828 30 40 
0.907 30 40 
0.985 30 40 
1.079 30 40 
1.171 30 40 
1.265 30 40 
1.343 30 40 
1.423 30 40 
1.5 30 40 
1.609 30 40 
1.72 30 40 
1.797 30 40 
1.876 30 40 
1.969 30 40 
2.048 30 40 
2.125 30 40 
2.203 30 40 
2.282 30 40 
2.359 30 40 
2.422 30 40 
2.484 30 40 
2.563 30 40 
2.641 30 40 
2.718 30 40 
2.797 30 40 
2.89 30 40 
2.969 30 40 
3.032 30 40 
3.094 30 40 
3.157 30 40 
3.219 30 40 
3.281 30 40 
3.359 30 40 
3.438 30 40 
3.532 30 40 
3.626 30 40 
3.688 30 40 
3.766 30 40 
3.829 30 40 
3.906 30 40 
3.97 30 40 
4.048 30 40 
4.125 30 40 
4.202 30 40 
4.265 30 40 
4.359 30 40 
4.453 30 40 
4.562 30 40 
4.656 30 40 
4.719 30 40 
4.813 30 40 
4.891 30 40 
4.969 30 40 
5.047 30 40 
5.125 30 40 
5.188 30 40 
5.266 30 40 
5.328 30 40 
5.392 30 40 
5.5 30 40 
5.594 30 40 
5.656 30 40 
5.735 30 40 
5.798 30 40 
5.859 30 40 
5.921 30 40 
5.999 30 40 
6.079 30 40 
6.203 30 40 
6.297 30 40 
6.406 30 40 
6.484 30 40 
6.562 30 40 
6.626 30 40 
6.704 30 40 
6.781 30 40 
6.876 30 40 
6.969 30 40 
7.062 30 40 
7.125 30 40 
7.189 30 40 
7.25 30 40 
7.344 30 40 
7.423 30 40 
7.517 30 40 
7.594 30 40 
7.703 30 40 
7.797 30 40 
7.859 30 40 
7.922 30 40 
8.015 30 40 
8.094 30 40 
8.171 30 40 
8.251 30 40 
8.344 30 40 
8.423 30 40 
8.484 30 40 
8.579 30 40 
8.657 30 40 
8.735 30 40 
