0.7 0.0103467 0.00236022 -0.02982 -1.60504 
0.733333 0.010855 0.00259228 -0.0325626 -1.62265 
0.766667 0.0110676 0.00269356 -0.0346411 -1.63452 
0.8 0.0111814 0.00269574 -0.0428034 -1.65597 
0.833333 0.0113918 0.00288415 -0.0467673 -1.67448 
0.866667 0.0116038 0.00304285 -0.0527109 -1.69695 
0.9 0.0116204 0.00302243 -0.060128 -1.72338 
0.933333 0.0113763 0.00294769 -0.0632697 -1.74723 
0.966667 0.0114241 0.00286331 -0.0621 -1.76698 
1 0.0113752 0.00280698 -0.0560502 -1.78056 
1.03333 0.0115411 0.00284277 -0.0473104 -1.78892 
1.06667 0.0116276 0.00275693 -0.0422722 -1.79874 
1.1 0.0122197 0.00297446 -0.0358708 -1.80527 
1.13333 0.0123492 0.00324838 -0.0303713 -1.81074 
1.16667 0.0126252 0.00349827 -0.0270147 -1.8169 
1.2 0.0124812 0.00348716 -0.0362604 -1.83681 
1.23333 0.0124596 0.00359396 -0.0438538 -1.85787 
1.26667 0.0121184 0.00381684 -0.0489346 -1.87848 
1.3 0.0119994 0.00396298 -0.055039 -1.902 
1.33333 0.0120857 0.00396685 -0.0586213 -1.92457 
1.36667 0.0122376 0.00378822 -0.0621013 -1.94822 
1.4 0.0124444 0.0037008 -0.0601938 -1.96667 
1.43333 0.0125183 0.00357903 -0.0583893 -1.98461 
1.46667 0.0126714 0.00342322 -0.0559677 -2.00121 
1.5 0.0129463 0.00348037 -0.0471668 -2.00948 
1.53333 0.0131015 0.00351029 -0.0381508 -2.01456 
1.56667 0.0133123 0.00360558 -0.0311011 -2.01895 
1.6 0.0136231 0.00361151 -0.0296115 -2.02756 
1.63333 0.0136759 0.0039232 -0.024751 -2.03169 
1.66667 0.0138085 0.00414575 -0.0291081 -2.04509 
1.7 0.013782 0.00434478 -0.0362927 -2.06327 
1.73333 0.0139279 0.0043693 -0.0495595 -2.09103 
1.76667 0.0138935 0.00457586 -0.0562258 -2.11542 
1.8 0.0141456 0.00472052 -0.0572218 -2.13534 
1.83333 0.0139742 0.00454344 -0.0570352 -2.15419 
1.86667 0.0142927 0.00429671 -0.0566515 -2.17275 
1.9 0.014348 0.00412507 -0.0538137 -2.18828 
1.93333 0.0145122 0.00409446 -0.048777 -2.20027 
1.96667 0.0147699 0.00404305 -0.043977 -2.21087 
2 0.0149728 0.00395659 -0.042958 -2.22432 
2.03333 0.0152437 0.00414383 -0.0375989 -2.23232 
2.06667 0.015242 0.00431315 -0.0390258 -2.24653 
2.1 0.0152223 0.00461145 -0.037665 -2.25794 
2.13333 0.0152202 0.00479623 -0.0438403 -2.27778 
2.16667 0.0151324 0.00495459 -0.0514815 -2.30141 
2.2 0.0150716 0.00505388 -0.0575371 -2.32572 
2.23333 0.0149792 0.0050654 -0.0668575 -2.3559 
2.26667 0.0152383 0.00504157 -0.0709163 -2.38298 
2.3 0.0155446 0.00494532 -0.073117 -2.40922 
2.33333 0.0155844 0.00491534 -0.0701019 -2.43003 
2.36667 0.0158269 0.00475264 -0.0709093 -2.45435 
2.4 0.0157963 0.00467296 -0.0640028 -2.46984 
2.43333 0.0159338 0.00457359 -0.0571358 -2.48306 
2.46667 0.0159202 0.00462044 -0.0474836 -2.49071 
2.5 0.0159761 0.00455446 -0.0437278 -2.50211 
2.53333 0.0157982 0.0046076 -0.0468663 -2.52039 
2.56667 0.0157757 0.00483828 -0.052362 -2.5425 
2.6 0.0154371 0.00510847 -0.0542598 -2.56219 
2.63333 0.0153088 0.0053515 -0.0602599 -2.58736 
2.66667 0.0152357 0.00546462 -0.0660658 -2.6143 
2.7 0.0152254 0.00557082 -0.0695547 -2.64044 
2.73333 0.015425 0.00553395 -0.0691792 -2.66319 
2.76667 0.0154864 0.00541204 -0.0669995 -2.68367 
2.8 0.0159029 0.00521469 -0.0653852 -2.7041 
2.83333 0.0160468 0.00513969 -0.0613452 -2.72113 
2.86667 0.0164244 0.00516407 -0.0558042 -2.73503 
2.9 0.0167012 0.00526821 -0.0517109 -2.7488 
2.93333 0.0169113 0.00539137 -0.0495938 -2.76354 
2.96667 0.0170344 0.00552245 -0.0486095 -2.77891 
3 0.0168433 0.00578985 -0.0491873 -2.79579 
3.03333 0.0165955 0.0059878 -0.0521672 -2.81571 
3.06667 0.0164402 0.00627099 -0.0550395 -2.83649 
3.1 0.0161899 0.0064121 -0.0570778 -2.85724 
3.13333 0.0163342 0.00631076 -0.0613312 -2.88129 
3.16667 0.0164133 0.00629136 -0.0633971 -2.90417 
3.2 0.0164788 0.00614756 -0.0645355 -2.92665 
3.23333 0.0167571 0.00604365 -0.0638395 -2.94734 
3.26667 0.0169096 0.00601362 -0.0594407 -2.96342 
3.3 0.0170495 0.00586062 -0.0531316 -2.97579 
3.33333 0.0171715 0.00576461 -0.0474372 -2.98678 
3.36667 0.0173318 0.00575897 -0.0434989 -2.99794 
3.4 0.0174398 0.00580757 -0.0395337 -3.00776 
3.43333 0.0173982 0.0058798 -0.0395378 -3.02094 
