0.7 0.009702 0.00290191 -0.0280732 -0.950688 
0.733333 0.0100052 0.00320205 -0.0339915 -0.971015 
0.766667 0.0103149 0.00346738 -0.0352111 -0.982497 
0.8 0.01057 0.0036196 -0.0425199 -1.00244 
0.833333 0.0107931 0.00386922 -0.0437759 -1.01753 
0.866667 0.0111662 0.00377681 -0.0463759 -1.03534 
0.9 0.0113671 0.00370388 -0.0494711 -1.0545 
0.933333 0.01148 0.00359608 -0.0510071 -1.07286 
0.966667 0.0115078 0.00354166 -0.0487984 -1.0873 
1 0.0116698 0.00323855 -0.0457409 -1.09997 
1.03333 0.0119281 0.00312738 -0.040468 -1.10899 
1.06667 0.0120143 0.00300039 -0.0375028 -1.11898 
1.1 0.0123675 0.00309777 -0.0315836 -1.12449 
1.13333 0.0127338 0.00321018 -0.0294368 -1.13249 
1.16667 0.0129284 0.00338372 -0.0315556 -1.1448 
1.2 0.0131065 0.00363196 -0.037468 -1.1623 
1.23333 0.0131018 0.00383768 -0.0441979 -1.18273 
1.26667 0.0130386 0.00399083 -0.049248 -1.20342 
1.3 0.012825 0.00398215 -0.0534682 -1.22482 
1.33333 0.0128487 0.00385654 -0.0559369 -1.24556 
1.36667 0.0127507 0.00360496 -0.056321 -1.26466 
1.4 0.012901 0.00336536 -0.0504542 -1.27651 
1.43333 0.0133879 0.0032559 -0.0421556 -1.28353 
1.46667 0.0139495 0.00319264 -0.03663 -1.29106 
1.5 0.0142847 0.00315028 -0.0346248 -1.3009 
1.53333 0.014556 0.00332771 -0.0286735 -1.30542 
1.56667 0.0145823 0.00342054 -0.0288231 -1.31515 
1.6 0.01453 0.00368166 -0.0353752 -1.33249 
1.63333 0.014487 0.00394276 -0.0395893 -1.34926 
1.66667 0.014572 0.00408241 -0.046588 -1.37072 
1.7 0.0147412 0.00400918 -0.0539934 -1.39499 
1.73333 0.0147297 0.00398987 -0.0584502 -1.41825 
1.76667 0.0148301 0.00400154 -0.0589098 -1.43827 
1.8 0.0147523 0.00390908 -0.0544448 -1.45264 
1.83333 0.0147905 0.00365191 -0.0543805 -1.47071 
1.86667 0.0147006 0.00348528 -0.0520423 -1.48608 
1.9 0.0147902 0.00339331 -0.0451772 -1.49532 
1.93333 0.0148037 0.00324166 -0.0378668 -1.50175 
1.96667 0.0147521 0.0033435 -0.0317665 -1.50717 
2 0.0149064 0.00346 -0.0318632 -1.51788 
2.03333 0.0151768 0.00358572 -0.0346711 -1.53181 
2.06667 0.0150139 0.00382757 -0.0368168 -1.5459 
2.1 0.0150308 0.00409058 -0.0400046 -1.56194 
2.13333 0.0147693 0.00423653 -0.0494218 -1.58639 
2.16667 0.0144508 0.00422348 -0.058445 -1.61351 
2.2 0.0141203 0.00410099 -0.0628826 -1.63823 
2.23333 0.0140248 0.00394077 -0.0635585 -1.65999 
2.26667 0.0139912 0.00372987 -0.0628278 -1.68032 
2.3 0.0140532 0.00360573 -0.0584293 -1.69607 
2.33333 0.0140268 0.00347016 -0.0521837 -1.70817 
2.36667 0.0143017 0.00335743 -0.0445807 -1.71659 
2.4 0.0145484 0.00343144 -0.0382753 -1.72401 
2.43333 0.0146365 0.00361262 -0.0361448 -1.73425 
2.46667 0.014809 0.00393758 -0.0357288 -1.74581 
2.5 0.0149232 0.00409475 -0.0423804 -1.76557 
2.53333 0.0150835 0.0043721 -0.0512632 -1.79018 
2.56667 0.0151551 0.00473919 -0.0571593 -1.81423 
2.6 0.0153616 0.00493696 -0.0625297 -1.83962 
2.63333 0.0154725 0.00495195 -0.0683049 -1.86728 
2.66667 0.0154623 0.00501241 -0.0702376 -1.89233 
2.7 0.0157066 0.00487296 -0.0730562 -1.91907 
2.73333 0.0158048 0.00467855 -0.0718 -1.94194 
2.76667 0.0158727 0.00462924 -0.0636114 -1.95621 
2.8 0.0160835 0.00450359 -0.0586926 -1.97161 
2.83333 0.016066 0.00437784 -0.0538551 -1.98546 
2.86667 0.0163229 0.00450739 -0.0469485 -1.99526 
2.9 0.0165235 0.00467812 -0.0444525 -2.00796 
2.93333 0.0168301 0.00496186 -0.0442738 -2.02257 
2.96667 0.0168672 0.00522296 -0.045652 -2.03895 
3 0.0168678 0.00550931 -0.0497601 -2.05902 
3.03333 0.0168363 0.00569927 -0.056522 -2.08359 
3.06667 0.0167852 0.0059362 -0.0623032 -2.10925 
3.1 0.0166914 0.00600589 -0.0678755 -2.1366 
3.13333 0.016356 0.00592142 -0.0714075 -2.16339 
3.16667 0.0164516 0.00563027 -0.0722579 -2.1882 
3.2 0.0163877 0.00545673 -0.0701044 -2.20974 
3.23333 0.0164145 0.00534846 -0.0632301 -2.225 
3.26667 0.0166785 0.00520334 -0.0581897 -2.24012 
3.3 0.0168422 0.00513053 -0.0502231 -2.25012 
3.33333 0.016876 0.0052707 -0.0432814 -2.25866 
3.36667 0.0170123 0.00550355 -0.0422076 -2.27182 
3.4 0.0171883 0.00572161 -0.0452221 -2.28945 
