0.066667 0.040123 -0.035599 1.040361 -1.480600 0.742701 0.500833 
0.100000 0.075998 -0.013508 1.145570 -1.556790 0.738394 0.504372 
0.133333 0.160767 0.037385 1.267407 -1.517570 0.738801 0.499842 
0.166667 0.221928 0.070535 0.818826 -1.433330 0.742543 0.489911 
0.200000 0.190557 0.068898 -0.474939 -1.420330 0.747950 0.481768 
0.233333 0.118994 0.037193 -1.855493 -1.474650 0.748997 0.480235 
0.266667 0.072794 0.003524 -2.381773 -1.557380 0.751106 0.476136 
0.300000 0.056228 -0.008404 -2.175658 -1.687460 0.747022 0.474522 
0.333333 0.062876 -0.023225 -2.003012 -1.662710 0.750250 0.470894 
0.366667 0.102778 -0.019331 -1.637567 -1.744370 0.749047 0.472747 
0.400000 0.149483 0.034771 -0.159423 -1.847800 0.745111 0.464170 
0.433333 0.174781 0.093916 1.786935 -1.848120 0.744609 0.462350 
0.466667 0.197186 0.063753 2.377069 -1.619540 0.752477 0.450364 
0.500000 0.173113 0.035989 1.402446 -1.622420 0.750443 0.449091 
0.533333 0.129949 0.018365 0.231985 -1.616400 0.750572 0.439522 
0.566667 0.088138 0.027047 -0.440566 -1.617070 0.750784 0.438190 
0.600000 0.074013 0.035274 -0.775334 -1.603940 0.753597 0.436155 
0.633333 0.088907 0.042744 -0.828901 -1.685740 0.753303 0.432107 
0.666667 0.115090 0.041330 -0.775241 -1.686410 0.754904 0.431429 
0.700000 0.115699 0.032046 -1.091598 -1.711280 0.754882 0.423643 
0.733333 0.091002 0.006703 -1.847511 -1.746040 0.756786 0.420679 
0.766667 0.074449 -0.014383 -2.408364 -1.819610 0.755300 0.419727 
0.800000 0.087168 -0.010253 -2.203020 -1.952510 0.751907 0.416407 
0.833333 0.116415 -0.004425 -1.347565 -1.963870 0.753415 0.414789 
0.866667 0.140507 0.009538 -0.242592 -2.011850 0.751203 0.409420 
0.900000 0.142300 0.031793 0.797598 -2.014850 0.746952 0.404533 
0.933333 0.132592 0.051152 1.388067 -1.945030 0.749039 0.401486 
0.966667 0.124763 0.057130 1.270970 -1.909240 0.747755 0.394283 
1.000000 0.133165 0.042276 0.652724 -1.855980 0.750856 0.391764 
1.033330 0.160074 0.047559 -0.048237 -1.871380 0.748232 0.385591 
1.066670 0.189727 0.068574 -0.644818 -1.878850 0.747796 0.383083 
1.100000 0.191240 0.071800 -1.136244 -1.888100 0.750120 0.369838 
1.133330 0.160489 0.055662 -1.439475 -1.967970 0.750159 0.367705 
1.166670 0.127349 0.030251 -1.425233 -1.983630 0.748567 0.361051 
1.200000 0.096780 0.040180 -1.103939 -2.057760 0.747649 0.358119 
1.233330 0.085561 0.053016 -0.730338 -2.085540 0.746505 0.354604 
1.266670 0.108520 0.033973 -0.609210 -2.069940 0.749927 0.351552 
1.300000 0.145572 -0.002457 -0.665889 -2.134450 0.746734 0.347654 
1.333330 0.163360 -0.036892 -0.479982 -2.100590 0.743927 0.342021 
1.366670 0.157823 -0.005944 0.076616 -2.206010 0.736101 0.339713 
1.400000 0.147624 0.015206 0.629799 -2.092280 0.738132 0.334906 
1.433330 0.143704 0.050707 0.919351 -2.105830 0.734844 0.330211 
1.466670 0.133722 0.066096 0.882098 -2.111340 0.733023 0.325391 
1.500000 0.130407 0.043502 0.303112 -2.001480 0.735621 0.318528 
1.533330 0.138493 0.033973 -0.613739 -2.064250 0.732383 0.316765 
1.566670 0.161206 0.034833 -1.126041 -2.060560 0.734333 0.311784 
1.600000 0.155472 0.076768 -1.199728 -2.201240 0.726164 0.304736 
1.633330 0.147253 0.058271 -1.665361 -2.105770 0.731912 0.299396 
1.666670 0.137593 0.038120 -2.530121 -2.239690 0.729130 0.294644 
1.700000 0.149790 0.020026 -2.499976 -2.309290 0.726848 0.290540 
1.733330 0.157062 0.054433 -0.959545 -2.466670 0.720345 0.287548 
1.766670 0.174642 0.054691 0.743032 -2.407940 0.721698 0.281887 
1.800000 0.200093 0.014727 1.051316 -2.317040 0.716462 0.274211 
1.833330 0.212619 -0.011111 0.333868 -2.302880 0.714224 0.272691 
1.866670 0.199895 0.020757 -0.068827 -2.376270 0.703429 0.264987 
1.900000 0.174752 0.047990 0.057147 -2.325380 0.703793 0.261758 
1.933330 0.156762 0.072456 0.108759 -2.321590 0.702753 0.254756 
1.966670 0.147940 0.088486 -0.057675 -2.318580 0.698171 0.249320 
2.000000 0.137234 0.103366 -0.363270 -2.365980 0.698513 0.246477 
2.033330 0.138597 0.072839 -0.935695 -2.310300 0.698625 0.236074 
2.066670 0.130918 0.038822 -1.666812 -2.413370 0.696681 0.234932 
2.100000 0.127848 0.006045 -2.172688 -2.456860 0.692329 0.230921 
2.133330 0.124776 -0.000799 -2.185103 -2.528860 0.689903 0.227859 
2.166670 0.134404 0.008720 -1.655687 -2.625770 0.686096 0.226469 
2.200000 0.169475 0.011211 -0.833964 -2.646140 0.681708 0.223643 
2.233330 0.214831 0.011724 -0.162054 -2.665470 0.679086 0.219929 
2.266670 0.233028 0.012126 0.129700 -2.659950 0.668184 0.216495 
2.300000 0.207650 0.024292 0.229492 -2.637770 0.663540 0.211285 
2.333330 0.158626 0.057331 0.441868 -2.659130 0.658775 0.209184 
2.366670 0.123976 0.077157 0.626305 -2.640820 0.653718 0.203129 
2.400000 0.123539 0.070721 0.355716 -2.580330 0.656768 0.200052 
2.433330 0.133959 0.059750 -0.326309 -2.600310 0.649890 0.195270 
2.466670 0.140275 0.055619 -0.988663 -2.634990 0.648390 0.191500 
2.500000 0.144241 0.058935 -1.420468 -2.658610 0.644815 0.187926 
2.533330 0.148558 0.067355 -1.622898 -2.719210 0.641760 0.184112 
2.566670 0.153661 0.068145 -1.645523 -2.789290 0.637435 0.178958 
2.600000 0.167541 0.053407 -1.527571 -2.809540 0.633506 0.176051 
2.633330 0.187202 0.049515 -1.093527 -2.879110 0.628634 0.172669 
2.666670 0.205407 0.051670 -0.184479 -2.914280 0.622676 0.169298 
2.700000 0.212007 0.054326 0.782211 -2.893670 0.615140 0.166133 
2.733330 0.212116 0.053729 1.043484 -2.866290 0.608722 0.163804 
2.766670 0.214764 0.026623 0.495378 -2.761010 0.605794 0.156567 
2.800000 0.206257 0.050502 -0.192942 -2.862780 0.593663 0.156636 
2.833330 0.200637 0.057031 -0.703108 -2.831430 0.593179 0.153149 
2.866670 0.188456 0.058366 -1.209558 -2.834830 0.584382 0.146215 
2.900000 0.160267 0.061862 -1.519733 -2.928700 0.580475 0.144393 
2.933330 0.143798 0.060724 -1.558643 -2.970370 0.575091 0.142219 
