0.217 20 -50 
0.295 20 -50 
0.357 20 -50 
0.42 20 -50 
0.497 20 -50 
0.575 20 -50 
0.653 20 -50 
0.733 20 -50 
0.826 20 -50 
0.904 20 -50 
0.966 20 -50 
1.028 20 -50 
1.09 20 -50 
1.153 20 -50 
1.216 20 -50 
1.295 20 -50 
1.357 20 -50 
1.419 20 -50 
1.481 20 -50 
1.545 20 -50 
1.623 20 -50 
1.701 20 -50 
1.764 20 -50 
1.826 20 -50 
1.904 20 -50 
1.982 20 -50 
2.045 20 -50 
2.138 20 -50 
2.2 20 -50 
2.263 20 -50 
2.325 20 -50 
2.387 20 -50 
2.451 20 -50 
2.529 20 -50 
2.591 20 -50 
2.653 20 -50 
2.716 20 -50 
2.779 20 -50 
2.856 20 -50 
2.936 20 -50 
2.997 20 -50 
3.06 20 -50 
3.122 20 -50 
3.185 20 -50 
3.248 20 -50 
3.325 20 -50 
3.388 20 -50 
3.466 20 -50 
3.529 20 -50 
3.59 20 -50 
3.653 20 -50 
3.731 20 -50 
3.793 20 -50 
3.856 20 -50 
3.92 20 -50 
3.997 20 -50 
4.091 20 -50 
4.153 20 -50 
4.231 20 -50 
4.294 20 -50 
4.357 20 -50 
4.419 20 -50 
4.498 20 -50 
4.561 20 -50 
4.622 20 -50 
4.7 20 -50 
4.779 20 -50 
4.841 20 -50 
4.935 20 -50 
4.997 20 -50 
5.06 20 -50 
5.122 20 -50 
5.2 20 -50 
5.294 20 -50 
5.372 20 -50 
5.45 20 -50 
5.513 20 -50 
5.59 20 -50 
5.654 20 -50 
5.748 20 -50 
5.825 20 -50 
5.889 20 -50 
5.95 20 -50 
6.013 20 -50 
6.106 20 -50 
6.153 20 -50 
6.231 20 -50 
6.293 20 -50 
6.357 20 -50 
6.418 20 -50 
6.497 20 -50 
6.559 20 -50 
6.623 20 -50 
6.7 20 -50 
6.794 20 -50 
6.856 20 -50 
6.934 20 -50 
6.997 20 -50 
7.059 20 -50 
7.122 20 -50 
7.185 20 -50 
7.246 20 -50 
7.325 20 -50 
7.387 20 -50 
7.465 20 -50 
7.528 20 -50 
7.591 20 -50 
7.653 20 -50 
7.732 20 -50 
7.794 20 -50 
7.857 20 -50 
7.919 20 -50 
7.981 20 -50 
8.043 20 -50 
8.137 20 -50 
8.201 20 -50 
8.262 20 -50 
8.326 20 -50 
8.388 20 -50 
8.467 20 -50 
8.545 20 -50 
8.639 20 -50 
8.732 20 -50 
8.826 20 -50 
8.904 20 -50 
8.966 20 -50 
9.028 20 -50 
9.091 20 -50 
9.154 20 -50 
9.215 20 -50 
9.294 20 -50 
9.357 20 -50 
9.419 20 -50 
9.481 20 -50 
9.56 20 -50 
9.623 20 -50 
9.7 20 -50 
9.764 20 -50 
9.826 20 -50 
9.888 20 -50 
9.951 20 -50 
10.028 20 -50 
10.092 20 -50 
10.154 20 -50 
10.232 20 -50 
10.295 20 -50 
10.356 20 -50 
10.419 20 -50 
10.497 20 -50 
10.559 20 -50 
10.623 20 -50 
10.686 20 -50 
10.748 20 -50 
10.824 20 -50 
10.904 20 -50 
10.967 20 -50 
11.028 20 -50 
11.091 20 -50 
11.153 20 -50 
11.216 20 -50 
11.31 20 -50 
11.387 20 -50 
11.465 20 -50 
11.529 20 -50 
11.592 20 -50 
11.653 20 -50 
11.731 20 -50 
11.795 20 -50 
11.856 20 -50 
11.92 20 -50 
11.982 20 -50 
12.044 20 -50 
12.138 20 -50 
12.201 20 -50 
12.264 20 -50 
12.326 20 -50 
12.388 20 -50 
12.449 20 -50 
12.529 20 -50 
12.59 20 -50 
12.653 20 -50 
12.717 20 -50 
12.794 20 -50 
12.858 20 -50 
12.935 20 -50 
12.998 20 -50 
13.061 20 -50 
13.123 20 -50 
13.186 20 -50 
13.248 20 -50 
13.325 20 -50 
13.387 20 -50 
13.451 20 -50 
13.528 20 -50 
13.591 20 -50 
13.654 20 -50 
13.731 20 -50 
13.794 20 -50 
13.856 20 -50 
13.92 20 -50 
13.981 20 -50 
14.045 20 -50 
14.123 20 -50 
14.201 20 -50 
14.263 20 -50 
14.326 20 -50 
14.389 20 -50 
14.451 20 -50 
14.529 20 -50 
14.59 20 -50 
14.653 20 -50 
14.716 20 -50 
14.793 20 -50 
14.856 20 -50 
14.935 20 -50 
14.996 20 -50 
15.059 20 -50 
15.121 20 -50 
15.184 20 -50 
15.263 20 -50 
15.326 20 -50 
