0.7 0.0036013 0.000887998 -0.00727367 -0.118302 
0.733333 0.00381979 0.00106352 -0.00817289 -0.123909 
0.766667 0.00397588 0.00119726 -0.00937147 -0.128154 
0.8 0.00408268 0.00125401 -0.00961888 -0.131048 
0.833333 0.00413582 0.00139675 -0.0100677 -0.134696 
0.866667 0.00418632 0.00154098 -0.0113414 -0.139481 
0.9 0.00424386 0.00158732 -0.0144845 -0.146925 
0.933333 0.00422359 0.00164873 -0.0183692 -0.156352 
0.966667 0.00420288 0.00167214 -0.0206106 -0.165132 
1 0.0042527 0.00152324 -0.0225842 -0.174341 
1.03333 0.00431932 0.00136479 -0.0234399 -0.182885 
1.06667 0.00435573 0.00131637 -0.0222634 -0.189311 
1.1 0.00443959 0.00121737 -0.0187585 -0.192595 
1.13333 0.00447168 0.00112983 -0.015533 -0.195041 
1.16667 0.00451093 0.00117324 -0.011664 -0.195651 
1.2 0.00450754 0.00122857 -0.00847423 -0.195773 
1.23333 0.00449464 0.00127807 -0.00649646 -0.196263 
1.26667 0.00451994 0.00131846 -0.00780689 -0.199976 
1.3 0.0045625 0.00139732 -0.00915257 -0.204166 
1.33333 0.00469302 0.00152491 -0.0140241 -0.212968 
1.36667 0.00475593 0.00159514 -0.018715 -0.22318 
1.4 0.00474961 0.0015398 -0.0229664 -0.234437 
1.43333 0.00470595 0.00142334 -0.0253285 -0.244881 
1.46667 0.00470085 0.00125101 -0.0248615 -0.252772 
1.5 0.00474485 0.00112383 -0.0222449 -0.257971 
1.53333 0.00487307 0.00114461 -0.0186074 -0.261092 
1.56667 0.00492566 0.00105006 -0.0174139 -0.265885 
1.6 0.00495891 0.000954565 -0.0148321 -0.268642 
1.63333 0.00499188 0.00100821 -0.0121463 -0.270416 
1.66667 0.00518995 0.00113886 -0.00817026 -0.269771 
1.7 0.005247 0.00120646 -0.0102041 -0.274895 
1.73333 0.00523282 0.00134967 -0.0108204 -0.279024 
1.76667 0.00523545 0.00147735 -0.0124723 -0.284581 
1.8 0.0052099 0.00150368 -0.0158685 -0.292748 
1.83333 0.0051322 0.00155289 -0.0212192 -0.304353 
1.86667 0.00510206 0.00149468 -0.0257667 -0.316795 
1.9 0.00512709 0.00137964 -0.0274044 -0.327317 
1.93333 0.0052577 0.0012283 -0.0280841 -0.337254 
1.96667 0.00544228 0.00135092 -0.0278481 -0.346337 
2 0.00557047 0.00134137 -0.0250593 -0.352327 
2.03333 0.00565029 0.00127532 -0.0222737 -0.357392 
2.06667 0.00559562 0.00118533 -0.0169767 -0.358564 
2.1 0.00555112 0.00116735 -0.0123623 -0.358776 
2.13333 0.00555236 0.00128436 -0.00879811 -0.358689 
2.16667 0.00556178 0.00139209 -0.00856143 -0.361342 
2.2 0.00560307 0.00142263 -0.0115402 -0.367712 
2.23333 0.0056241 0.00151744 -0.015321 -0.376022 
2.26667 0.00562669 0.00152298 -0.0194005 -0.385945 
2.3 0.00565836 0.0015099 -0.0235469 -0.397306 
2.33333 0.00569362 0.00156543 -0.0279519 -0.410355 
2.36667 0.00577847 0.00148937 -0.0294675 -0.421462 
2.4 0.0057006 0.00132048 -0.0305998 -0.432621 
2.43333 0.00571331 0.00129586 -0.028795 -0.44069 
2.46667 0.00576956 0.00122133 -0.0268107 -0.447946 
2.5 0.00587523 0.00116973 -0.0245189 -0.454178 
2.53333 0.0060373 0.00122101 -0.0204168 -0.457508 
2.56667 0.00617397 0.00130294 -0.0157774 -0.458837 
2.6 0.00631748 0.00145063 -0.01317 -0.461018 
2.63333 0.00645379 0.00158599 -0.0134978 -0.465795 
2.66667 0.00648096 0.00173636 -0.0150135 -0.472084 
2.7 0.00646348 0.00157236 -0.0184615 -0.481159 
2.73333 0.0064383 0.00161388 -0.0227463 -0.492371 
2.76667 0.00642669 0.00158529 -0.0268488 -0.504795 
2.8 0.00652006 0.00155146 -0.0295083 -0.516884 
2.83333 0.00665883 0.0014961 -0.0292738 -0.526444 
2.86667 0.00673144 0.00141273 -0.0304627 -0.537605 
2.9 0.00668353 0.00137767 -0.0276596 -0.54445 
2.93333 0.00679691 0.00137404 -0.0226921 -0.547806 
2.96667 0.00690164 0.00133312 -0.0192527 -0.55131 
3 0.0069444 0.00130309 -0.0164315 -0.554398 
3.03333 0.0070809 0.00139055 -0.0132548 -0.556125 
3.06667 0.00715082 0.00145345 -0.0113051 -0.558241 
3.1 0.00710206 0.00158877 -0.011843 -0.562645 
3.13333 0.00708994 0.00168155 -0.0145512 -0.569789 
3.16667 0.00711632 0.00171916 -0.0176615 -0.578311 
3.2 0.00722015 0.00182903 -0.0220547 -0.589385 
3.23333 0.00723601 0.00184332 -0.0238274 -0.598829 
3.26667 0.00733625 0.00174911 -0.0252063 -0.608399 
3.3 0.00740539 0.00164889 -0.0257117 -0.617398 
3.33333 0.0075357 0.00153859 -0.0238927 -0.623821 
3.36667 0.00756708 0.00150463 -0.0212615 -0.628679 
3.4 0.00766187 0.00145648 -0.0169419 -0.630667 
3.43333 0.00768395 0.0015347 -0.0136221 -0.632396 
3.46667 0.00768787 0.0015894 -0.0114422 -0.634363 
3.5 0.00773872 0.00174305 -0.0108385 -0.637464 
3.53333 0.00769931 0.00178306 -0.0123221 -0.642829 
3.56667 0.00768736 0.0019257 -0.0167076 -0.652113 
3.6 0.00768136 0.00200495 -0.0197807 -0.66131 
3.63333 0.0077626 0.00207694 -0.0263049 -0.675605 
3.66667 0.00777029 0.00210598 -0.0289964 -0.68755 
3.7 0.00777295 0.00203644 -0.029877 -0.698255 
3.73333 0.0077434 0.00200825 -0.0307065 -0.709194 
3.76667 0.00771225 0.00185873 -0.030371 -0.719033 
3.8 0.00775227 0.00176007 -0.0273776 -0.725623 
3.83333 0.00790003 0.00164358 -0.0231899 -0.729806 
3.86667 0.00807552 0.00163968 -0.0211546 -0.735133 
3.9 0.00817455 0.00163423 -0.0177567 -0.738173 
3.93333 0.00813246 0.00165572 -0.0157846 -0.741764 
3.96667 0.00815087 0.00177836 -0.0166092 -0.747999 
4 0.008048 0.00195567 -0.0189911 -0.756347 
4.03333 0.00798562 0.00208685 -0.0223082 -0.766593 
4.06667 0.0078649 0.0022535 -0.0278779 -0.780604 
4.1 0.00789824 0.00224704 -0.0305619 -0.793065 
4.13333 0.00783714 0.00217027 -0.0348809 -0.808351 
4.16667 0.00785378 0.00203761 -0.0364555 -0.821837 
4.2 0.00792579 0.00191835 -0.035866 -0.833293 
4.23333 0.00797318 0.00178774 -0.0326263 -0.841424 
4.26667 0.00802207 0.00168184 -0.028081 -0.846933 
4.3 0.00803129 0.00158034 -0.0231117 -0.850428 
4.33333 0.0080558 0.00151838 -0.019807 -0.854231 
4.36667 0.00808489 0.00154208 -0.0151659 -0.855354 
4.4 0.00811534 0.00167631 -0.0148442 -0.86003 
4.43333 0.0081544 0.00192083 -0.0176592 -0.868301 
4.46667 0.00823332 0.00207187 -0.0196023 -0.876481 
4.5 0.0082674 0.00214631 -0.0214775 -0.885229 
4.53333 0.00822451 0.00220413 -0.0266153 -0.898453 
4.56667 0.008198 0.00220979 -0.0310687 -0.912582 
4.6 0.00807817 0.00214582 -0.0338544 -0.926226 
4.63333 0.00805726 0.00201686 -0.0341532 -0.937864 
4.66667 0.00805155 0.00189653 -0.0327424 -0.947583 
4.7 0.00808374 0.00171114 -0.0303551 -0.955679 
4.73333 0.00805872 0.00155072 -0.0273785 -0.962283 
4.76667 0.00816065 0.00140827 -0.0228301 -0.96604 
4.8 0.00822178 0.00129327 -0.0181756 -0.968156 
4.83333 0.00818756 0.00134213 -0.0158382 -0.971455 
4.86667 0.00820801 0.00142252 -0.0139988 -0.974563 
4.9 0.00821236 0.00164859 -0.0140849 -0.979331 
4.93333 0.00818319 0.00185716 -0.014461 -0.98447 
4.96667 0.00819004 0.00206172 -0.0185364 -0.994101 
5 0.00824502 0.0022228 -0.0222932 -1.00471 
5.03333 0.00820841 0.00226784 -0.0266168 -1.01725 
5.06667 0.00821425 0.00231116 -0.0308594 -1.03113 
5.1 0.00827507 0.00216744 -0.0326846 -1.04357 
5.13333 0.00822322 0.0019594 -0.0331146 -1.05497 
5.16667 0.00821379 0.00169797 -0.0294805 -1.06172 
5.2 0.00820781 0.00149672 -0.0266246 -1.06818 
5.23333 0.00821343 0.00152106 -0.0248282 -1.07493 
5.26667 0.00828059 0.0014628 -0.0207908 -1.07844 
5.3 0.00828881 0.00147552 -0.0168071 -1.08067 
5.33333 0.00833391 0.00143449 -0.0129797 -1.08175 
5.36667 0.00839498 0.00157867 -0.0124023 -1.0854 
5.4 0.00848346 0.00165324 -0.0130071 -1.09025 
5.43333 0.0084436 0.00180582 -0.0154096 -1.09742 
5.46667 0.00850607 0.00189808 -0.0183967 -1.10608 
5.5 0.00845336 0.00193752 -0.0218587 -1.1163 
5.53333 0.00838774 0.0019866 -0.0259875 -1.12846 
5.56667 0.00835535 0.00201098 -0.0292448 -1.14097 
5.6 0.00836995 0.00199569 -0.0309951 -1.15278 
5.63333 0.00843603 0.0018783 -0.0310347 -1.16316 
5.66667 0.00863845 0.00168009 -0.0295448 -1.17175 
5.7 0.00873966 0.00149481 -0.0248722 -1.17608 
5.73333 0.00874601 0.00138806 -0.0226557 -1.18175 
5.76667 0.00888562 0.00132716 -0.0195754 -1.18567 
5.8 0.00896207 0.00125342 -0.0145112 -1.18622 
5.83333 0.00901665 0.00133042 -0.0128537 -1.1891 
5.86667 0.00915038 0.00145968 -0.0132286 -1.19382 
5.9 0.00925344 0.0016406 -0.0157283 -1.20118 
5.93333 0.00930933 0.00184991 -0.0201033 -1.21159 
5.96667 0.00947638 0.0018869 -0.0234362 -1.22223 
6 0.00954671 0.00200603 -0.0274868 -1.23482 
6.03333 0.00956469 0.00203804 -0.031183 -1.24835 
6.06667 0.00959324 0.00206118 -0.0333424 -1.26129 
6.1 0.00963526 0.0019587 -0.0326088 -1.27154 
6.13333 0.00967688 0.00185544 -0.0318404 -1.2815 
6.16667 0.0098216 0.0017093 -0.0284733 -1.28814 
