0.7 0.00263053 0.00030144 -0.0129594 -0.588715 
0.733333 0.00280159 0.000284882 -0.0113895 -0.593077 
0.766667 0.00292554 0.000306226 -0.00981246 -0.595546 
0.8 0.00306904 0.00040312 -0.00660991 -0.594736 
0.833333 0.00315134 0.000422375 -0.00533529 -0.595302 
0.866667 0.00327738 0.000516744 -0.00646936 -0.598372 
0.9 0.00331654 0.000696731 -0.00815665 -0.602464 
0.933333 0.00333546 0.000800776 -0.010784 -0.608263 
0.966667 0.00335843 0.000781098 -0.0158959 -0.617901 
1 0.00337854 0.000859619 -0.0193519 -0.627282 
1.03333 0.00339552 0.000789099 -0.0240068 -0.639233 
1.06667 0.00345053 0.000642571 -0.0248886 -0.648279 
1.1 0.00344504 0.000545684 -0.0236792 -0.655148 
1.13333 0.0034504 0.000425311 -0.0219578 -0.661009 
1.16667 0.00348147 0.000330064 -0.0192524 -0.665135 
1.2 0.00355104 0.000281389 -0.0149461 -0.666469 
1.23333 0.00366963 0.000251443 -0.0110663 -0.666871 
1.26667 0.00377746 0.000255489 -0.00638563 -0.665035 
1.3 0.00396085 0.000425371 -0.00375741 -0.664061 
1.33333 0.00400392 0.0005911 -0.00440863 -0.666082 
1.36667 0.0040438 0.000732678 -0.00668197 -0.670235 
1.4 0.00409524 0.000863308 -0.0101841 -0.676596 
1.43333 0.00411164 0.000909977 -0.0164503 -0.687388 
1.46667 0.00412281 0.000957552 -0.021465 -0.698791 
1.5 0.00414457 0.000952199 -0.0248284 -0.709917 
1.53333 0.00420578 0.000854659 -0.0271886 -0.720979 
1.56667 0.00428487 0.000764431 -0.0264784 -0.729203 
1.6 0.00433248 0.000610713 -0.0249866 -0.736268 
1.63333 0.00446447 0.000491718 -0.021338 -0.74029 
1.66667 0.00462735 0.000501617 -0.0181849 -0.743681 
1.7 0.00470554 0.000551496 -0.0136739 -0.744417 
1.73333 0.00478311 0.000546238 -0.0101047 -0.744762 
1.76667 0.00490598 0.000699674 -0.00722951 -0.744736 
1.8 0.00498023 0.000821549 -0.00884576 -0.749054 
1.83333 0.00506196 0.000925767 -0.0103134 -0.753735 
1.86667 0.00513401 0.00105569 -0.0122379 -0.759445 
1.9 0.00518305 0.00113975 -0.0162011 -0.768203 
1.93333 0.00522784 0.00114158 -0.0208038 -0.779036 
1.96667 0.00529738 0.00111966 -0.0242822 -0.790077 
2 0.00537524 0.00105663 -0.026201 -0.800436 
2.03333 0.00538967 0.000894685 -0.0269541 -0.810059 
2.06667 0.00550942 0.000752482 -0.0258853 -0.817782 
2.1 0.0055618 0.00063964 -0.0223066 -0.822186 
2.13333 0.00565248 0.000589011 -0.0184823 -0.825107 
2.16667 0.00579123 0.000561582 -0.0138946 -0.825852 
2.2 0.005905 0.000607762 -0.0105299 -0.826512 
2.23333 0.00600664 0.000691222 -0.0099343 -0.829318 
2.26667 0.00606158 0.000822326 -0.0117836 -0.834813 
2.3 0.00608682 0.00102118 -0.0156291 -0.84328 
2.33333 0.00607725 0.00114206 -0.0174827 -0.850678 
2.36667 0.00607453 0.00118475 -0.0210749 -0.860746 
2.4 0.00605788 0.0011665 -0.0238427 -0.871038 
2.43333 0.0061477 0.00107354 -0.0257761 -0.881268 
2.46667 0.00623535 0.000949709 -0.026697 -0.890947 
2.5 0.00622666 0.000810978 -0.0267743 -0.899937 
2.53333 0.00630494 0.000630809 -0.0235801 -0.905092 
2.56667 0.00633827 0.000525717 -0.0209548 -0.909853 
2.6 0.00642459 0.00044261 -0.0176911 -0.912985 
2.63333 0.0065131 0.000508031 -0.0156909 -0.916521 
2.66667 0.00664611 0.000593073 -0.0133365 -0.918972 
2.7 0.00667151 0.000755599 -0.0134769 -0.923583 
2.73333 0.00668624 0.000821853 -0.0151398 -0.930038 
2.76667 0.00663194 0.000985061 -0.0170526 -0.937343 
2.8 0.00663184 0.00105558 -0.0198216 -0.946296 
2.83333 0.00663306 0.00110042 -0.0242103 -0.958084 
2.86667 0.00665399 0.00107516 -0.0268585 -0.96928 
2.9 0.00656633 0.00102789 -0.0278573 -0.979412 
2.93333 0.00659361 0.000915882 -0.0276629 -0.988468 
2.96667 0.00670612 0.000807556 -0.0250272 -0.994578 
3 0.00680174 0.000667006 -0.0209422 -0.998098 
3.03333 0.00686387 0.000531951 -0.016337 -0.999642 
3.06667 0.00698043 0.000526632 -0.0132416 -1.00143 
3.1 0.00699261 0.000613437 -0.0114143 -1.00369 
3.13333 0.00704727 0.000700503 -0.0108836 -1.00687 
3.16667 0.00704009 0.000798683 -0.0114602 -1.01118 
3.2 0.0070018 0.000963036 -0.0143093 -1.01836 
3.23333 0.00702547 0.00103277 -0.0162841 -1.02546 
3.26667 0.0070355 0.00114547 -0.0216044 -1.03717 
3.3 0.00708555 0.00122357 -0.0256336 -1.04913 
3.33333 0.00712171 0.00118757 -0.0282154 -1.06072 
3.36667 0.00719612 0.00105165 -0.0265551 -1.06817 
3.4 0.00716185 0.000956099 -0.0254857 -1.07576 
3.43333 0.00727726 0.000803868 -0.0232312 -1.08159 
3.46667 0.00737451 0.000820019 -0.0199027 -1.0854 
3.5 0.00758959 0.000647214 -0.016071 -1.08751 
3.53333 0.00771606 0.000649665 -0.0140365 -1.09047 
3.56667 0.00788274 0.000724446 -0.011919 -1.09265 
3.6 0.00792057 0.00086367 -0.0132068 -1.09814 
3.63333 0.00801968 0.000966207 -0.0153491 -1.10507 
3.66667 0.00811943 0.00110737 -0.0182746 -1.11364 
3.7 0.00808206 0.00113476 -0.0220444 -1.12418 
3.73333 0.00802921 0.0011952 -0.0250367 -1.13506 
3.76667 0.00805357 0.00114199 -0.0273831 -1.14618 
3.8 0.00808092 0.00106938 -0.0293332 -1.15761 
3.83333 0.00808266 0.000922541 -0.029903 -1.16806 
3.86667 0.0081158 0.000852586 -0.0284828 -1.17635 
3.9 0.0081658 0.000790414 -0.0268121 -1.18387 
3.93333 0.00829248 0.000691524 -0.0223583 -1.18755 
3.96667 0.00833999 0.000761556 -0.020444 -1.19275 
4 0.00845664 0.000835605 -0.0165949 -1.19502 
4.03333 0.00853356 0.000869126 -0.0144047 -1.19796 
4.06667 0.00855391 0.00100946 -0.0155836 -1.20416 
4.1 0.0086012 0.00109705 -0.0198838 -1.21443 
4.13333 0.00869757 0.00116476 -0.0235832 -1.22542 
4.16667 0.00869637 0.00118767 -0.0253922 -1.23542 
4.2 0.00869003 0.00107691 -0.0280615 -1.24703 
4.23333 0.00865105 0.00107999 -0.0314898 -1.26044 
4.26667 0.00865976 0.00101708 -0.0303174 -1.26955 
4.3 0.00875045 0.000839187 -0.0303923 -1.27974 
4.33333 0.00880757 0.000737008 -0.0248276 -1.2833 
4.36667 0.00887528 0.000720282 -0.0220262 -1.28827 
4.4 0.00888181 0.000697959 -0.018244 -1.29115 
4.43333 0.00893562 0.000755554 -0.0155857 -1.29409 
4.46667 0.00895628 0.000864383 -0.0160387 -1.29982 
4.5 0.00893759 0.00100592 -0.017943 -1.30742 
4.53333 0.00882848 0.0011358 -0.0197815 -1.31557 
4.56667 0.00882254 0.00122871 -0.020425 -1.32292 
4.6 0.00880557 0.00123997 -0.0225694 -1.33226 
4.63333 0.00889692 0.00123345 -0.0253771 -1.3431 
4.66667 0.00898255 0.00123554 -0.0289116 -1.35573 
4.7 0.00905483 0.00115265 -0.030295 -1.367 
4.73333 0.00910847 0.000983041 -0.0310877 -1.37804 
4.76667 0.00907325 0.000908819 -0.0299884 -1.3871 
4.8 0.00911649 0.000799088 -0.0272544 -1.39387 
4.83333 0.00908612 0.000748922 -0.0222764 -1.39708 
4.86667 0.00904264 0.00063879 -0.0189747 -1.40061 
4.9 0.00903636 0.000721452 -0.0165289 -1.40404 
4.93333 0.00904864 0.000930328 -0.0170215 -1.41013 
4.96667 0.00904788 0.0010914 -0.0184487 -1.41749 
5 0.00895284 0.00123503 -0.0224317 -1.42834 
5.03333 0.00882284 0.00139518 -0.0246545 -1.43845 
5.06667 0.00888146 0.00143608 -0.030548 -1.45362 
5.1 0.00893067 0.00132965 -0.0334463 -1.46722 
5.13333 0.00896104 0.00123492 -0.0364999 -1.48198 
5.16667 0.00897021 0.00113548 -0.0360559 -1.49362 
5.2 0.00903612 0.00103242 -0.0324794 -1.50142 
5.23333 0.00912354 0.000938724 -0.029133 -1.50829 
5.26667 0.0093083 0.000858326 -0.0249706 -1.51309 
5.3 0.0094523 0.000820917 -0.0242235 -1.52053 
5.33333 0.00956562 0.000796274 -0.0239331 -1.52826 
5.36667 0.00951848 0.000888576 -0.0238886 -1.53619 
5.4 0.00928197 0.00110732 -0.0236894 -1.54392 
5.43333 0.00919352 0.0011468 -0.0243113 -1.55255 
5.46667 0.00918808 0.00131375 -0.0278429 -1.56482 
5.5 0.00924935 0.0013825 -0.0319017 -1.57889 
5.53333 0.00928479 0.00143241 -0.0342085 -1.59225 
5.56667 0.00936711 0.00136465 -0.0388784 -1.60917 
5.6 0.00943994 0.00140776 -0.0402765 -1.62377 
5.63333 0.00944455 0.00129389 -0.0408919 -1.63793 
5.66667 0.00945705 0.00116459 -0.038025 -1.64817 
5.7 0.00948461 0.00108774 -0.0332118 -1.65517 
5.73333 0.00962545 0.000930576 -0.0294034 -1.66174 
5.76667 0.00962073 0.000920855 -0.025648 -1.66711 
5.8 0.00953368 0.00099118 -0.023841 -1.67353 
5.83333 0.00950516 0.00109768 -0.0228398 -1.68029 
5.86667 0.00944964 0.0012713 -0.0238695 -1.68912 
5.9 0.00948004 0.00144786 -0.0265607 -1.70025 
5.93333 0.00954242 0.0015044 -0.0319308 -1.71545 
5.96667 0.00948942 0.00158188 -0.036125 -1.73104 
6 0.00948244 0.0015743 -0.0433981 -1.75167 
6.03333 0.0094827 0.00158767 -0.0441276 -1.76699 
6.06667 0.00952211 0.00159743 -0.0413751 -1.77845 
6.1 0.00971682 0.00160836 -0.0365996 -1.78661 
6.13333 0.00999916 0.00140448 -0.0350624 -1.79699 
6.16667 0.0101926 0.00141412 -0.030842 -1.8037 
