0.271 20 30 
0.349 20 30 
0.443 20 30 
0.522 20 30 
0.614 20 30 
0.692 20 30 
0.755 20 30 
0.833 20 30 
0.926 20 30 
1.004 20 30 
1.098 20 30 
1.192 20 30 
1.256 20 30 
1.318 20 30 
1.396 20 30 
1.458 20 30 
1.521 20 30 
1.584 20 30 
1.645 20 30 
1.724 20 30 
1.817 20 30 
1.881 20 30 
1.958 20 30 
2.036 20 30 
2.114 20 30 
2.208 20 30 
2.287 20 30 
2.348 20 30 
2.411 20 30 
2.489 20 30 
2.567 20 30 
2.629 20 30 
2.692 20 30 
2.754 20 30 
2.833 20 30 
2.895 20 30 
2.959 20 30 
3.067 20 30 
3.161 20 30 
3.255 20 30 
3.333 20 30 
3.412 20 30 
3.489 20 30 
3.553 20 30 
3.615 20 30 
3.708 20 30 
3.802 20 30 
3.897 20 30 
3.989 20 30 
4.068 20 30 
4.129 20 30 
4.192 20 30 
4.27 20 30 
4.348 20 30 
4.426 20 30 
4.49 20 30 
4.568 20 30 
4.661 20 30 
4.739 20 30 
4.848 20 30 
4.928 20 30 
5.005 20 30 
5.067 20 30 
5.161 20 30 
5.286 20 30 
5.365 20 30 
5.443 20 30 
5.521 20 30 
5.583 20 30 
5.662 20 30 
5.724 20 30 
5.802 20 30 
5.91 20 30 
5.99 20 30 
6.068 20 30 
6.129 20 30 
6.192 20 30 
6.254 20 30 
6.349 20 30 
6.442 20 30 
6.521 20 30 
6.599 20 30 
6.661 20 30 
6.74 20 30 
6.818 20 30 
6.896 20 30 
6.959 20 30 
7.037 20 30 
7.13 20 30 
7.224 20 30 
7.287 20 30 
7.38 20 30 
7.459 20 30 
7.522 20 30 
7.582 20 30 
7.645 20 30 
7.723 20 30 
7.801 20 30 
7.912 20 30 
7.989 20 30 
8.052 20 30 
8.161 20 30 
8.239 20 30 
8.334 20 30 
8.411 20 30 
8.505 20 30 
8.614 20 30 
8.693 20 30 
8.755 20 30 
8.85 20 30 
8.927 20 30 
8.989 20 30 
9.068 20 30 
9.161 20 30 
9.224 20 30 
9.287 20 30 
9.365 20 30 
9.442 20 30 
9.521 20 30 
9.598 20 30 
9.693 20 30 
9.77 20 30 
9.879 20 30 
9.958 20 30 
10.037 20 30 
10.131 20 30 
10.192 20 30 
10.286 20 30 
10.381 20 30 
10.475 20 30 
10.553 20 30 
10.63 20 30 
10.693 20 30 
10.755 20 30 
10.819 20 30 
10.881 20 30 
10.958 20 30 
11.021 20 30 
11.099 20 30 
11.193 20 30 
11.27 20 30 
11.379 20 30 
11.459 20 30 
11.521 20 30 
11.584 20 30 
11.661 20 30 
11.74 20 30 
11.817 20 30 
11.927 20 30 
11.989 20 30 
12.053 20 30 
12.145 20 30 
12.225 20 30 
12.318 20 30 
12.397 20 30 
12.475 20 30 
12.568 20 30 
12.631 20 30 
12.709 20 30 
12.787 20 30 
12.849 20 30 
12.927 20 30 
12.989 20 30 
13.067 20 30 
13.176 20 30 
13.254 20 30 
13.333 20 30 
13.395 20 30 
13.458 20 30 
13.521 20 30 
13.598 20 30 
13.692 20 30 
13.756 20 30 
13.834 20 30 
13.927 20 30 
14.005 20 30 
14.084 20 30 
14.161 20 30 
14.225 20 30 
14.302 20 30 
14.381 20 30 
14.49 20 30 
14.568 20 30 
14.677 20 30 
14.787 20 30 
14.848 20 30 
