0.258 20 30 
0.352 20 30 
0.446 20 30 
0.525 20 30 
0.602 20 30 
0.695 20 30 
0.758 20 30 
0.82 20 30 
0.898 20 30 
0.961 20 30 
1.04 20 30 
1.117 20 30 
1.197 20 30 
1.306 20 30 
1.383 20 30 
1.461 20 30 
1.525 20 30 
1.587 20 30 
1.681 20 30 
1.759 20 30 
1.822 20 30 
1.899 20 30 
1.962 20 30 
2.041 20 30 
2.165 20 30 
2.26 20 30 
2.352 20 30 
2.415 20 30 
2.524 20 30 
2.618 20 30 
2.68 20 30 
2.758 20 30 
2.853 20 30 
2.947 20 30 
3.024 20 30 
3.086 20 30 
3.164 20 30 
3.258 20 30 
3.336 20 30 
3.415 20 30 
3.508 20 30 
3.586 20 30 
3.65 20 30 
3.728 20 30 
3.806 20 30 
3.9 20 30 
3.978 20 30 
4.057 20 30 
4.133 20 30 
4.227 20 30 
4.289 20 30 
4.353 20 30 
4.414 20 30 
4.492 20 30 
4.556 20 30 
4.633 20 30 
4.743 20 30 
4.822 20 30 
4.9 20 30 
4.994 20 30 
5.071 20 30 
5.15 20 30 
5.212 20 30 
5.291 20 30 
5.368 20 30 
5.43 20 30 
5.494 20 30 
5.556 20 30 
5.634 20 30 
5.696 20 30 
5.76 20 30 
5.869 20 30 
5.977 20 30 
6.056 20 30 
6.134 20 30 
6.242 20 30 
6.32 20 30 
6.383 20 30 
6.461 20 30 
6.555 20 30 
6.634 20 30 
6.728 20 30 
6.789 20 30 
6.853 20 30 
6.93 20 30 
6.994 20 30 
7.056 20 30 
7.15 20 30 
7.227 20 30 
7.305 20 30 
7.368 20 30 
7.462 20 30 
7.525 20 30 
7.602 20 30 
7.696 20 30 
7.759 20 30 
7.82 20 30 
7.898 20 30 
7.977 20 30 
8.055 20 30 
8.133 20 30 
8.197 20 30 
8.289 20 30 
8.353 20 30 
8.415 20 30 
8.508 20 30 
8.602 20 30 
8.711 20 30 
8.79 20 30 
8.869 20 30 
8.93 20 30 
8.994 20 30 
9.055 20 30 
9.135 20 30 
9.213 20 30 
9.307 20 30 
9.398 20 30 
9.462 20 30 
9.587 20 30 
9.68 20 30 
9.774 20 30 
9.883 20 30 
9.946 20 30 
10.024 20 30 
10.086 20 30 
10.165 20 30 
10.244 20 30 
10.321 20 30 
10.416 20 30 
10.494 20 30 
10.571 20 30 
10.68 20 30 
10.759 20 30 
10.821 20 30 
10.899 20 30 
10.963 20 30 
11.056 20 30 
11.117 20 30 
11.196 20 30 
11.29 20 30 
11.352 20 30 
11.43 20 30 
11.493 20 30 
11.555 20 30 
11.617 20 30 
11.712 20 30 
11.789 20 30 
11.868 20 30 
11.962 20 30 
12.056 20 30 
12.134 20 30 
12.196 20 30 
12.258 20 30 
12.322 20 30 
12.384 20 30 
12.447 20 30 
12.524 20 30 
12.603 20 30 
12.696 20 30 
12.76 20 30 
12.851 20 30 
12.931 20 30 
12.992 20 30 
13.056 20 30 
13.117 20 30 
13.181 20 30 
13.243 20 30 
13.337 20 30 
13.43 20 30 
13.492 20 30 
13.556 20 30 
13.619 20 30 
13.696 20 30 
13.759 20 30 
13.837 20 30 
13.916 20 30 
13.978 20 30 
14.055 20 30 
14.134 20 30 
14.213 20 30 
14.291 20 30 
14.352 20 30 
14.431 20 30 
14.493 20 30 
14.571 20 30 
