0.533333 0.051496 -0.016682 -0.192870 -0.178871 0.679767 0.617212 
0.566667 0.060411 -0.038510 0.133324 -0.169049 0.682208 0.616442 
0.600000 0.059526 -0.039824 0.449913 -0.173642 0.683301 0.613297 
0.633333 0.050106 -0.020267 0.624950 -0.155661 0.685308 0.612141 
0.666667 0.042445 0.001609 0.495531 -0.110507 0.686913 0.612266 
0.700000 0.046225 0.013714 0.262553 -0.106220 0.688242 0.612041 
0.733333 0.055606 0.016509 0.218257 -0.130946 0.688381 0.613244 
0.766667 0.057230 0.012656 0.209862 -0.086260 0.693549 0.612297 
0.800000 0.051456 0.014712 -0.109132 -0.104752 0.693150 0.613500 
0.833333 0.052848 0.015905 -0.688897 -0.085984 0.695149 0.613190 
0.866667 0.055922 0.016373 -1.065744 -0.143154 0.697131 0.613934 
0.900000 0.052983 0.005539 -0.919930 -0.187516 0.699708 0.613983 
0.933333 0.047936 -0.013730 -0.449659 -0.203878 0.700739 0.614002 
0.966667 0.046194 -0.027786 -0.033524 -0.197572 0.701917 0.612422 
1.000000 0.050953 -0.027790 0.200766 -0.217316 0.703826 0.610750 
1.033330 0.062927 -0.024325 0.364977 -0.170381 0.705222 0.610245 
1.066670 0.078078 -0.015167 0.560506 -0.203927 0.705974 0.608875 
1.100000 0.072537 -0.011463 0.650557 -0.149845 0.711014 0.607959 
1.133330 0.051125 0.000550 0.453466 -0.128921 0.712544 0.607275 
1.166670 0.046453 0.017484 0.099062 -0.126468 0.713338 0.607205 
1.200000 0.067769 0.029581 -0.160947 -0.132556 0.713715 0.608498 
1.233330 0.080844 0.027389 -0.316591 -0.136105 0.718304 0.608687 
1.266670 0.065116 0.011612 -0.533527 -0.158737 0.722474 0.609187 
1.300000 0.046318 -0.008893 -0.832415 -0.151970 0.721435 0.609690 
1.333330 0.047065 -0.012808 -0.989228 -0.221710 0.723753 0.607361 
1.366670 0.054217 -0.004566 -0.784879 -0.227937 0.725244 0.607880 
1.400000 0.053283 0.007538 -0.243770 -0.263196 0.727155 0.606662 
1.433330 0.051871 0.007750 0.310175 -0.274543 0.729734 0.606710 
1.466670 0.064954 -0.008198 0.541906 -0.209496 0.730148 0.607429 
1.500000 0.082057 -0.018207 0.546846 -0.224119 0.731813 0.605704 
1.533330 0.080271 -0.017474 0.561888 -0.215075 0.737482 0.603408 
1.566670 0.068221 -0.012330 0.453171 -0.172685 0.737798 0.603361 
1.600000 0.068127 -0.005096 0.047065 -0.167941 0.739153 0.603292 
1.633330 0.070538 0.007105 -0.455296 -0.177278 0.742641 0.601943 
1.666670 0.059969 0.023908 -0.695400 -0.193546 0.745400 0.601528 
1.700000 0.044525 0.031823 -0.559106 -0.240304 0.746110 0.603630 
1.733330 0.041707 0.018925 -0.335190 -0.236692 0.748545 0.603171 
1.766670 0.051596 -0.000417 -0.388274 -0.246162 0.749445 0.604647 
1.800000 0.067699 -0.010494 -0.643982 -0.248954 0.751485 0.601707 
1.833330 0.078711 -0.005423 -0.679330 -0.296955 0.753272 0.602325 
1.866670 0.075997 -0.003291 -0.371987 -0.320794 0.757185 0.600430 
1.900000 0.067343 -0.014792 -0.044150 -0.310636 0.758202 0.599734 
1.933330 0.067459 -0.027559 0.143324 -0.296760 0.761109 0.600104 
1.966670 0.079452 -0.019416 0.360639 -0.322694 0.761239 0.595426 
2.000000 0.086238 -0.000262 0.575195 -0.286822 0.764992 0.595871 
2.033330 0.078078 0.016732 0.490441 -0.265908 0.768530 0.595777 
2.066670 0.062377 0.022408 0.069223 -0.247237 0.769993 0.594303 
2.100000 0.054196 0.021275 -0.337012 -0.259926 0.772453 0.596970 
2.133330 0.057659 0.018158 -0.429565 -0.283648 0.773787 0.594990 
2.166670 0.063440 0.016645 -0.331470 -0.299674 0.776249 0.596139 
2.200000 0.061265 0.015640 -0.377060 -0.290582 0.778432 0.595599 
2.233330 0.051309 0.019520 -0.645566 -0.314532 0.781000 0.595688 
2.266670 0.047709 0.021314 -0.899140 -0.345949 0.781919 0.594933 
2.300000 0.060537 0.007549 -0.805967 -0.360091 0.783408 0.596416 
2.333330 0.081444 -0.012946 -0.250876 -0.416387 0.786903 0.596020 
2.366670 0.095072 -0.026298 0.337493 -0.408245 0.787628 0.591432 
2.400000 0.098936 -0.028119 0.420710 -0.342467 0.792302 0.591151 
2.433330 0.102891 -0.014301 0.177098 -0.370847 0.792984 0.589073 
2.466670 0.098842 -0.000599 0.173075 -0.362984 0.797817 0.587414 
2.500000 0.083412 0.018954 0.411835 -0.367911 0.800337 0.586148 
2.533330 0.069089 0.029707 0.394086 -0.330900 0.802843 0.586119 
2.566670 0.067353 0.025712 -0.061699 -0.308978 0.805319 0.587685 
2.600000 0.074997 0.018796 -0.596220 -0.351065 0.807472 0.587047 
2.633330 0.084432 0.017334 -0.871722 -0.361349 0.810619 0.585554 
2.666670 0.085835 0.021680 -0.897268 -0.402689 0.812671 0.586299 
2.700000 0.077272 0.014076 -0.794123 -0.422220 0.816822 0.585330 
2.733330 0.066462 -0.001786 -0.595346 -0.449834 0.818853 0.584809 
2.766670 0.066183 -0.015416 -0.312891 -0.470152 0.819431 0.583223 
2.800000 0.074068 -0.021479 -0.035516 -0.468943 0.821986 0.582255 
2.833330 0.080076 -0.019810 0.138962 -0.469962 0.824129 0.579192 
2.866670 0.083047 -0.015565 0.232312 -0.455069 0.825933 0.578548 
2.900000 0.085869 -0.007143 0.335618 -0.458351 0.828201 0.576607 
2.933330 0.086046 0.005296 0.433346 -0.440371 0.831371 0.575110 
2.966670 0.085620 0.022633 0.399853 -0.422223 0.833495 0.574138 
3.000000 0.087243 0.034630 0.179504 -0.412378 0.836557 0.574159 
3.033330 0.087466 0.033568 -0.134443 -0.408111 0.840220 0.574782 
3.066670 0.083153 0.028116 -0.411081 -0.423964 0.843387 0.573587 
3.100000 0.076533 0.023791 -0.635277 -0.441622 0.844890 0.573822 
3.133330 0.071279 0.014839 -0.877282 -0.463612 0.849296 0.572393 
3.166670 0.073730 -0.000332 -1.047467 -0.485934 0.850271 0.574010 
3.200000 0.082445 -0.006963 -0.865854 -0.540423 0.852019 0.569616 
3.233330 0.084559 -0.005124 -0.275016 -0.559107 0.855484 0.569882 
3.266670 0.077137 0.000235 0.297626 -0.566727 0.857158 0.567294 
3.300000 0.073184 -0.001569 0.405069 -0.516095 0.859463 0.565726 
3.333330 0.081425 -0.004832 0.198445 -0.520184 0.861134 0.566657 
3.366670 0.093432 -0.005435 0.180470 -0.529858 0.863922 0.562390 
3.400000 0.096283 0.002353 0.458550 -0.518377 0.866522 0.562370 
3.433330 0.090508 0.014421 0.665919 -0.492531 0.869661 0.559456 
3.466670 0.087029 0.021995 0.464636 -0.464887 0.872341 0.560264 
3.500000 0.092206 0.027073 -0.156847 -0.464152 0.875674 0.559227 
3.533330 0.099843 0.030875 -0.880132 -0.458833 0.877540 0.558421 
3.566670 0.094704 0.033985 -1.288351 -0.537858 0.883042 0.557352 
3.600000 0.085175 0.015936 -1.236590 -0.558622 0.885432 0.558355 
3.633330 0.083035 0.002729 -0.852429 -0.602175 0.887800 0.555659 
3.666670 0.088635 0.006650 -0.339424 -0.624920 0.888924 0.553739 
3.700000 0.088971 0.015136 -0.011285 -0.642045 0.892615 0.553382 
3.733330 0.086254 0.006111 -0.004759 -0.583961 0.896928 0.550630 
3.766670 0.094417 0.000521 0.017533 -0.643255 0.895955 0.551071 
3.800000 0.109956 -0.010957 0.269974 -0.637577 0.900430 0.547238 
3.833330 0.107714 -0.025444 0.521934 -0.579758 0.903664 0.545627 
3.866670 0.092245 -0.016382 0.622335 -0.600685 0.905760 0.542013 
3.900000 0.090036 0.008646 0.472809 -0.580894 0.907393 0.540013 
3.933330 0.113143 0.028935 -0.099331 -0.526333 0.909311 0.540169 
3.966670 0.130158 0.039689 -0.831933 -0.575266 0.915980 0.539080 
4.000000 0.122992 0.036201 -1.184837 -0.615753 0.919795 0.536518 
4.033330 0.102109 0.033453 -1.097767 -0.654004 0.922743 0.536142 
4.066670 0.087005 0.028103 -0.925755 -0.692010 0.926072 0.533760 
4.100000 0.086490 0.005320 -0.768669 -0.679566 0.929143 0.534592 
4.133330 0.092271 -0.011077 -0.446750 -0.774389 0.930519 0.531851 
4.166670 0.089773 -0.023485 -0.009417 -0.721890 0.933044 0.527721 
4.200000 0.084275 -0.010504 0.356954 -0.733626 0.933970 0.526603 
4.233330 0.089666 0.007475 0.610658 -0.732340 0.936857 0.524007 
4.266670 0.108487 0.017273 0.657545 -0.688359 0.938078 0.523525 
4.300000 0.123622 0.022241 0.413734 -0.667123 0.943278 0.520145 
4.333330 0.123481 0.025777 -0.009217 -0.676129 0.946539 0.518879 
4.366670 0.112591 0.025771 -0.494276 -0.672437 0.949862 0.517126 
4.400000 0.097053 0.027599 -0.906796 -0.687286 0.953794 0.515000 
4.433330 0.084055 0.031266 -1.018115 -0.747591 0.956215 0.514258 
4.466670 0.083371 0.028678 -0.821439 -0.770022 0.958861 0.513519 
4.500000 0.092357 0.022796 -0.601933 -0.789389 0.961665 0.511282 
4.533330 0.103045 0.008970 -0.520100 -0.804673 0.963790 0.510091 
4.566670 0.107738 -0.010227 -0.442526 -0.818962 0.967883 0.507624 
4.600000 0.102922 -0.016466 -0.243526 -0.853493 0.968188 0.503993 
4.633330 0.090974 -0.011281 0.014553 -0.824692 0.970341 0.500677 
4.666670 0.084642 0.002216 0.243298 -0.849036 0.972729 0.499304 
4.700000 0.088450 0.003252 0.398282 -0.819277 0.973866 0.497779 
4.733330 0.092817 0.005011 0.423501 -0.812377 0.976766 0.494879 
4.766670 0.090482 0.012890 0.302057 -0.794081 0.978886 0.492593 
4.800000 0.088288 0.026456 0.067535 -0.792010 0.981199 0.491202 
4.833330 0.093373 0.035769 -0.238515 -0.790207 0.984028 0.490602 
4.866670 0.105318 0.036828 -0.550921 -0.803093 0.987811 0.487589 
4.900000 0.120968 0.030016 -0.809867 -0.834708 0.990371 0.487528 
4.933330 0.126531 0.017041 -1.010801 -0.853640 0.994191 0.484653 
4.966670 0.107957 0.009030 -1.105067 -0.900523 0.997764 0.479183 
5.000000 0.082232 0.003734 -0.879568 -0.916617 0.999650 0.480064 
5.033330 0.072707 0.011583 -0.259224 -0.977058 0.999915 0.475913 
5.066670 0.078406 0.017730 0.268903 -0.968176 1.002510 0.475954 
5.100000 0.086373 0.008516 0.225368 -0.892584 1.005110 0.472360 
5.133330 0.090824 0.002560 -0.028349 -0.950636 1.006670 0.471865 
5.166670 0.095777 -0.002089 0.072634 -0.947853 1.008330 0.468134 
5.200000 0.101384 0.004117 0.391363 -0.930807 1.010080 0.465076 
5.233330 0.107187 0.013224 0.514581 -0.905907 1.012390 0.464168 
5.266670 0.108631 0.023354 0.338096 -0.905058 1.015800 0.459923 
5.300000 0.105775 0.030262 -0.044369 -0.877302 1.018100 0.458550 
5.333330 0.099034 0.037294 -0.518281 -0.912443 1.020700 0.456515 
5.366670 0.095375 0.025681 -0.928241 -0.907446 1.025590 0.454495 
5.400000 0.097148 0.012681 -1.082374 -0.971238 1.025890 0.452965 
5.433330 0.102969 0.002608 -0.934015 -0.997527 1.028710 0.450122 
5.466670 0.099657 0.002816 -0.700331 -1.027390 1.030560 0.446297 
5.500000 0.088929 0.004734 -0.581169 -1.039950 1.032310 0.444354 
5.533330 0.085203 0.004580 -0.424689 -1.046200 1.033810 0.441748 
5.566670 0.091985 0.006792 -0.023205 -1.095290 1.035130 0.440218 
5.600000 0.099844 0.003299 0.372380 -1.068480 1.037090 0.436147 
5.633330 0.101935 0.000675 0.456588 -1.018630 1.039000 0.433993 
5.666670 0.099264 0.007186 0.440448 -1.045820 1.039900 0.430901 
5.700000 0.092892 0.007584 0.499599 -1.036010 1.042930 0.428191 
5.733330 0.088749 0.007332 0.388074 -0.974361 1.045090 0.426320 
5.766670 0.097504 0.022861 0.013298 -1.004260 1.044350 0.422255 
5.800000 0.116144 0.028319 -0.432953 -0.994939 1.049760 0.423284 
5.833330 0.118827 0.025196 -0.820935 -1.020730 1.052140 0.417575 
5.866670 0.098866 0.020238 -1.047302 -1.046920 1.054490 0.414353 
5.900000 0.079428 0.018943 -1.045401 -1.101800 1.056420 0.413916 
5.933330 0.082583 0.014388 -0.967089 -1.124190 1.058280 0.410907 
5.966670 0.099708 0.011787 -0.934819 -1.143070 1.059080 0.409460 
6.000000 0.108315 0.010393 -0.746580 -1.183510 1.061590 0.404729 
6.033330 0.098814 0.000868 -0.259445 -1.223920 1.063220 0.402803 
6.066670 0.089516 -0.011330 0.048691 -1.192940 1.064500 0.398495 
