0.7 0.00413734 0.000768967 -0.0090345 0.127571 
0.733333 0.00438739 0.000796476 -0.00692063 0.124152 
0.766667 0.00460578 0.000833072 -0.00367272 0.125502 
0.8 0.00478571 0.000900349 -0.000778907 0.128045 
0.833333 0.00497242 0.000926315 0.000986992 0.130104 
0.866667 0.0051671 0.0010128 0.000625001 0.130166 
0.9 0.00523062 0.00107769 -0.00137835 0.128067 
0.933333 0.00520585 0.00125583 -0.0042564 0.124218 
0.966667 0.00515115 0.00136052 -0.00858459 0.117679 
1 0.00517452 0.00144179 -0.0141757 0.108213 
1.03333 0.00526689 0.00146253 -0.017912 0.0990718 
1.06667 0.00532377 0.00141531 -0.0194186 0.0913207 
1.1 0.00538941 0.0013018 -0.0203896 0.0837004 
1.13333 0.00559953 0.00121544 -0.0188874 0.0786769 
1.16667 0.00580016 0.00111643 -0.0161461 0.0756169 
1.2 0.00593678 0.00100929 -0.0126054 0.0744145 
1.23333 0.00604834 0.000979246 -0.00729428 0.0764823 
1.26667 0.00616793 0.000991337 -0.00356899 0.0784485 
1.3 0.00622362 0.00114054 -0.000527186 0.0808496 
1.33333 0.00630817 0.00131368 -0.000437261 0.08078 
1.36667 0.00641113 0.00142166 -0.00273135 0.0779262 
1.4 0.0064575 0.00158847 -0.00746654 0.071426 
1.43333 0.00655428 0.00175131 -0.013624 0.0616685 
1.46667 0.00669208 0.00175607 -0.0185054 0.0513649 
1.5 0.00677643 0.00169789 -0.0219039 0.0411846 
1.53333 0.00685686 0.00153493 -0.022742 0.0328939 
1.56667 0.00699374 0.0015349 -0.0226699 0.0253984 
1.6 0.00708407 0.00148339 -0.0194967 0.0215876 
1.63333 0.00714805 0.00143509 -0.0161962 0.0189848 
1.66667 0.00729504 0.00131289 -0.0132377 0.0170785 
1.7 0.00742004 0.00132368 -0.0107106 0.0156491 
1.73333 0.00757746 0.00135604 -0.00742222 0.0159606 
1.76667 0.00762442 0.00147989 -0.00617719 0.0149563 
1.8 0.00774768 0.00162967 -0.00828003 0.0104149 
1.83333 0.00790245 0.00181267 -0.0115124 0.00383921 
1.86667 0.00801549 0.00195663 -0.0155695 -0.00478755 
1.9 0.00794325 0.00204522 -0.0209073 -0.0162784 
1.93333 0.00803974 0.00204557 -0.0245279 -0.0275215 
1.96667 0.00817076 0.00198223 -0.0269481 -0.0385544 
2 0.00826652 0.00191133 -0.0272198 -0.0478578 
2.03333 0.00847491 0.00178473 -0.0255633 -0.0549757 
2.06667 0.00859367 0.00165908 -0.0240026 -0.0616545 
2.1 0.00869081 0.001651 -0.0199895 -0.064918 
2.13333 0.0088395 0.00160252 -0.0168263 -0.0678471 
2.16667 0.00888221 0.00162545 -0.0140002 -0.0701198 
2.2 0.00887809 0.00171396 -0.0126617 -0.0732065 
2.23333 0.00894065 0.00187296 -0.013662 -0.0786079 
2.26667 0.00905011 0.00208461 -0.015761 -0.0856397 
2.3 0.0089638 0.00216546 -0.0197641 -0.0956189 
2.33333 0.00894499 0.00224552 -0.0248268 -0.108183 
2.36667 0.00894932 0.00226968 -0.0277949 -0.119963 
2.4 0.00893922 0.0022679 -0.0295578 -0.131309 
2.43333 0.00893884 0.00211619 -0.0305912 -0.142381 
2.46667 0.0089086 0.00197334 -0.0295858 -0.151391 
2.5 0.00892037 0.00181795 -0.0289267 -0.160475 
2.53333 0.00900199 0.00166377 -0.0243153 -0.164674 
2.56667 0.00905065 0.00155195 -0.0189269 -0.166418 
2.6 0.00901431 0.00151558 -0.013655 -0.166504 
2.63333 0.00910719 0.00156731 -0.0102865 -0.167079 
2.66667 0.00916447 0.00171693 -0.00945511 -0.169526 
2.7 0.00915765 0.00191039 -0.0123803 -0.176131 
2.73333 0.00918785 0.00206996 -0.015746 -0.184231 
2.76667 0.00915306 0.00216889 -0.0213332 -0.196075 
2.8 0.0091601 0.00219531 -0.0252443 -0.207803 
2.83333 0.00915043 0.00219065 -0.0293543 -0.22107 
2.86667 0.00913984 0.00208617 -0.0301497 -0.231793 
2.9 0.00915995 0.00194354 -0.0283578 -0.239728 
2.93333 0.00918592 0.00177285 -0.026953 -0.247522 
2.96667 0.00917108 0.00163259 -0.0243367 -0.253418 
3 0.00913438 0.00148695 -0.0208644 -0.257432 
3.03333 0.00928386 0.00138705 -0.0150347 -0.257505 
3.06667 0.00939039 0.00136232 -0.0103964 -0.257041 
3.1 0.00954764 0.00145589 -0.0091177 -0.258997 
3.13333 0.00959397 0.00158637 -0.0095793 -0.262581 
3.16667 0.00970268 0.00173744 -0.0118123 -0.26841 
3.2 0.00984743 0.00195285 -0.0156601 -0.27689 
3.23333 0.0100008 0.00212046 -0.0200217 -0.287258 
3.26667 0.0100647 0.00226319 -0.0258904 -0.30086 
3.3 0.0101252 0.00232675 -0.0289891 -0.313148 
3.33333 0.0102588 0.00228607 -0.0305253 -0.324624 
3.36667 0.0103164 0.00216919 -0.0301384 -0.334343 
3.4 0.0104198 0.00198717 -0.027289 -0.341025 
3.43333 0.0104872 0.00181167 -0.0238323 -0.346041 
3.46667 0.0105865 0.00166534 -0.0195467 -0.348926 
3.5 0.0106248 0.00157213 -0.013839 -0.348704 
3.53333 0.0106793 0.00162154 -0.0112138 -0.350218 
3.56667 0.0107216 0.00170183 -0.0105829 -0.353211 
3.6 0.0108427 0.00192478 -0.0124216 -0.358909 
3.63333 0.0110634 0.00206537 -0.0156642 -0.366878 
3.66667 0.0111577 0.00225244 -0.0198739 -0.377068 
3.7 0.0112987 0.00230304 -0.0225199 -0.386817 
3.73333 0.0115198 0.00236562 -0.0257117 -0.398091 
3.76667 0.0116239 0.00235944 -0.0282034 -0.409603 
3.8 0.0117667 0.00232336 -0.0284626 -0.41931 
3.83333 0.0118911 0.00219212 -0.0271879 -0.427293 
3.86667 0.012057 0.00207828 -0.0254679 -0.434325 
3.9 0.0122315 0.00203099 -0.0216311 -0.438285 
3.93333 0.0123257 0.00190943 -0.0173822 -0.44048 
3.96667 0.0123204 0.0018917 -0.0133905 -0.441562 
4 0.0123474 0.00192795 -0.012041 -0.444432 
4.03333 0.0124564 0.00197564 -0.0138972 -0.450637 
4.06667 0.0124663 0.00211058 -0.0183844 -0.460567 
4.1 0.0125975 0.00228646 -0.019477 -0.467984 
4.13333 0.0125703 0.0023729 -0.0249827 -0.480976 
4.16667 0.0126091 0.00239405 -0.026755 -0.491396 
4.2 0.0126919 0.00235143 -0.0280978 -0.501899 
4.23333 0.0127704 0.0023621 -0.0300678 -0.513591 
4.26667 0.0129408 0.00218131 -0.0285033 -0.521766 
