0.242 25 20 
0.353 25 20 
0.445 25 20 
0.539 25 20 
0.633 25 20 
0.727 25 20 
0.82 25 20 
0.898 25 20 
0.96 25 20 
1.04 25 20 
1.118 25 20 
1.179 25 20 
1.243 25 20 
1.321 25 20 
1.399 25 20 
1.492 25 20 
1.571 25 20 
1.649 25 20 
1.726 25 20 
1.82 25 20 
1.931 25 20 
2.008 25 20 
2.102 25 20 
2.195 25 20 
2.29 25 20 
2.352 25 20 
2.415 25 20 
2.492 25 20 
2.586 25 20 
2.649 25 20 
2.71 25 20 
2.79 25 20 
2.898 25 20 
2.992 25 20 
3.055 25 20 
3.117 25 20 
3.18 25 20 
3.243 25 20 
3.351 25 20 
3.431 25 20 
3.524 25 20 
3.603 25 20 
3.727 25 20 
3.789 25 20 
3.852 25 20 
3.931 25 20 
4.039 25 20 
4.133 25 20 
4.21 25 20 
4.288 25 20 
4.352 25 20 
4.429 25 20 
4.493 25 20 
4.585 25 20 
4.664 25 20 
4.742 25 20 
4.804 25 20 
4.898 25 20 
4.962 25 20 
5.023 25 20 
5.117 25 20 
5.18 25 20 
5.258 25 20 
5.337 25 20 
5.415 25 20 
5.493 25 20 
5.555 25 20 
5.634 25 20 
5.695 25 20 
5.759 25 20 
5.821 25 20 
5.914 25 20 
5.977 25 20 
6.071 25 20 
6.164 25 20 
6.227 25 20 
6.29 25 20 
6.352 25 20 
6.415 25 20 
6.524 25 20 
6.587 25 20 
6.664 25 20 
6.726 25 20 
6.821 25 20 
6.898 25 20 
6.993 25 20 
7.055 25 20 
7.117 25 20 
7.18 25 20 
7.275 25 20 
7.368 25 20 
7.461 25 20 
7.524 25 20 
7.587 25 20 
7.649 25 20 
7.727 25 20 
7.789 25 20 
7.867 25 20 
7.96 25 20 
8.04 25 20 
8.133 25 20 
8.211 25 20 
8.289 25 20 
8.351 25 20 
8.414 25 20 
8.492 25 20 
8.555 25 20 
8.634 25 20 
8.727 25 20 
8.821 25 20 
8.899 25 20 
8.992 25 20 
9.056 25 20 
9.134 25 20 
9.227 25 20 
9.305 25 20 
9.383 25 20 
9.46 25 20 
9.554 25 20 
9.632 25 20 
9.695 25 20 
9.757 25 20 
9.82 25 20 
9.883 25 20 
9.962 25 20 
10.055 25 20 
10.133 25 20 
10.258 25 20 
10.321 25 20 
10.384 25 20 
10.446 25 20 
10.555 25 20 
10.634 25 20 
10.742 25 20 
