0.7 0.00500952 -0.000575145 -0.00296026 -0.218775 
0.733333 0.00527116 -0.000619098 -0.000329933 -0.218415 
0.766667 0.00548333 -0.00058387 0.00377763 -0.213606 
0.8 0.00564511 -0.000726495 0.00399654 -0.212518 
0.833333 0.00571731 -0.000687832 0.00691392 -0.207507 
0.866667 0.0057673 -0.000666686 0.0054981 -0.206783 
0.9 0.00578502 -0.000510722 0.00409229 -0.206549 
0.933333 0.0058601 -0.000357286 0.00174309 -0.20792 
0.966667 0.00581224 -0.000155599 -0.000401045 -0.209862 
1 0.00586509 -2.59902e-005 -0.0052986 -0.215786 
1.03333 0.00577183 -8.67254e-006 -0.00895058 -0.22187 
1.06667 0.00573519 -8.72745e-005 -0.00979294 -0.22585 
1.1 0.00567392 -0.00033603 -0.0114198 -0.231036 
1.13333 0.00568295 -0.000338797 -0.0071197 -0.229767 
1.16667 0.0058052 -0.000473386 -0.00272976 -0.226958 
1.2 0.00580998 -0.000607377 0.00109009 -0.223359 
1.23333 0.00584894 -0.000653293 0.00596288 -0.217243 
1.26667 0.00589201 -0.000606202 0.0108103 -0.209533 
1.3 0.00595716 -0.000495299 0.013147 -0.203171 
1.33333 0.00586593 -0.000378459 0.0128363 -0.199156 
1.36667 0.0058959 -0.000278739 0.0102572 -0.197921 
1.4 0.00596281 -0.000206764 0.00541205 -0.200222 
1.43333 0.00601613 -6.3751e-005 0.000972752 -0.203658 
1.46667 0.00605026 -4.20353e-005 -0.00277261 -0.207755 
1.5 0.00612972 -7.02522e-005 -0.00914929 -0.216207 
1.53333 0.00618651 4.80661e-005 -0.00907148 -0.219165 
1.56667 0.00631448 -6.57385e-005 -0.0106096 -0.224004 
1.6 0.00643294 -0.000189885 -0.00774875 -0.224164 
1.63333 0.00652783 -0.000303687 -0.0049868 -0.223486 
1.66667 0.00654597 -0.000417286 -0.00134898 -0.220854 
1.7 0.00666435 -0.000550332 0.00224299 -0.217064 
1.73333 0.00675763 -0.000591442 0.00659137 -0.211183 
1.76667 0.0067823 -0.000720313 0.00961949 -0.205411 
1.8 0.00673484 -0.000659429 0.0106786 -0.200955 
1.83333 0.00687481 -0.000474674 0.0118277 -0.196039 
1.86667 0.00690065 -0.00040119 0.00858058 -0.195929 
1.9 0.00685609 -0.000345711 0.00283925 -0.199846 
1.93333 0.0068477 -0.000161613 9.28883e-005 -0.202142 
1.96667 0.00696048 -0.000152592 -0.0055297 -0.208748 
2 0.00701265 -7.32245e-005 -0.0080455 -0.213561 
2.03333 0.00710521 -0.000113996 -0.0122462 -0.221202 
2.06667 0.00729908 -7.26418e-005 -0.0126413 -0.22575 
2.1 0.00731919 -0.000149706 -0.0109996 -0.228026 
2.13333 0.00734482 -0.000240047 -0.00804892 -0.228209 
2.16667 0.00737307 -0.000367357 -0.00372905 -0.225793 
2.2 0.00745179 -0.000425018 0.00032798 -0.222247 
2.23333 0.00740926 -0.000558804 0.0055176 -0.216011 
2.26667 0.00752629 -0.000704294 0.00722285 -0.212159 
2.3 0.00756278 -0.000609278 0.0094771 -0.20709 
2.33333 0.00755407 -0.00052485 0.00908855 -0.20439 
2.36667 0.00766819 -0.000404553 0.00902105 -0.20144 
2.4 0.00774686 -0.000263868 0.0068412 -0.201007 
2.43333 0.00784845 -0.000182325 0.00325275 -0.202962 
2.46667 0.00785543 -0.000110074 -0.00262462 -0.208816 
2.5 0.00786207 -4.04618e-005 -0.00708638 -0.214958 
2.53333 0.00804192 -5.3849e-005 -0.00976867 -0.220486 
2.56667 0.00819506 -2.42565e-005 -0.00888705 -0.222702 
2.6 0.00824234 -0.000121883 -0.00733876 -0.223836 
2.63333 0.00819731 -0.000182833 -0.00323338 -0.221436 
2.66667 0.00830698 -0.000324224 0.000232822 -0.218422 
2.7 0.00829832 -0.000405287 0.00656067 -0.210875 
2.73333 0.00835593 -0.000531117 0.0101696 -0.204428 
2.76667 0.00838359 -0.000689637 0.0132849 -0.197361 
2.8 0.00840844 -0.000785657 0.0144893 -0.191511 
2.83333 0.00832597 -0.000721433 0.0150043 -0.186073 
2.86667 0.00832669 -0.000651207 0.0147155 -0.181412 
2.9 0.00834633 -0.000546042 0.0109872 -0.180908 
2.93333 0.00846544 -0.000437821 0.00547104 -0.183757 
2.96667 0.00866229 -0.000216354 0.00266643 -0.185244 
3 0.00872982 -0.000120673 -0.00202834 -0.189898 
3.03333 0.00886358 -0.000179621 -0.00554412 -0.194724 
3.06667 0.00912619 -0.000211078 -0.00547518 -0.196491 
3.1 0.00917574 -0.000350505 -0.00559927 -0.198462 
3.13333 0.00921677 -0.000541223 -0.00439426 -0.198906 
3.16667 0.00911466 -0.000625468 -0.00102464 -0.196393 
3.2 0.00918928 -0.000840334 0.00355566 -0.191328 
3.23333 0.00925171 -0.000835593 0.0092462 -0.183425 
3.26667 0.00922989 -0.000932319 0.0130204 -0.175888 
3.3 0.00924525 -0.00100463 0.0124781 -0.172188 
3.33333 0.0092789 -0.000918171 0.0120302 -0.168557 
3.36667 0.00951132 -0.000789114 0.0107906 -0.16601 
3.4 0.00947828 -0.000704378 0.0075972 -0.166183 
3.43333 0.00952656 -0.000567997 0.00229408 -0.169911 
3.46667 0.00959884 -0.000445734 -0.00152597 -0.173656 
3.5 0.00962175 -0.000213968 -0.00293176 -0.175824 
3.53333 0.009608 -0.000184447 -0.00574237 -0.180119 
3.56667 0.00973412 -0.00024921 -0.00591146 -0.182233 
3.6 0.00976778 -0.000375582 -0.00624631 -0.184598 
3.63333 0.00981553 -0.000489338 -0.00283204 -0.18265 
3.66667 0.00985777 -0.000642102 0.00272535 -0.177034 
3.7 0.00986431 -0.000911833 0.00418262 -0.174405 
3.73333 0.0098161 -0.000995929 0.00857919 -0.167821 
3.76667 0.00978204 -0.00103315 0.0112588 -0.161798 
3.8 0.00968024 -0.00105165 0.0111495 -0.158174 
3.83333 0.00967233 -0.000902682 0.0119576 -0.153504 
3.86667 0.00975902 -0.000742793 0.010193 -0.151601 
3.9 0.0098906 -0.00073701 0.00543845 -0.153816 
3.93333 0.00994644 -0.000570114 0.00267519 -0.155265 
3.96667 0.0101155 -0.000500976 -0.00195116 -0.159834 
4 0.0101539 -0.000368499 -0.00589521 -0.165141 
4.03333 0.0101541 -0.000307405 -0.00620729 -0.167474 
4.06667 0.0102401 -0.000391384 -0.00705989 -0.17055 
4.1 0.0101748 -0.000526151 -0.00582807 -0.171449 
4.13333 0.0103313 -0.000636296 -0.00424185 -0.171519 
4.16667 0.0104532 -0.000695911 0.000356201 -0.167505 
4.2 0.0104349 -0.000783737 0.00443729 -0.162569 
4.23333 0.0105566 -0.000923461 0.00641761 -0.158752 
4.26667 0.0107499 -0.000942777 0.0101312 -0.152229 
4.3 0.0109512 -0.000920963 0.00967033 -0.149396 
4.33333 0.0110818 -0.000785221 0.00934657 -0.146555 
4.36667 0.0111546 -0.000722045 0.00678539 -0.146463 
4.4 0.0112087 -0.000572391 0.00187052 -0.150003 
4.43333 0.0112483 -0.000431151 -0.000617316 -0.152316 
4.46667 0.0113176 -0.000302128 -0.00278564 -0.155081 
4.5 0.0113302 -0.000280415 -0.00621684 -0.16006 
4.53333 0.0113861 -0.000265403 -0.00589678 -0.161755 
4.56667 0.0113992 -0.000347513 -0.00482089 -0.16245 
4.6 0.0113865 -0.000487985 -0.0020691 -0.160809 
4.63333 0.0114126 -0.000607095 0.00198086 -0.156718 
4.66667 0.0114722 -0.000712506 0.00508276 -0.152396 
4.7 0.0116588 -0.000821489 0.00716487 -0.148244 
4.73333 0.0117219 -0.000828955 0.0107851 -0.141582 
4.76667 0.011818 -0.000835768 0.0119475 -0.136615 
4.8 0.0117924 -0.000756307 0.0127199 -0.13172 
4.83333 0.011822 -0.000656085 0.010074 -0.130604 
4.86667 0.0118207 -0.000520569 0.00871774 -0.128847 
4.9 0.0118335 -0.000444152 0.0042203 -0.13125 
4.93333 0.0119651 -0.000379781 -0.00108697 -0.136108 
4.96667 0.0119601 -0.00030699 -0.00417981 -0.140122 
5 0.0117899 -0.000300685 -0.0072474 -0.145136 
5.03333 0.0117129 -0.000420333 -0.00633731 -0.146477 
5.06667 0.0117141 -0.000602087 -0.00541874 -0.147506 
5.1 0.0117619 -0.000669195 -0.00372382 -0.147311 
5.13333 0.0117384 -0.000773364 -0.000925055 -0.145248 
5.16667 0.0116909 -0.000833688 0.00305544 -0.140858 
5.2 0.0116796 -0.000981613 0.00502382 -0.137516 
5.23333 0.0117208 -0.000943948 0.0100988 -0.12985 
5.26667 0.0117105 -0.000847391 0.0106317 -0.125855 
5.3 0.0117148 -0.000724255 0.00786643 -0.125576 
5.33333 0.0117063 -0.00054504 0.00582946 -0.125358 
5.36667 0.0117284 -0.000344574 0.00344656 -0.126228 
5.4 0.0117398 -0.000220567 0.000158101 -0.128961 
5.43333 0.0116301 -7.02163e-005 -0.00245297 -0.13199 
5.46667 0.0115779 -7.28182e-006 -0.00476375 -0.135536 
5.5 0.0116052 -6.89173e-005 -0.00715182 -0.139943 
5.53333 0.0116926 -0.000170942 -0.00836419 -0.143758 
5.56667 0.0117329 -0.000299035 -0.00683076 -0.144736 
5.6 0.0117712 -0.000426416 -0.00330187 -0.142847 
5.63333 0.0117549 -0.000575932 0.000711983 -0.139209 
5.66667 0.0117188 -0.000654865 0.00450486 -0.134495 
5.7 0.0117192 -0.000742261 0.00714536 -0.129876 
5.73333 0.0119063 -0.000721723 0.0110318 -0.122907 
5.76667 0.0119013 -0.000562821 0.0114902 -0.118688 
5.8 0.0119452 -0.000327722 0.0116005 -0.114728 
5.83333 0.0119459 -0.000184979 0.00897214 -0.113964 
5.86667 0.0120423 8.26474e-006 0.00667323 -0.113687 
5.9 0.0122514 0.000124552 0.00153513 -0.117528 
5.93333 0.012389 0.000214238 -0.00205297 -0.121252 
5.96667 0.0124511 0.000174257 -0.00544304 -0.125938 
6 0.0124901 0.000159175 -0.00491797 -0.127132 
6.03333 0.0125621 -3.93147e-005 -0.00425923 -0.127994 
6.06667 0.0126819 -0.000164258 -0.00279234 -0.127682 
6.1 0.0127328 -0.000301182 -0.000954134 -0.126443 
6.13333 0.0127675 -0.000390233 0.00198491 -0.123292 
6.16667 0.0128474 -0.000511948 0.00635822 -0.117467 
6.2 0.0130224 -0.000601895 0.0093864 -0.111773 
6.23333 0.0130574 -0.000519193 0.0120764 -0.105469 
6.26667 0.0130884 -0.000402697 0.0124299 -0.101026 
6.3 0.0131234 -0.000270015 0.00973672 -0.100062 
6.33333 0.0131812 -0.000118675 0.00631816 -0.100852 
6.36667 0.0132326 2.71233e-005 0.00393038 -0.101565 
6.4 0.0132803 0.000124028 0.000446728 -0.104367 
6.43333 0.013275 0.000202767 -0.00324141 -0.108572 
6.46667 0.0133184 0.000223004 -0.00615103 -0.113087 
6.5 0.0133869 0.00018368 -0.0079569 -0.117269 
6.53333 0.0134519 6.46025e-006 -0.00828186 -0.120305 
6.56667 0.0134753 -0.000197148 -0.0047815 -0.118934 
6.6 0.0134402 -0.000386301 -0.00168217 -0.116869 
6.63333 0.0132777 -0.000482569 0.00291418 -0.112004 
6.66667 0.0132167 -0.000519792 0.00809793 -0.104913 
6.7 0.0131986 -0.000488806 0.0118653 -0.0977665 
6.73333 0.0132154 -0.000464782 0.0117272 -0.0939744 
6.76667 0.0132389 -0.000325026 0.0113227 -0.0905428 
6.8 0.0132862 -0.000149033 0.00975912 -0.0886144 
6.83333 0.0133661 -2.49283e-005 0.00735149 -0.0882034 
6.86667 0.0135063 9.02839e-005 0.0041917 -0.0894829 
6.9 0.0134892 0.000197604 -0.000683949 -0.0938412 
6.93333 0.0135044 0.000263296 -0.00567021 -0.0999553 
6.96667 0.0135049 0.000146909 -0.00734363 -0.103821 
7 0.0136067 1.7891e-005 -0.00545542 -0.10404 
7.03333 0.013771 -0.000146825 -0.00113937 -0.100763 
