0.277 20 0 
0.372 20 0 
0.481 20 0 
0.589 20 0 
0.714 20 0 
0.809 20 0 
0.919 20 0 
1.013 20 0 
1.106 20 0 
1.2 20 0 
1.294 20 0 
1.355 20 0 
1.435 20 0 
1.527 20 0 
1.59 20 0 
1.668 20 0 
1.745 20 0 
1.824 20 0 
1.887 20 0 
1.949 20 0 
2.011 20 0 
2.089 20 0 
2.153 20 0 
2.215 20 0 
2.278 20 0 
2.356 20 0 
2.418 20 0 
2.496 20 0 
2.558 20 0 
2.622 20 0 
2.683 20 0 
2.746 20 0 
2.808 20 0 
2.888 20 0 
2.966 20 0 
3.027 20 0 
3.091 20 0 
3.152 20 0 
3.214 20 0 
3.292 20 0 
3.355 20 0 
3.418 20 0 
3.48 20 0 
3.558 20 0 
3.622 20 0 
3.699 20 0 
3.761 20 0 
3.824 20 0 
3.886 20 0 
3.95 20 0 
4.011 20 0 
4.105 20 0 
4.184 20 0 
4.262 20 0 
4.325 20 0 
4.388 20 0 
4.449 20 0 
4.527 20 0 
4.605 20 0 
4.683 20 0 
4.745 20 0 
4.825 20 0 
4.886 20 0 
4.965 20 0 
5.028 20 0 
5.09 20 0 
5.153 20 0 
5.215 20 0 
5.293 20 0 
5.372 20 0 
5.449 20 0 
5.527 20 0 
5.574 20 0 
5.652 20 0 
5.732 20 0 
5.793 20 0 
5.857 20 0 
5.918 20 0 
5.981 20 0 
6.059 20 0 
6.121 20 0 
6.185 20 0 
6.262 20 0 
6.324 20 0 
6.386 20 0 
6.45 20 0 
6.527 20 0 
6.59 20 0 
6.652 20 0 
6.715 20 0 
6.778 20 0 
6.839 20 0 
6.919 20 0 
6.981 20 0 
7.058 20 0 
7.121 20 0 
7.183 20 0 
7.246 20 0 
7.323 20 0 
7.387 20 0 
7.449 20 0 
7.527 20 0 
7.573 20 0 
7.652 20 0 
7.731 20 0 
7.793 20 0 
7.856 20 0 
7.918 20 0 
7.981 20 0 
8.043 20 0 
8.137 20 0 
8.215 20 0 
8.277 20 0 
8.356 20 0 
8.418 20 0 
8.497 20 0 
8.558 20 0 
8.621 20 0 
8.684 20 0 
8.747 20 0 
8.809 20 0 
8.902 20 0 
8.965 20 0 
9.027 20 0 
9.09 20 0 
9.153 20 0 
9.216 20 0 
9.294 20 0 
9.355 20 0 
9.419 20 0 
9.48 20 0 
9.544 20 0 
9.605 20 0 
9.7 20 0 
9.762 20 0 
9.824 20 0 
9.887 20 0 
9.95 20 0 
10.011 20 0 
10.091 20 0 
10.153 20 0 
10.215 20 0 
10.293 20 0 
10.356 20 0 
10.417 20 0 
10.497 20 0 
10.558 20 0 
10.621 20 0 
10.683 20 0 
10.746 20 0 
10.825 20 0 
10.887 20 0 
10.949 20 0 
11.028 20 0 
11.091 20 0 
11.152 20 0 
11.215 20 0 
11.293 20 0 
11.371 20 0 
11.448 20 0 
11.527 20 0 
11.621 20 0 
11.699 20 0 
11.761 20 0 
11.825 20 0 
11.887 20 0 
11.95 20 0 
12.013 20 0 
12.09 20 0 
12.152 20 0 
12.216 20 0 
12.278 20 0 
12.355 20 0 
12.418 20 0 
12.497 20 0 
12.558 20 0 
12.621 20 0 
12.683 20 0 
12.761 20 0 
12.841 20 0 
12.918 20 0 
12.996 20 0 
13.059 20 0 
13.122 20 0 
13.185 20 0 
13.246 20 0 
13.324 20 0 
13.387 20 0 
13.464 20 0 
13.543 20 0 
13.622 20 0 
13.7 20 0 
13.762 20 0 
13.825 20 0 
13.887 20 0 
13.948 20 0 
14.011 20 0 
14.089 20 0 
14.153 20 0 
14.215 20 0 
14.294 20 0 
14.356 20 0 
14.418 20 0 
14.496 20 0 
14.559 20 0 
14.621 20 0 
14.683 20 0 
14.761 20 0 
14.839 20 0 
14.933 20 0 
14.98 20 0 
15.059 20 0 
15.121 20 0 
15.183 20 0 
15.246 20 0 
15.324 20 0 
15.388 20 0 
