0.266667 0.078507 0.018597 0.710089 -0.148175 0.407957 0.405983 
0.300000 0.078496 0.025147 0.018373 -0.140874 0.413128 0.407124 
0.333333 0.064309 0.020420 -0.505573 -0.169950 0.415962 0.406804 
0.366667 0.056849 0.011348 -0.684408 -0.178135 0.415681 0.408244 
0.400000 0.060268 0.007679 -0.744866 -0.218749 0.418907 0.405923 
0.433333 0.059705 -0.002506 -0.863555 -0.211712 0.420943 0.408074 
0.466667 0.050513 -0.016663 -0.871943 -0.271743 0.422944 0.405725 
0.500000 0.043810 -0.032074 -0.526859 -0.285090 0.423890 0.405418 
0.533333 0.050378 -0.034761 0.068364 -0.315785 0.424619 0.403033 
0.566667 0.063561 -0.026468 0.589042 -0.269812 0.426281 0.402271 
0.600000 0.073751 -0.006496 0.905189 -0.261934 0.427921 0.400002 
0.633333 0.071756 0.007371 1.046876 -0.234704 0.431697 0.399623 
0.666667 0.064574 0.007065 1.002135 -0.174917 0.433000 0.401210 
0.700000 0.059808 0.007564 0.784285 -0.165333 0.435274 0.399080 
0.733333 0.055476 0.008629 0.407280 -0.144835 0.436671 0.399051 
0.766667 0.046073 0.004118 -0.132347 -0.109226 0.439810 0.401557 
0.800000 0.038065 0.002069 -0.703715 -0.168644 0.440137 0.398084 
0.833333 0.043517 0.000404 -1.069578 -0.151919 0.441358 0.400364 
0.866667 0.057864 0.006360 -1.034959 -0.234962 0.442875 0.399219 
0.900000 0.064836 0.012679 -0.644567 -0.244663 0.445369 0.399241 
0.933333 0.058922 0.018942 -0.256470 -0.271115 0.448081 0.397996 
0.966667 0.053577 0.007768 -0.142465 -0.244687 0.449149 0.400204 
1.000000 0.053912 -0.017060 -0.174495 -0.278514 0.451068 0.398365 
1.033330 0.053720 -0.042045 -0.061366 -0.274719 0.452497 0.397826 
1.066670 0.056983 -0.040503 0.374647 -0.257504 0.455511 0.395023 
1.100000 0.076801 -0.010860 0.946587 -0.292226 0.453006 0.391830 
1.133330 0.093602 -0.003010 1.095646 -0.190821 0.458914 0.394224 
1.166670 0.083383 -0.010676 0.705359 -0.149922 0.463314 0.392836 
1.200000 0.059830 -0.004705 0.363807 -0.192557 0.463056 0.390128 
1.233330 0.046599 0.009776 0.304943 -0.150548 0.465287 0.391387 
1.266670 0.044290 0.018607 0.106901 -0.146167 0.467118 0.391323 
1.300000 0.052463 0.012445 -0.394789 -0.129853 0.469942 0.392564 
1.333330 0.073523 0.010589 -0.809690 -0.173589 0.468396 0.391742 
1.366670 0.090191 0.014534 -0.824730 -0.207550 0.474586 0.391147 
1.400000 0.086545 0.010541 -0.606368 -0.225528 0.476938 0.391967 
1.433330 0.075649 0.000988 -0.446519 -0.240933 0.479733 0.391798 
1.466670 0.071592 -0.003100 -0.311271 -0.234969 0.480478 0.389561 
1.500000 0.071457 -0.003541 -0.064836 -0.295162 0.484869 0.389471 
1.533330 0.071000 -0.025567 0.159307 -0.233718 0.485852 0.390251 
1.566670 0.073440 -0.038476 0.242269 -0.258388 0.488129 0.386613 
1.600000 0.073899 -0.032611 0.348208 -0.238470 0.490106 0.384669 
1.633330 0.074547 -0.011058 0.605962 -0.229759 0.492739 0.384131 
1.666670 0.074672 0.004221 0.840402 -0.213211 0.494128 0.382729 
1.700000 0.067684 -0.000273 0.764987 -0.161296 0.497628 0.383390 
1.733330 0.054519 -0.008742 0.354446 -0.149138 0.500171 0.383404 
1.766670 0.052611 -0.004365 -0.119273 -0.147741 0.500192 0.380650 
1.800000 0.067638 0.011089 -0.435125 -0.159456 0.502385 0.382227 
1.833330 0.081889 0.018933 -0.617200 -0.184074 0.505407 0.381630 
1.866670 0.082885 0.009766 -0.758881 -0.188413 0.508695 0.382644 
1.900000 0.078615 -0.000472 -0.809511 -0.236101 0.511304 0.380802 
1.933330 0.080422 -0.005735 -0.661305 -0.243059 0.512501 0.381857 
1.966670 0.084647 0.002693 -0.391025 -0.295886 0.516725 0.378340 
2.000000 0.085179 0.002484 -0.166116 -0.252054 0.518390 0.380390 
2.033330 0.082735 0.002175 0.052955 -0.297945 0.521947 0.377932 
2.066670 0.080774 -0.006184 0.390547 -0.273656 0.524083 0.378555 
2.100000 0.080679 -0.009524 0.771380 -0.257617 0.526581 0.375962 
2.133330 0.081599 -0.013118 0.990982 -0.229562 0.529099 0.376121 
2.166670 0.081650 -0.020884 0.910938 -0.187771 0.531911 0.374829 
2.200000 0.082552 -0.023113 0.588066 -0.156953 0.534531 0.373452 
2.233330 0.084142 -0.010177 0.226288 -0.157981 0.536041 0.372316 
2.266670 0.082366 0.006592 -0.048531 -0.148970 0.540548 0.370958 
2.300000 0.084242 0.015238 -0.220055 -0.146877 0.542754 0.373056 
2.333330 0.094961 0.018211 -0.315558 -0.179062 0.543956 0.371469 
2.366670 0.101728 0.013710 -0.462803 -0.164862 0.549951 0.372153 
2.400000 0.087933 0.008580 -0.760839 -0.203667 0.551481 0.371737 
2.433330 0.066356 -0.008318 -1.008465 -0.204319 0.555888 0.371244 
2.466670 0.067537 -0.017148 -0.823895 -0.277920 0.556745 0.371062 
2.500000 0.093337 -0.011617 -0.155608 -0.282861 0.556558 0.368720 
2.533330 0.107552 0.002341 0.556763 -0.281082 0.562882 0.367234 
2.566670 0.089592 -0.000872 0.882833 -0.232815 0.566863 0.367835 
2.600000 0.068913 -0.012838 0.856724 -0.213375 0.567966 0.366284 
2.633330 0.073905 -0.022993 0.790148 -0.183301 0.568751 0.365702 
2.666670 0.091887 -0.024556 0.754445 -0.176753 0.573079 0.363770 
2.700000 0.098027 -0.028710 0.518048 -0.129844 0.575740 0.362442 
2.733330 0.088911 -0.025857 0.089083 -0.110219 0.578544 0.362594 
2.766670 0.071089 -0.003860 -0.147991 -0.142462 0.581749 0.359073 
2.800000 0.059092 0.022737 -0.095857 -0.144956 0.583946 0.360209 
2.833330 0.072204 0.032444 -0.157588 -0.137988 0.584642 0.361657 
2.866670 0.105342 0.021146 -0.503602 -0.127029 0.588706 0.362366 
2.900000 0.131612 0.015359 -0.771866 -0.176683 0.592208 0.361809 
2.933330 0.134910 0.011742 -0.748304 -0.219636 0.597488 0.359987 
2.966670 0.125261 -0.011023 -0.589362 -0.190697 0.602551 0.362192 
3.000000 0.123957 -0.025482 -0.311182 -0.251340 0.604615 0.358599 
3.033330 0.124627 -0.034793 0.101452 -0.253056 0.608335 0.356657 
3.066670 0.105717 -0.036976 0.413253 -0.217928 0.613889 0.354903 
3.100000 0.074846 -0.029338 0.548358 -0.208236 0.615758 0.353122 
3.133330 0.059021 -0.017691 0.663770 -0.213434 0.616939 0.350643 
3.166670 0.065368 -0.014759 0.751506 -0.149034 0.618462 0.352728 
3.200000 0.082904 -0.012041 0.650702 -0.166483 0.622446 0.348558 
3.233330 0.100386 -0.012129 0.311774 -0.109002 0.623573 0.350759 
3.266670 0.114403 0.005085 -0.042752 -0.115259 0.628026 0.347906 
3.300000 0.115391 0.028757 -0.181830 -0.151418 0.632526 0.347973 
3.333330 0.104614 0.026683 -0.291984 -0.133499 0.634833 0.349986 
3.366670 0.091170 0.006698 -0.559758 -0.127272 0.641185 0.350326 
3.400000 0.089754 0.000419 -0.674966 -0.180556 0.640345 0.348529 
3.433330 0.095986 0.009511 -0.455618 -0.211853 0.644938 0.347981 
3.466670 0.092447 0.006754 -0.233670 -0.192603 0.648780 0.348361 
3.500000 0.080138 -0.011631 -0.123874 -0.190161 0.651863 0.348749 
3.533330 0.078907 -0.022488 0.166151 -0.239448 0.652547 0.346012 
3.566670 0.092519 -0.024596 0.643075 -0.184490 0.656460 0.344896 
3.600000 0.117214 -0.018943 0.933568 -0.179076 0.658738 0.343597 
3.633330 0.133086 -0.027076 0.788031 -0.133821 0.662881 0.343170 
3.666670 0.124213 -0.034017 0.354845 -0.096078 0.668429 0.340775 
3.700000 0.103054 -0.021130 0.004842 -0.132865 0.672042 0.338608 
3.733330 0.093444 -0.008761 -0.098505 -0.106488 0.673537 0.339185 
3.766670 0.103393 0.007162 -0.101521 -0.120552 0.677535 0.338251 
3.800000 0.114097 0.015849 -0.239180 -0.138203 0.681134 0.336958 
3.833330 0.114277 0.002029 -0.565327 -0.105488 0.685361 0.339573 
3.866670 0.108158 -0.007113 -0.788995 -0.171573 0.689239 0.337524 
3.900000 0.104662 -0.006717 -0.683837 -0.197761 0.691737 0.335701 
3.933330 0.103654 0.002420 -0.433917 -0.198363 0.695469 0.335849 
3.966670 0.102882 0.006727 -0.198257 -0.209531 0.699525 0.335441 
4.000000 0.104503 0.001639 0.100287 -0.231995 0.701991 0.334508 
4.033330 0.109869 -0.013482 0.408096 -0.202754 0.705793 0.334134 
4.066670 0.116333 -0.021650 0.545886 -0.201162 0.709705 0.332150 
4.100000 0.118756 -0.022677 0.583226 -0.147054 0.712638 0.331380 
4.133330 0.116485 -0.001776 0.707095 -0.182101 0.716846 0.328527 
4.166670 0.113752 0.002407 0.752826 -0.123548 0.722002 0.329614 
4.200000 0.122958 -0.005643 0.460453 -0.084004 0.723004 0.329724 
4.233330 0.137101 -0.005501 0.018541 -0.106192 0.729286 0.327817 
4.266670 0.135508 0.002831 -0.236076 -0.095944 0.733276 0.327551 
4.300000 0.119971 0.015500 -0.320520 -0.122163 0.738845 0.326769 
4.333330 0.114523 0.009038 -0.439926 -0.116568 0.741203 0.328776 
4.366670 0.123096 -0.002251 -0.587738 -0.131793 0.744586 0.327078 
4.400000 0.124055 -0.003796 -0.606399 -0.173958 0.750289 0.326223 
4.433330 0.110114 -0.007572 -0.492893 -0.183758 0.754097 0.324977 
4.466670 0.101370 -0.017214 -0.227927 -0.167327 0.756708 0.325921 
4.500000 0.107789 -0.014085 0.291524 -0.230088 0.759203 0.322498 
4.533330 0.111843 -0.020649 0.777642 -0.175481 0.764145 0.321466 
4.566670 0.110195 -0.033667 0.800961 -0.120790 0.767483 0.321955 
4.600000 0.119288 -0.035602 0.481326 -0.135461 0.770548 0.318504 
4.633330 0.139377 -0.025042 0.209158 -0.107757 0.774178 0.316840 
4.666670 0.150450 -0.000244 0.138242 -0.103280 0.778901 0.316763 
4.700000 0.133956 0.022713 0.197464 -0.118185 0.786549 0.315380 
4.733330 0.107094 0.026141 0.180363 -0.085433 0.787545 0.317428 
4.766670 0.093463 0.021253 -0.058732 -0.093476 0.792653 0.316981 
4.800000 0.101601 0.008845 -0.423147 -0.093488 0.794513 0.317825 
4.833330 0.122217 0.001235 -0.712477 -0.122488 0.798724 0.317330 
4.866670 0.137881 -0.001414 -0.806319 -0.143448 0.802762 0.316466 
4.900000 0.131604 -0.001789 -0.688838 -0.176417 0.807961 0.315831 
4.933330 0.106203 -0.012805 -0.388775 -0.190886 0.812010 0.314919 
4.966670 0.089538 -0.030862 0.061194 -0.194484 0.815739 0.313780 
5.000000 0.102931 -0.037825 0.509390 -0.206262 0.815142 0.312572 
5.033330 0.127124 -0.031624 0.680076 -0.151675 0.821523 0.308910 
5.066670 0.138243 -0.012472 0.542267 -0.139186 0.825073 0.308249 
5.100000 0.129402 -0.004281 0.409347 -0.127513 0.829920 0.308303 
5.133330 0.113788 -0.005976 0.458588 -0.128582 0.834019 0.306847 
5.166670 0.105530 -0.006662 0.508174 -0.087167 0.837279 0.306953 
5.200000 0.109244 0.011652 0.326024 -0.093801 0.840119 0.305085 
5.233330 0.115036 0.025936 -0.085272 -0.061449 0.844706 0.306666 
5.266670 0.112592 0.029199 -0.460915 -0.087583 0.848716 0.307223 
5.300000 0.110986 0.015768 -0.565623 -0.114639 0.852362 0.308284 
5.333330 0.118726 0.002347 -0.512167 -0.130675 0.855488 0.307208 
5.366670 0.127232 -0.000124 -0.506166 -0.126892 0.859947 0.307021 
5.400000 0.125116 0.008157 -0.481322 -0.163407 0.864417 0.305774 
5.433330 0.119868 0.002359 -0.341768 -0.184835 0.869266 0.305937 
5.466670 0.123426 -0.021289 -0.138083 -0.163433 0.870797 0.306465 
5.500000 0.129818 -0.031344 0.174045 -0.190428 0.876971 0.302321 
5.533330 0.127163 -0.028304 0.600434 -0.177420 0.880402 0.301359 
5.566670 0.121747 -0.019823 0.847736 -0.144002 0.883920 0.300050 
5.600000 0.119919 -0.014689 0.695654 -0.101894 0.888259 0.299029 
5.633330 0.121256 -0.008407 0.380321 -0.096391 0.892239 0.297796 
5.666670 0.123693 -0.001629 0.276367 -0.087163 0.895821 0.298347 
5.700000 0.123346 0.014137 0.381343 -0.092875 0.900243 0.296716 
5.733330 0.120728 0.029735 0.341850 -0.052932 0.904890 0.297867 
5.766670 0.123812 0.041435 -0.059128 -0.058871 0.908114 0.298308 
5.800000 0.143039 0.029909 -0.631420 -0.052060 0.913065 0.300979 
5.833330 0.167001 0.012094 -1.014669 -0.110701 0.917081 0.299790 
5.866670 0.171995 -0.014880 -0.992649 -0.122489 0.923955 0.300282 
5.900000 0.147157 -0.023863 -0.548134 -0.171667 0.930564 0.297885 
5.933330 0.116266 -0.020805 0.098846 -0.175727 0.932965 0.296014 
5.966670 0.108956 -0.012717 0.508539 -0.164545 0.936218 0.294445 
6.000000 0.120969 -0.020721 0.464722 -0.113863 0.940296 0.296060 
6.033330 0.131953 -0.024323 0.274737 -0.133596 0.944440 0.292128 
6.066670 0.134093 -0.019398 0.301889 -0.123814 0.949408 0.291565 
6.100000 0.139095 -0.006410 0.526993 -0.099630 0.952909 0.290604 
6.133330 0.149256 0.009608 0.700679 -0.094077 0.957439 0.290329 
6.166670 0.151352 0.017086 0.566333 -0.056703 0.963641 0.290157 
6.200000 0.139593 0.020310 0.052447 -0.038164 0.968192 0.290682 
6.233330 0.126166 0.017236 -0.539432 -0.051735 0.972687 0.291447 
6.266670 0.124574 0.009653 -0.760730 -0.079681 0.976436 0.291817 
6.300000 0.131217 0.007694 -0.554719 -0.122791 0.980380 0.290980 
6.333330 0.132502 0.003435 -0.362396 -0.119272 0.985595 0.290853 
6.366670 0.125794 -0.004454 -0.466189 -0.112069 0.989904 0.290516 
6.400000 0.124154 -0.008952 -0.535392 -0.148811 0.993701 0.290096 
6.433330 0.133315 -0.008706 -0.214086 -0.185380 0.996972 0.288145 
6.466670 0.142097 -0.015097 0.316480 -0.152266 1.002710 0.287649 
6.500000 0.142654 -0.018905 0.693612 -0.150878 1.006720 0.286342 
6.533330 0.136642 -0.022490 0.778428 -0.118850 1.011850 0.285074 
6.566670 0.129898 -0.015299 0.676995 -0.080530 1.015120 0.283152 
6.600000 0.123906 0.001613 0.636192 -0.077063 1.020540 0.283106 
6.633330 0.119675 0.012779 0.682777 -0.064635 1.023820 0.283438 
6.666670 0.122267 0.014797 0.499973 -0.019734 1.027990 0.283296 
6.700000 0.131834 0.017011 -0.024331 -0.007320 1.032140 0.283749 
6.733330 0.144920 0.018527 -0.528830 -0.030438 1.036750 0.284925 
6.766670 0.157490 0.014706 -0.705660 -0.058101 1.041670 0.284384 
6.800000 0.164508 0.007145 -0.696963 -0.081387 1.047570 0.285557 
6.833330 0.160688 -0.001220 -0.766636 -0.090590 1.052210 0.284078 
6.866670 0.146899 -0.005468 -0.820038 -0.122226 1.058910 0.283643 
6.900000 0.136112 -0.013411 -0.488045 -0.152586 1.062010 0.283167 
6.933330 0.142162 -0.018056 0.319332 -0.172674 1.067160 0.282204 
6.966670 0.149516 -0.023784 0.815870 -0.136775 1.070920 0.279018 
